       120        240 0 0 0 0 0 1 0
       540        660 1 1 1 1 1 0 0
       540        660 1 1 0 1 0 0 0
       600        720 1 1 1 1 0 0 0
      1020       1140 0 0 0 0 0 1 0
      1740       1860 1 1 0 1 0 0 0
      1740       1860 1 1 1 1 1 0 0
      1740       1860 0 0 0 1 0 0 0
      2040       2160 0 0 0 0 0 1 0
      2040       2160 0 0 0 0 0 1 0
      2340       2460 1 1 1 1 0 0 0
      2340       2460 1 1 1 1 1 0 0
      2340       2460 1 1 0 1 0 0 0
      2820       2940 0 0 0 0 0 1 0
      3540       3660 1 1 0 1 0 0 0
      3540       3660 1 1 1 1 1 0 0
      3720       3840 0 0 0 0 0 1 0
      4140       4260 0 0 0 1 0 0 0
      4140       4260 0 0 1 0 1 0 0
      4140       4260 1 1 0 1 0 0 0
      4140       4260 1 1 1 1 0 0 0
      4620       4740 0 0 0 0 0 1 0
      5340       5460 0 0 1 0 1 0 0
      5520       5640 0 0 0 0 0 1 0
      6540       6660 0 0 1 0 1 0 0
     18540      18660 1 1 1 1 1 0 0
     19140      19260 1 1 1 1 1 0 0
     19320      19440 0 0 0 0 0 1 0
     19740      19860 1 1 1 1 1 0 0
     20220      20340 0 0 0 0 0 1 0
     20340      20460 1 1 1 1 1 0 0
     20940      21060 1 1 1 1 1 0 0
     21120      21240 0 0 0 0 0 1 0
     21540      21660 1 1 1 1 1 0 0
     21780      21900 1 1 1 1 1 0 0
     22020      22140 0 0 0 0 0 1 0
     22140      22260 1 1 1 1 1 0 0
     22740      22860 1 1 1 1 1 0 0
     22920      23040 0 0 0 0 0 1 0
     23340      23460 1 1 1 1 1 0 0
     23340      23460 0 0 0 0 0 1 0
     23340      23460 0 0 0 0 0 1 0
     23820      23940 0 0 0 0 0 1 0
     23940      24060 1 1 1 1 1 0 0
     24540      24660 1 1 1 1 1 0 0
     24720      24840 0 0 0 0 0 1 0
     24840      24960 1 1 1 1 1 0 0
     25020      25140 1 1 1 1 1 0 0
     25380      25500 1 1 1 1 1 0 0
     25620      25740 0 0 0 0 0 1 0
     25740      25860 1 1 1 1 1 0 0
     26220      26340 1 1 1 1 1 0 0
     26400      26520 1 1 1 1 1 0 0
     26520      26640 0 0 0 0 0 1 0
     26640      26760 1 1 1 1 1 0 0
     26820      26940 1 1 1 1 1 0 0
     26940      27060 0 0 0 0 0 1 0
     26940      27060 0 0 0 0 0 1 0
     27000      27120 1 1 1 1 1 0 0
     27420      27540 0 0 0 0 0 1 0
     27420      27540 1 1 1 1 1 0 0
     27600      27720 1 1 1 1 1 0 0
     28020      28140 1 1 1 1 1 0 0
     28200      28320 1 1 1 1 1 0 0
     28320      28440 0 0 0 0 0 1 0
     28620      28740 1 1 1 1 1 0 0
     28800      28920 1 1 1 1 1 0 0
     28980      29100 1 1 1 1 1 0 0
     29220      29340 1 1 1 1 1 0 0
     29220      29340 0 0 0 0 0 1 0
     29400      29520 1 1 1 1 1 0 0
     29580      29700 1 1 1 1 1 0 0
     29820      29940 1 1 1 1 1 0 0
     30000      30120 1 1 1 1 1 0 0
     30120      30240 0 0 0 0 0 1 0
     30180      30300 1 1 1 1 1 0 0
     30420      30540 1 1 1 1 1 0 0
     30540      30660 0 0 0 0 0 1 0
     30540      30660 0 0 0 0 0 1 0
     30600      30720 1 1 1 1 1 0 0
     30840      30960 1 1 1 1 1 0 0
     31020      31140 1 1 1 1 1 0 0
     31020      31140 0 0 0 0 0 1 0
     31200      31320 1 1 1 1 1 0 0
     31380      31500 1 1 1 1 1 0 0
     31620      31740 1 1 1 1 1 0 0
     31800      31920 1 1 1 1 1 0 0
     31920      32040 0 0 0 0 0 1 0
     31980      32100 1 1 1 1 1 0 0
     32220      32340 1 1 1 1 1 0 0
     32400      32520 1 1 1 1 1 0 0
     32520      32640 0 0 0 0 0 1 0
     32580      32700 1 1 1 1 1 0 0
     32820      32940 1 1 1 1 1 0 0
     33000      33120 1 1 1 1 1 0 0
     33120      33240 0 0 0 0 0 1 0
     33180      33300 1 1 1 1 1 0 0
     33600      33720 1 1 1 1 1 0 0
     33720      33840 0 0 0 0 0 1 0
     33780      33900 1 1 1 1 1 0 0
     34020      34140 0 1 0 0 0 0 0
     34020      34140 1 1 1 1 1 0 0
     34140      34260 0 0 0 0 0 1 0
     34140      34260 0 0 0 0 0 1 0
     34200      34320 1 1 1 1 1 0 0
     34320      34440 0 0 0 0 0 1 0
     34440      34560 1 1 1 1 1 0 0
     34620      34740 1 1 1 1 1 0 0
     34800      34920 1 1 1 1 1 0 0
     34920      35040 0 0 0 0 0 1 0
     34980      35100 1 1 1 1 1 0 0
     35220      35340 1 1 1 1 1 0 0
     35400      35520 1 1 1 1 1 0 0
     35520      35640 0 0 0 0 0 1 0
     35640      35760 1 1 1 1 1 0 0
     35820      35940 1 1 1 1 1 0 0
     36000      36120 1 1 1 1 1 0 0
     36120      36240 0 0 0 0 0 1 0
     36240      36360 1 1 1 1 1 0 0
     36420      36540 1 1 1 1 1 0 0
     36600      36720 1 1 1 1 1 0 0
     36720      36840 0 0 0 0 0 1 0
     36840      36960 1 1 1 1 1 0 0
     37140      37260 1 1 1 1 1 0 0
     37320      37440 0 0 0 0 0 1 0
     37740      37860 1 1 1 1 1 0 0
     37740      37860 0 0 0 0 0 1 0
     37740      37860 0 0 0 0 0 1 0
     37920      38040 0 0 0 0 0 1 0
     38040      38160 1 1 1 1 1 0 0
     38340      38460 0 0 0 1 0 0 0
     38340      38460 1 1 1 1 1 0 0
     38520      38640 0 0 0 0 0 1 0
     38940      39060 0 0 0 1 0 0 0
     38940      39060 1 1 1 1 1 0 0
     39120      39240 0 0 0 0 0 1 0
     39540      39660 0 0 0 0 1 0 0
     39540      39660 1 1 1 1 1 0 0
     39540      39660 0 0 0 1 0 0 0
     39720      39840 0 0 0 0 0 1 0
     40140      40260 0 0 0 1 0 0 0
     40140      40260 1 1 1 1 1 0 0
     40320      40440 0 0 0 0 0 1 0
     40740      40860 1 0 0 0 0 0 0
     40740      40860 1 1 1 1 1 0 0
     40740      40860 0 0 0 1 0 0 0
     40920      41040 0 0 0 0 0 1 0
     41340      41460 1 0 0 0 0 0 0
     41340      41460 1 1 1 1 1 0 0
     41340      41460 0 0 0 0 0 1 0
     41340      41460 1 0 0 0 0 0 0
     41340      41460 0 0 0 1 0 0 0
     41340      41460 0 0 0 0 0 1 0
     41520      41640 0 0 0 0 0 1 0
     41940      42060 0 0 0 1 0 0 0
     41940      42060 1 1 1 1 1 0 0
     41940      42060 1 0 0 0 0 0 0
     42120      42240 0 0 0 0 0 1 0
     42540      42660 0 0 0 1 0 0 0
     42540      42660 1 1 1 1 1 0 0
     42540      42660 1 0 0 0 0 0 0
     42720      42840 0 0 0 0 0 1 0
     43140      43260 0 0 0 1 0 0 0
     43140      43260 1 1 1 1 1 0 0
     43140      43260 1 0 0 0 0 0 0
     43320      43440 0 0 0 0 0 1 0
     43740      43860 1 0 0 0 0 0 0
     43740      43860 1 1 1 1 1 0 0
     43740      43860 0 0 0 1 0 0 0
     43920      44040 0 0 0 0 0 1 0
     44340      44460 1 1 1 1 1 0 0
     44340      44460 0 0 0 1 0 0 0
     44340      44460 1 0 0 0 0 0 0
     44520      44640 0 0 0 0 0 1 0
     44940      45060 1 1 1 1 1 0 0
     44940      45060 0 0 0 0 0 1 0
     44940      45060 1 0 0 0 0 0 0
     44940      45060 0 0 0 1 0 0 0
     44940      45060 0 0 0 0 0 1 0
     44940      45060 1 0 0 0 0 0 0
     45120      45240 0 0 0 0 0 1 0
     45540      45660 1 1 1 1 1 0 0
     45540      45660 1 0 0 0 0 0 0
     45540      45660 0 0 0 1 0 0 0
     45720      45840 0 0 0 0 0 1 0
     46140      46260 1 0 0 0 0 0 0
     46140      46260 0 0 0 1 0 0 0
     46140      46260 1 1 1 1 1 0 0
     46320      46440 0 0 0 0 0 1 0
     46740      46860 0 0 0 1 0 0 0
     46740      46860 1 1 1 1 1 0 0
     46920      47040 0 0 0 0 0 1 0
     47340      47460 0 0 0 1 0 0 0
     47340      47460 1 1 1 1 1 0 0
     47520      47640 0 0 0 0 0 1 0
     47940      48060 1 1 1 1 1 0 0
     47940      48060 0 0 0 1 0 0 0
     48120      48240 0 0 0 0 0 1 0
     48540      48660 0 0 0 0 0 1 0
     48540      48660 1 1 1 1 1 0 0
     48540      48660 0 0 0 0 0 1 0
     48720      48840 0 0 0 0 0 1 0
     49140      49260 1 1 1 1 1 0 0
     49320      49440 0 0 0 0 0 1 0
     49740      49860 1 1 1 1 1 0 0
     49920      50040 0 0 0 0 0 1 0
     50340      50460 1 1 1 1 1 0 0
     50520      50640 0 0 0 0 0 1 0
     50940      51060 1 1 1 1 1 0 0
     51120      51240 0 0 0 0 0 1 0
     51540      51660 1 1 1 1 1 0 0
     51720      51840 0 0 0 0 0 1 0
     52140      52260 0 0 0 0 0 1 0
     52140      52260 1 1 1 1 1 0 0
     52140      52260 0 0 0 0 0 1 0
     52320      52440 0 0 0 0 0 1 0
     52740      52860 1 1 1 1 1 0 0
     52920      53040 0 0 0 0 0 1 0
     53340      53460 1 1 1 1 1 0 0
     53520      53640 0 0 0 0 0 1 0
     53940      54060 1 1 1 1 1 0 0
     54120      54240 0 0 0 0 0 1 0
     54540      54660 1 1 1 1 1 0 0
     54720      54840 0 0 0 0 0 1 0
     55140      55260 1 1 1 1 1 0 0
     55320      55440 0 0 0 0 0 1 0
     55740      55860 0 0 0 0 0 1 0
     55740      55860 1 1 1 1 1 0 0
     55740      55860 0 0 0 0 0 1 0
     55920      56040 0 0 0 0 0 1 0
     56340      56460 1 1 1 1 1 0 0
     56520      56640 0 0 0 0 0 1 0
     56940      57060 1 1 1 1 1 0 0
     57120      57240 1 1 1 1 1 0 0
     57120      57240 0 0 0 0 0 1 0
     57540      57660 1 1 1 1 1 0 0
     57540      57660 0 0 0 0 0 1 0
     57720      57840 1 1 1 1 1 0 0
     57720      57840 0 0 0 0 0 1 0
     58140      58260 1 1 1 1 1 0 0
     58320      58440 1 1 1 1 1 0 0
     58320      58440 0 0 0 0 0 1 0
     58740      58860 1 1 1 1 1 0 0
     58920      59040 0 0 0 0 0 1 0
     58920      59040 1 1 1 1 1 0 0
     59340      59460 0 0 0 0 0 1 0
     59340      59460 0 0 0 0 0 1 0
     59340      59460 1 1 1 1 1 0 0
     59520      59640 1 1 1 1 1 0 0
     59520      59640 0 0 0 0 0 1 0
     59940      60060 1 1 1 1 1 0 0
     60120      60240 0 0 0 0 0 1 0
     60120      60240 1 1 1 1 1 0 0
     60360      60480 1 1 1 1 1 0 0
     60360      60480 1 1 1 1 1 0 0
     60540      60660 1 1 1 1 1 0 0
     60720      60840 0 0 0 0 0 1 0
     60720      60840 1 1 1 1 1 0 0
     61140      61260 1 1 1 1 1 0 0
     61320      61440 1 1 1 1 1 0 0
     61320      61440 0 0 0 0 0 1 0
     61560      61680 1 1 1 1 1 0 0
     61740      61860 1 1 1 1 1 0 0
     61920      62040 1 1 1 1 1 0 0
     61920      62040 0 0 0 0 0 1 0
     62160      62280 1 1 1 1 1 0 0
     62340      62460 1 1 1 1 1 0 0
     62520      62640 1 1 1 1 1 0 0
     62520      62640 0 0 0 0 0 1 0
     62760      62880 1 1 1 1 1 0 0
     62760      62880 1 1 1 1 1 0 0
     62940      63060 0 0 0 0 0 1 0
     62940      63060 1 1 1 1 1 0 0
     62940      63060 0 0 0 0 0 1 0
     63120      63240 1 1 1 1 1 0 0
     63120      63240 0 0 0 0 0 1 0
     63360      63480 1 1 1 1 1 0 0
     63540      63660 1 1 1 1 1 0 0
     63720      63840 0 0 0 0 0 1 0
     63720      63840 1 1 1 1 1 0 0
     63960      64080 1 1 1 1 1 0 0
     64140      64260 1 1 1 1 1 0 0
     64320      64440 0 0 0 0 0 1 0
     64320      64440 1 1 1 1 1 0 0
     64560      64680 1 1 1 1 1 0 0
     64740      64860 1 1 1 1 1 0 0
     64920      65040 1 1 1 1 1 0 0
     64920      65040 0 0 0 0 0 1 0
     65160      65280 1 1 1 1 1 0 0
     65160      65280 1 1 1 1 1 0 0
     65340      65460 1 1 1 1 1 0 0
     65520      65640 0 0 0 0 0 1 0
     65520      65640 1 1 1 1 1 0 0
     65760      65880 1 1 1 1 1 0 0
     65940      66060 1 1 1 1 1 0 0
     66120      66240 1 1 1 1 1 0 0
     66120      66240 0 0 0 0 0 1 0
     66540      66660 0 0 0 0 0 1 0
     66540      66660 1 1 1 1 1 0 0
     66540      66660 0 0 0 0 0 1 0
     66720      66840 1 1 1 1 1 0 0
     66720      66840 0 0 0 0 0 1 0
     66960      67080 1 1 1 1 1 0 0
     67140      67260 1 1 1 1 1 0 0
     67320      67440 1 1 1 1 1 0 0
     67320      67440 0 0 0 0 0 1 0
     67740      67860 1 1 1 1 1 0 0
     67920      68040 1 1 1 1 1 0 0
     67920      68040 0 0 0 0 0 1 0
     68340      68460 1 1 1 1 1 0 0
     68520      68640 0 0 0 0 0 1 0
     68520      68640 1 1 1 1 1 0 0
     68940      69060 1 1 1 1 1 0 0
     69120      69240 0 0 0 0 0 1 0
     69120      69240 1 1 1 1 1 0 0
     69540      69660 1 1 1 1 1 0 0
     69720      69840 1 1 1 1 1 0 0
     69720      69840 0 0 0 0 0 1 0
     70140      70260 0 0 0 0 0 1 0
     70140      70260 0 0 0 0 0 1 0
     70140      70260 1 1 1 1 1 0 0
     70320      70440 0 0 0 0 0 1 0
     70320      70440 1 1 1 1 1 0 0
     70740      70860 1 1 1 1 1 0 0
     70920      71040 0 0 0 0 0 1 0
     70920      71040 1 1 1 1 1 0 0
     71340      71460 1 1 1 1 1 0 0
     71520      71640 0 0 0 0 0 1 0
     71640      71760 1 1 1 1 1 0 0
     71940      72060 1 1 1 1 1 0 0
     72120      72240 0 0 0 0 0 1 0
     72540      72660 1 1 1 1 1 0 0
     72720      72840 0 0 0 0 0 1 0
     73140      73260 1 1 1 1 1 0 0
     73320      73440 0 0 0 0 0 1 0
     73740      73860 0 0 0 0 0 1 0
     73740      73860 1 1 1 1 1 0 0
     73740      73860 0 0 0 1 0 0 0
     73740      73860 0 0 0 0 0 1 0
     73920      74040 0 0 0 0 0 1 0
     74340      74460 1 1 1 1 1 0 0
     74520      74640 0 0 0 0 0 1 0
     74940      75060 1 1 1 1 1 0 0
     75120      75240 0 0 0 0 0 1 0
     75540      75660 1 1 1 1 1 0 0
     75720      75840 0 0 0 0 0 1 0
     76020      76140 0 0 0 0 0 1 0
     76140      76260 1 1 1 1 1 0 0
     76620      76740 0 0 0 0 0 1 0
     76740      76860 1 1 1 1 1 0 0
     76740      76860 1 1 0 1 0 0 0
     77340      77460 0 0 0 0 0 1 0
     77340      77460 0 0 0 0 0 1 0
     77340      77460 1 1 1 1 1 0 0
     77520      77640 0 0 0 0 0 1 0
     77940      78060 1 1 1 1 1 0 0
     77940      78060 1 1 0 1 0 0 0
     78420      78540 0 0 0 0 0 1 0
     78540      78660 1 1 1 1 1 0 0
     78540      78660 0 0 0 0 1 0 0
     78540      78660 1 1 0 1 0 0 0
     79140      79260 1 1 1 1 1 0 0
     79140      79260 1 1 0 1 0 0 0
     79320      79440 0 0 0 0 0 1 0
     79740      79860 1 1 1 1 1 0 0
     79740      79860 1 1 0 1 0 0 0
     80220      80340 0 0 0 0 0 1 0
     80940      81060 1 1 0 1 0 0 0
     80940      81060 0 0 0 0 0 1 0
     80940      81060 0 0 0 0 0 1 0
     80940      81060 1 1 1 1 1 0 0
     81120      81240 0 0 0 0 0 1 0
     81540      81660 1 1 0 1 0 0 0
     81540      81660 1 1 1 1 1 0 0
     82020      82140 0 0 0 0 0 1 0
     82740      82860 1 1 1 1 1 0 0
     82740      82860 1 1 0 1 0 0 0
     82920      83040 0 0 0 0 0 1 0
     83340      83460 1 1 0 1 0 0 0
     83340      83460 1 1 1 1 1 0 0
     83820      83940 0 0 0 0 0 1 0
     84540      84660 1 1 0 1 0 0 0
     84540      84660 0 0 0 0 0 1 0
     84540      84660 0 0 0 0 0 1 0
     84540      84660 1 1 1 1 1 0 0
     84720      84840 0 0 0 0 0 1 0
     85140      85260 1 1 1 1 1 0 0
     85140      85260 1 1 0 1 0 0 0
     85620      85740 0 0 0 0 0 1 0
     86340         60 1 1 1 1 1 0 0
     86340         60 1 1 0 1 0 0 0
391
