     19440      19560 0 0 0 0 0 1 0
     21240      21360 0 0 0 0 0 1 0
     23040      23160 0 0 0 0 0 1 0
     24840      24960 0 0 0 0 0 1 0
     26640      26820 0 0 0 0 0 1 0
     28440      28620 0 0 0 0 0 1 0
     30240      30420 0 0 0 0 0 1 0
     32040      32220 0 0 0 0 0 1 0
     33840      33960 0 0 0 0 0 1 0
     35640      35760 0 0 0 0 0 1 0
     37440      37560 0 0 0 0 0 1 0
     39240      39420 0 0 0 0 0 1 0
     41040      41220 0 0 0 0 0 1 0
     42840      43020 0 0 0 0 0 1 0
     44640      44820 0 0 0 0 0 1 0
     46440      46620 0 0 0 0 0 1 0
     48240      48420 0 0 0 0 0 1 0
     50040      50220 0 0 0 0 0 1 0
     51840      52020 0 0 0 0 0 1 0
     53640      53820 0 0 0 0 0 1 0
     55440      55620 0 0 0 0 0 1 0
     57240      57420 0 0 0 0 0 1 0
     59040      59220 0 0 0 0 0 1 0
     60840      61020 0 0 0 0 0 1 0
     62640      62820 0 0 0 0 0 1 0
     64440      64620 0 0 0 0 0 1 0
     66240      66420 0 0 0 0 0 1 0
     68040      68220 0 0 0 0 0 1 0
     69840      70020 0 0 0 0 0 1 0
     71640      71820 0 0 0 0 0 1 0
     73440      73620 0 0 0 0 0 1 0
     75240      75420 0 0 0 0 0 1 0
32
