       180        240 0 0 0 0 0 1 0
       240        360 1 1 0 1 0 0 0
       240        360 1 1 1 1 1 0 0
       840        960 1 1 1 1 1 0 0
      1080       1200 0 0 0 0 0 1 0
      1440       1560 1 1 0 1 0 0 0
      1440       1560 1 1 1 1 1 0 0
      1980       2040 0 0 0 0 0 1 0
      2280       2400 1 1 1 1 1 0 0
      2280       2400 1 1 0 1 0 0 0
      3240       3360 0 0 1 0 1 0 0
      3300       3360 0 0 0 0 0 1 0
      4080       4200 0 0 1 0 1 0 0
      4800       4860 0 0 0 0 0 1 0
     17040      17160 1 1 1 1 1 0 0
     17580      17700 0 0 0 0 0 1 0
     17640      17760 1 1 1 1 1 0 0
     18240      18360 1 1 1 1 1 0 0
     18480      18600 0 0 0 0 0 1 0
     18840      18960 1 1 1 1 1 0 0
     19080      19200 0 0 0 0 0 1 0
     19080      19200 0 0 0 0 0 1 0
     19380      19500 0 0 0 0 0 1 0
     19440      19560 1 1 1 1 1 0 0
     20040      20160 1 1 1 1 1 0 0
     20280      20340 0 0 0 0 0 1 0
     20640      20760 1 1 1 1 1 0 0
     21180      21300 0 0 0 0 0 1 0
     21240      21360 1 1 1 1 1 0 0
     21840      21960 1 1 1 1 1 0 0
     22080      22140 0 0 0 0 0 1 0
     22440      22560 1 1 1 1 1 0 0
     22980      23100 0 0 0 0 0 1 0
     23040      23160 1 1 1 1 1 0 0
     23460      23580 1 1 1 1 1 0 0
     23880      24000 1 1 1 1 1 0 0
     23880      23940 0 0 0 0 0 1 0
     24300      24420 0 0 0 0 0 1 0
     24300      24420 0 0 0 0 0 1 0
     24420      24540 1 1 1 1 1 0 0
     24780      24900 0 0 0 0 0 1 0
     24840      24960 1 1 1 1 1 0 0
     25260      25380 1 1 1 1 1 0 0
     25440      25560 1 1 1 1 1 0 0
     25680      25740 0 0 0 0 0 1 0
     25800      25920 1 1 1 1 1 0 0
     25980      26100 0 0 0 0 0 1 0
     26040      26160 1 1 1 1 1 0 0
     26220      26340 1 1 1 1 1 0 0
     26580      26700 0 0 0 0 0 1 0
     26640      26760 1 1 1 1 1 0 0
     27000      27120 1 1 1 1 1 0 0
     27000      27120 1 1 1 1 1 0 0
     27240      27360 1 1 1 1 1 0 0
     27420      27540 1 1 1 1 1 0 0
     27480      27540 0 0 0 0 0 1 0
     27600      27720 1 1 1 1 1 0 0
     27840      27960 1 1 1 1 1 0 0
     28020      28140 1 1 1 1 1 0 0
     28200      28320 1 1 1 1 1 0 0
     28200      28320 1 1 1 1 1 0 0
     28380      28500 0 0 0 0 0 1 0
     28440      28560 1 1 1 1 1 0 0
     28620      28740 1 1 1 1 1 0 0
     28800      28920 1 1 1 1 1 0 0
     29040      29160 1 1 1 1 1 0 0
     29220      29340 1 1 1 1 1 0 0
     29280      29340 0 0 0 0 0 1 0
     29400      29520 1 1 1 1 1 0 0
     29400      29520 1 1 1 1 1 0 0
     29640      29760 1 1 1 1 1 0 0
     29820      29940 1 1 1 1 1 0 0
     29880      30000 0 0 0 0 0 1 0
     30000      30120 1 1 1 1 1 0 0
     30180      30300 0 0 0 0 0 1 0
     30180      30300 0 0 0 0 0 1 0
     30240      30360 1 1 1 1 1 0 0
     30420      30540 1 1 1 1 1 0 0
     30480      30600 0 0 0 0 0 1 0
     30600      30720 1 1 1 1 1 0 0
     30840      30960 1 1 1 1 1 0 0
     31020      31140 1 1 1 1 1 0 0
     31080      31140 0 0 0 0 0 1 0
     31200      31320 1 1 1 1 1 0 0
     31440      31560 1 1 1 1 1 0 0
     31620      31740 1 1 1 1 1 0 0
     31680      31800 0 0 0 0 0 1 0
     31800      31920 1 1 1 1 1 0 0
     31800      31920 1 1 1 1 1 0 0
     32040      32160 1 1 1 1 1 0 0
     32220      32340 1 1 1 1 1 0 0
     32280      32400 0 0 0 0 0 1 0
     32400      32520 1 1 1 1 1 0 0
     32640      32760 1 1 1 1 1 0 0
     32820      32940 1 1 1 1 1 0 0
     32880      32940 0 0 0 0 0 1 0
     33000      33120 1 1 1 1 1 0 0
     33240      33360 1 1 1 1 1 0 0
     33420      33540 1 1 1 1 1 0 0
     33480      33600 0 0 0 0 0 1 0
     33600      33720 1 1 1 1 1 0 0
     33780      33900 0 0 0 0 0 1 0
     33780      33900 0 0 0 0 0 1 0
     33840      33960 1 1 1 1 1 0 0
     34020      34140 1 1 1 1 1 0 0
     34080      34200 0 0 0 0 0 1 0
     34200      34320 1 1 1 1 1 0 0
     34200      34320 1 1 1 1 1 0 0
     34440      34560 1 1 1 1 1 0 0
     34620      34740 1 1 1 1 1 0 0
     34680      34740 0 0 0 0 0 1 0
     34800      34920 1 1 1 1 1 0 0
     35040      35160 1 1 1 1 1 0 0
     35220      35340 1 1 1 1 1 0 0
     35280      35400 0 0 0 0 0 1 0
     35640      35760 1 1 1 1 1 0 0
     35880      36000 0 0 0 0 0 1 0
     35940      36060 1 1 1 1 1 0 0
     36240      36360 1 1 1 1 1 0 0
     36480      36540 0 0 0 0 0 1 0
     36840      36960 1 1 1 1 1 0 0
     37080      37200 0 0 0 0 0 1 0
     37380      37500 0 0 0 0 0 1 0
     37380      37500 0 0 0 0 0 1 0
     37440      37560 1 1 1 1 1 0 0
     37680      37800 0 0 0 0 0 1 0
     38040      38160 1 1 1 1 1 0 0
     38280      38340 0 0 0 0 0 1 0
     38640      38760 1 1 1 1 1 0 0
     38880      39000 0 0 0 0 0 1 0
     39180      39300 0 0 0 0 0 1 0
     39180      39300 0 0 0 0 0 1 0
     39240      39360 1 1 1 1 1 0 0
     39480      39600 0 0 0 0 0 1 0
     39840      39960 1 1 1 1 1 0 0
     40080      40140 0 0 0 0 0 1 0
     40440      40560 1 1 1 1 1 0 0
     40680      40800 0 0 0 0 0 1 0
     40980      41100 0 0 0 0 0 1 0
     40980      41100 0 0 0 0 0 1 0
     41040      41160 0 0 0 1 0 0 0
     41040      41160 1 1 1 1 1 0 0
     41220      41400 1 0 0 0 0 0 0
     41280      41400 0 0 0 0 0 1 0
     41640      41760 0 0 0 1 0 0 0
     41640      41760 1 1 1 1 1 0 0
     41880      41940 0 0 0 0 0 1 0
     42240      42360 1 0 0 0 0 0 0
     42240      42360 1 0 0 0 0 0 0
     42240      42360 1 1 1 1 1 0 0
     42240      42360 0 0 0 0 1 0 0
     42480      42600 0 0 0 0 0 1 0
     42840      42960 1 1 1 1 1 0 0
     42840      42960 0 0 0 1 0 0 0
     42900      43020 1 0 0 0 0 0 0
     43020      43200 1 0 0 0 0 0 0
     43080      43200 0 0 0 0 0 1 0
     43440      43560 0 0 0 1 0 0 0
     43440      43560 1 1 1 1 1 0 0
     43500      43620 1 0 0 0 0 0 0
     43680      43740 0 0 0 0 0 1 0
     44040      44160 1 0 0 0 0 0 0
     44040      44160 0 0 0 0 1 0 0
     44040      44160 1 1 1 1 1 0 0
     44280      44400 0 0 0 0 0 1 0
     44580      44700 0 0 0 0 0 1 0
     44580      44700 0 0 0 0 0 1 0
     44640      44760 1 1 1 1 1 0 0
     44640      44760 0 0 0 1 0 0 0
     44700      44820 1 0 0 0 0 0 0
     44820      45000 1 0 0 0 0 0 0
     44880      45000 0 0 0 0 0 1 0
     45240      45360 1 1 1 1 1 0 0
     45240      45360 1 0 0 0 0 0 0
     45240      45360 0 0 0 1 0 0 0
     45540      45600 0 0 0 0 0 1 0
     45840      45960 1 0 0 0 0 0 0
     45840      45960 0 0 0 0 1 0 0
     45840      45960 0 0 0 1 0 0 0
     45840      45960 1 1 1 1 1 0 0
     45840      45960 1 0 0 0 0 0 0
     46080      46200 0 0 0 0 0 1 0
     46440      46560 0 0 0 1 0 0 0
     46440      46560 1 1 1 1 1 0 0
     46440      46620 1 0 0 0 0 0 0
     46620      46800 1 0 0 0 0 0 0
     46680      46800 0 0 0 0 0 1 0
     47040      47160 0 0 0 1 0 0 0
     47040      47160 1 0 0 0 0 0 0
     47040      47160 1 1 1 1 1 0 0
     47280      47340 0 0 0 0 0 1 0
     47640      47760 0 0 0 1 0 0 0
     47640      47760 1 0 0 0 0 0 0
     47640      47760 1 1 1 1 1 0 0
     47880      48000 0 0 0 0 0 1 0
     48180      48300 0 0 0 0 0 1 0
     48180      48300 0 0 0 0 0 1 0
     48240      48360 0 0 0 1 0 0 0
     48240      48360 1 1 1 1 1 0 0
     48480      48600 0 0 0 0 0 1 0
     48840      48960 0 0 0 1 0 0 0
     48840      48960 1 1 1 1 1 0 0
     49080      49140 0 0 0 0 0 1 0
     49440      49560 1 1 1 1 1 0 0
     49440      49560 0 0 0 1 0 0 0
     49680      49800 0 0 0 0 0 1 0
     50040      50160 0 0 0 1 0 0 0
     50040      50160 1 1 1 1 1 0 0
     50280      50400 0 0 0 0 0 1 0
     50640      50760 1 1 1 1 1 0 0
     50880      50940 0 0 0 0 0 1 0
     51240      51360 1 1 1 1 1 0 0
     51480      51600 0 0 0 0 0 1 0
     51780      51900 0 0 0 0 0 1 0
     51780      51900 0 0 0 0 0 1 0
     51840      51960 1 1 1 1 1 0 0
     52080      52200 0 0 0 0 0 1 0
     52440      52560 1 1 1 1 1 0 0
     52680      52740 0 0 0 0 0 1 0
     53040      53160 1 1 1 1 1 0 0
     53280      53400 0 0 0 0 0 1 0
     53640      53760 1 1 1 1 1 0 0
     53880      54000 0 0 0 0 0 1 0
     54240      54360 1 1 1 1 1 0 0
     54480      54540 0 0 0 0 0 1 0
     54840      54960 1 1 1 1 1 0 0
     55080      55200 0 0 0 0 0 1 0
     55380      55500 0 0 0 0 0 1 0
     55380      55500 0 0 0 0 0 1 0
     55440      55560 1 1 1 1 1 0 0
     55680      55800 0 0 0 0 0 1 0
     55800      55920 1 1 1 1 1 0 0
     56100      56220 1 1 1 1 1 0 0
     56280      56340 0 0 0 0 0 1 0
     56520      56640 1 1 1 1 1 0 0
     56700      56820 1 1 1 1 1 0 0
     56880      57000 0 0 0 0 0 1 0
     56880      57000 1 1 1 1 1 0 0
     57120      57240 1 1 1 1 1 0 0
     57300      57420 1 1 1 1 1 0 0
     57480      57600 0 0 0 0 0 1 0
     57600      57720 1 1 1 1 1 0 0
     57900      58020 1 1 1 1 1 0 0
     58080      58140 0 0 0 0 0 1 0
     58320      58440 1 1 1 1 1 0 0
     58500      58620 1 1 1 1 1 0 0
     58680      58800 0 0 0 0 0 1 0
     58740      58860 1 1 1 1 1 0 0
     58920      59040 1 1 1 1 1 0 0
     58980      59100 0 0 0 0 0 1 0
     58980      59100 0 0 0 0 0 1 0
     59160      59280 1 1 1 1 1 0 0
     59280      59400 0 0 0 0 0 1 0
     59520      59640 1 1 1 1 1 0 0
     59760      59880 1 1 1 1 1 0 0
     59880      59940 0 0 0 0 0 1 0
     59940      60060 1 1 1 1 1 0 0
     60120      60240 1 1 1 1 1 0 0
     60360      60480 1 1 1 1 1 0 0
     60480      60600 0 0 0 0 0 1 0
     60540      60660 1 1 1 1 1 0 0
     60720      60840 1 1 1 1 1 0 0
     60960      61080 1 1 1 1 1 0 0
     61080      61200 0 0 0 0 0 1 0
     61140      61260 1 1 1 1 1 0 0
     61320      61440 1 1 1 1 1 0 0
     61560      61680 1 1 1 1 1 0 0
     61680      61740 0 0 0 0 0 1 0
     61920      62040 1 1 1 1 1 0 0
     62160      62280 1 1 1 1 1 0 0
     62280      62400 0 0 0 0 0 1 0
     62340      62460 1 1 1 1 1 0 0
     62520      62640 1 1 1 1 1 0 0
     62580      62700 0 0 0 0 0 1 0
     62580      62700 0 0 0 0 0 1 0
     62760      62880 1 1 1 1 1 0 0
     62880      63000 0 0 0 0 0 1 0
     62940      63060 1 1 1 1 1 0 0
     63120      63240 1 1 1 1 1 0 0
     63360      63480 1 1 1 1 1 0 0
     63480      63540 0 0 0 0 0 1 0
     63540      63660 1 1 1 1 1 0 0
     63780      63900 1 1 1 1 1 0 0
     63960      64080 1 1 1 1 1 0 0
     64080      64200 0 0 0 0 0 1 0
     64140      64260 1 1 1 1 1 0 0
     64320      64440 1 1 1 1 1 0 0
     64560      64680 1 1 1 1 1 0 0
     64680      64800 0 0 0 0 0 1 0
     64920      65040 1 1 1 1 1 0 0
     65160      65280 0 0 1 0 0 0 0
     65160      65280 1 1 1 1 1 0 0
     65280      65340 0 0 0 0 0 1 0
     65340      65460 0 1 0 0 0 0 0
     65340      65460 1 1 1 1 1 0 0
     65520      65640 1 1 1 1 1 0 0
     65760      65880 1 1 1 1 1 0 0
     65880      66000 0 0 0 0 0 1 0
     66120      66240 1 1 1 1 1 0 0
     66180      66300 0 0 0 0 0 1 0
     66180      66300 0 0 0 0 0 1 0
     66360      66480 1 1 1 1 1 0 0
     66480      66600 0 0 0 0 0 1 0
     66720      66840 1 1 1 1 1 0 0
     66900      67020 1 1 1 1 1 0 0
     67080      67140 0 0 0 0 0 1 0
     67320      67440 1 1 1 1 1 0 0
     67500      67620 1 1 1 1 1 0 0
     67680      67800 0 0 0 0 0 1 0
     67920      68040 1 1 1 1 1 0 0
     68100      68220 1 1 1 1 1 0 0
     68280      68400 0 0 0 0 0 1 0
     68520      68640 1 1 1 1 1 0 0
     68700      68820 1 1 1 1 1 0 0
     68880      68940 0 0 0 0 0 1 0
     69120      69240 1 1 1 1 1 0 0
     69300      69420 1 1 1 1 1 0 0
     69480      69600 0 0 0 0 0 1 0
     69720      69840 1 1 1 1 1 0 0
     69780      69900 0 0 0 0 0 1 0
     69780      69900 0 0 0 0 0 1 0
     69900      70020 1 1 1 1 1 0 0
     70080      70200 0 0 0 0 0 1 0
     70200      70320 1 1 1 1 1 0 0
     70500      70620 1 1 1 1 1 0 0
     70680      70740 0 0 0 0 0 1 0
     71040      71160 1 1 1 1 1 0 0
     71280      71400 0 0 0 0 0 1 0
     71640      71760 1 1 1 1 1 0 0
     71880      72000 0 0 0 0 0 1 0
     72240      72360 1 1 1 1 1 0 0
     72480      72540 0 0 0 0 0 1 0
     72840      72960 1 1 1 1 1 0 0
     73080      73200 0 0 0 0 0 1 0
     73380      73500 0 0 0 0 0 1 0
     73380      73500 0 0 0 0 0 1 0
     73440      73560 1 1 1 1 1 0 0
     73800      73920 0 0 0 0 0 1 0
     74040      74160 1 1 1 1 1 0 0
     74280      74340 0 0 0 0 0 1 0
     74640      74760 1 1 1 1 1 0 0
     74880      75000 0 0 0 0 0 1 0
     75240      75360 1 1 1 1 1 0 0
     75780      75840 0 0 0 0 0 1 0
     75840      75960 1 1 1 1 1 0 0
     76440      76560 1 1 1 1 1 0 0
     76680      76800 0 0 0 0 0 1 0
     77040      77160 1 1 1 1 1 0 0
     77580      77640 0 0 0 0 0 1 0
     77640      77760 1 1 1 1 1 0 0
     78000      78120 0 0 0 0 0 1 0
     78000      78120 0 0 0 0 0 1 0
     78240      78360 0 0 0 1 0 0 0
     78240      78360 1 1 1 1 1 0 0
     78480      78600 0 0 0 0 0 1 0
     78840      78960 1 1 1 1 1 0 0
     79380      79440 0 0 0 0 0 1 0
     79440      79560 1 1 1 1 1 0 0
     80040      80160 1 1 1 1 1 0 0
     80280      80400 0 0 0 0 0 1 0
     80640      80760 1 1 0 1 0 0 0
     80640      80760 1 1 1 1 1 0 0
     81180      81240 0 0 0 0 0 1 0
     81240      81360 1 1 0 1 0 0 0
     81240      81360 1 1 1 1 1 0 0
     81600      81720 0 0 0 0 0 1 0
     81600      81720 0 0 0 0 0 1 0
     81840      81960 1 1 1 1 1 0 0
     82080      82200 0 0 0 0 0 1 0
     82440      82560 0 0 0 1 0 0 0
     82440      82560 1 1 1 1 0 0 0
     82440      82560 1 1 1 1 1 0 0
     82980      83040 0 0 0 0 0 1 0
     83040      83160 1 1 0 1 0 0 0
     83040      83160 1 1 1 1 1 0 0
     83640      83760 1 1 1 1 1 0 0
     83880      84000 0 0 0 0 0 1 0
     84240      84360 1 1 0 1 0 0 0
     84240      84360 1 1 1 1 1 0 0
     84780      84840 0 0 0 0 0 1 0
     84840      84960 1 1 0 1 0 0 0
     84840      84960 1 1 1 1 1 0 0
     85200      85320 0 0 0 0 0 1 0
     85200      85320 0 0 0 0 0 1 0
     85440      85560 1 1 1 1 1 0 0
     85680      85800 0 0 0 0 0 1 0
     86040      86160 1 1 0 1 0 0 0
     86040      86160 1 1 1 1 1 0 0
     86040      86160 0 0 0 1 0 0 0
389
