       360        540 1 1 1 1 0 0 0
       360        480 1 1 1 1 1 0 0
       360        480 1 1 0 1 0 0 0
       840        960 0 0 0 0 0 1 0
       960       1080 1 1 1 1 1 0 0
      1560       1680 1 1 1 1 1 0 0
      1560       1680 1 1 0 1 0 0 0
      1560       1680 0 0 0 1 0 0 0
      1740       1860 0 0 0 0 0 1 0
      1740       1860 0 0 0 0 0 1 0
      2160       2280 1 1 0 1 0 0 0
      2160       2280 1 1 1 1 1 0 0
      2160       2280 1 1 1 1 0 0 0
      2640       2760 0 0 0 0 0 1 0
      2760       2880 1 1 1 1 1 0 0
      3360       3480 1 1 1 1 1 0 0
      3360       3480 1 1 0 1 0 0 0
      3540       3660 0 0 0 0 0 1 0
      3540       3660 0 0 0 0 0 0 0
      3960       4080 1 1 1 1 0 0 0
      3960       4080 1 1 0 1 0 0 0
      3960       4080 0 0 0 1 0 0 0
      3960       4080 0 0 1 0 1 0 0
      4440       4560 0 0 0 0 0 1 0
      5160       5280 0 0 1 0 1 0 0
      5340       5460 0 0 0 0 0 1 0
      6360       6480 0 0 1 0 1 0 0
      6540       6660 0 0 0 0 0 1 0
     18360      18480 1 1 1 1 1 0 0
     18960      19080 1 1 1 1 1 0 0
     19140      19260 0 0 0 0 0 1 0
     19560      19680 1 1 1 1 1 0 0
     20040      20160 0 0 0 0 0 1 0
     20160      20280 1 1 1 1 1 0 0
     20760      20880 1 1 1 1 1 0 0
     20940      21060 0 0 0 0 0 1 0
     21360      21480 1 1 1 1 1 0 0
     21600      21720 1 1 1 1 1 0 0
     21840      21960 0 0 0 0 0 1 0
     21960      22080 1 1 1 1 1 0 0
     22560      22680 1 1 1 1 1 0 0
     22740      22860 0 0 0 0 0 1 0
     23160      23280 0 0 0 0 0 1 0
     23160      23280 1 1 1 1 1 0 0
     23160      23280 0 0 0 0 0 1 0
     23640      23760 0 0 0 0 0 1 0
     23760      23880 1 1 1 1 1 0 0
     24360      24480 1 1 1 1 1 0 0
     24540      24660 0 0 0 0 0 1 0
     24660      24780 1 1 1 1 1 0 0
     24840      24960 1 1 1 1 1 0 0
     25200      25320 1 1 1 1 1 0 0
     25440      25560 0 0 0 0 0 1 0
     25560      25680 1 1 1 1 1 0 0
     26040      26160 1 1 1 1 1 0 0
     26220      26340 1 1 1 1 1 0 0
     26340      26460 0 0 0 0 0 1 0
     26460      26580 1 1 1 1 1 0 0
     26640      26760 0 0 0 0 0 1 0
     26640      26760 0 0 0 0 0 1 0
     26640      26760 1 1 1 1 1 0 0
     26820      26940 1 1 1 1 1 0 0
     27240      27360 1 1 1 1 1 0 0
     27240      27360 0 0 0 0 0 1 0
     27420      27540 1 1 1 1 1 0 0
     27840      27960 1 1 1 1 1 0 0
     28020      28140 1 1 1 1 1 0 0
     28140      28260 0 0 0 0 0 1 0
     28440      28560 1 1 1 1 1 0 0
     28620      28740 1 1 1 1 1 0 0
     28800      28920 1 1 1 1 1 0 0
     29040      29160 0 0 0 0 0 1 0
     29040      29160 1 1 1 1 1 0 0
     29220      29340 1 1 1 1 1 0 0
     29400      29520 1 1 1 1 1 0 0
     29640      29760 1 1 1 1 1 0 0
     29820      29940 1 1 1 1 1 0 0
     29940      30060 0 0 0 0 0 1 0
     30000      30120 1 1 1 1 1 0 0
     30240      30360 0 0 0 0 0 1 0
     30240      30360 1 1 1 1 1 0 0
     30240      30360 0 0 0 0 0 1 0
     30420      30540 1 1 1 1 1 0 0
     30660      30780 1 1 1 1 1 0 0
     30840      30960 0 0 0 0 0 1 0
     30840      30960 1 1 1 1 1 0 0
     31020      31140 1 1 1 1 1 0 0
     31200      31320 1 1 1 1 1 0 0
     31440      31560 1 1 1 1 1 0 0
     31620      31740 1 1 1 1 1 0 0
     31740      31860 0 0 0 0 0 1 0
     31800      31920 1 1 1 1 1 0 0
     32040      32160 1 1 1 1 1 0 0
     32220      32340 1 1 1 1 1 0 0
     32340      32460 0 0 0 0 0 1 0
     32400      32520 1 1 1 1 1 0 0
     32640      32760 1 1 1 1 1 0 0
     32820      32940 1 1 1 1 1 0 0
     32940      33060 0 0 0 0 0 1 0
     33000      33120 1 1 1 1 1 0 0
     33420      33540 1 1 1 1 1 0 0
     33540      33660 0 0 0 0 0 1 0
     33600      33720 1 1 1 1 1 0 0
     33840      33960 1 1 1 1 1 0 0
     33840      33960 0 1 0 0 0 0 0
     33840      33960 0 0 0 0 0 1 0
     33840      33960 0 0 0 0 0 1 0
     34020      34140 1 1 1 1 1 0 0
     34140      34260 0 0 0 0 0 1 0
     34260      34380 1 1 1 1 1 0 0
     34440      34560 1 1 1 1 1 0 0
     34620      34740 1 1 1 1 1 0 0
     34740      34860 0 0 0 0 0 1 0
     34800      34920 1 1 1 1 1 0 0
     35040      35160 1 1 1 1 1 0 0
     35220      35340 1 1 1 1 1 0 0
     35340      35460 0 0 0 0 0 1 0
     35460      35580 1 1 1 1 1 0 0
     35640      35760 1 1 1 1 1 0 0
     35820      35940 1 1 1 1 1 0 0
     35940      36060 0 0 0 0 0 1 0
     36060      36180 1 1 1 1 1 0 0
     36240      36360 1 1 1 1 1 0 0
     36420      36540 1 1 1 1 1 0 0
     36540      36660 0 0 0 0 0 1 0
     36660      36780 1 1 1 1 1 0 0
     36960      37080 1 1 1 1 1 0 0
     37140      37260 0 0 0 0 0 1 0
     37440      37560 0 0 0 0 0 1 0
     37440      37560 0 0 0 0 0 1 0
     37560      37680 1 1 1 1 1 0 0
     37740      37860 0 0 0 0 0 1 0
     37860      37980 1 1 1 1 1 0 0
     38160      38280 0 0 0 1 0 0 0
     38160      38280 1 1 1 1 1 0 0
     38340      38460 0 0 0 0 0 1 0
     38760      38880 1 1 1 1 1 0 0
     38760      38880 0 0 0 1 0 0 0
     38940      39060 0 0 0 0 0 1 0
     39360      39480 0 0 0 1 0 0 0
     39360      39480 0 0 0 0 1 0 0
     39360      39480 1 1 1 1 1 0 0
     39540      39660 0 0 0 0 0 1 0
     39960      40080 1 1 1 1 1 0 0
     39960      40080 0 0 0 1 0 0 0
     40140      40260 0 0 0 0 0 1 0
     40560      40680 1 0 0 0 0 0 0
     40560      40680 0 0 0 1 0 0 0
     40560      40680 1 1 1 1 1 0 0
     40740      40860 0 0 0 0 0 1 0
     41040      41160 0 0 0 0 0 1 0
     41040      41160 0 0 0 0 0 1 0
     41160      41280 0 0 0 1 0 0 0
     41160      41280 1 1 1 1 1 0 0
     41160      41280 1 0 0 0 0 0 0
     41160      41280 1 0 0 0 0 0 0
     41340      41460 0 0 0 0 0 1 0
     41760      41880 1 1 1 1 1 0 0
     41760      41880 0 0 0 1 0 0 0
     41760      41880 1 0 0 0 0 0 0
     41940      42060 0 0 0 0 0 1 0
     42360      42480 1 0 0 0 0 0 0
     42360      42480 1 1 1 1 1 0 0
     42360      42480 0 0 0 1 0 0 0
     42540      42660 0 0 0 0 0 1 0
     42960      43080 1 1 1 1 1 0 0
     42960      43080 0 0 0 1 0 0 0
     42960      43080 1 0 0 0 0 0 0
     43140      43260 0 0 0 0 0 1 0
     43560      43680 0 0 0 1 0 0 0
     43560      43680 1 0 0 0 0 0 0
     43560      43680 1 1 1 1 1 0 0
     43740      43860 0 0 0 0 0 1 0
     44160      44280 1 0 0 0 0 0 0
     44160      44280 1 1 1 1 1 0 0
     44160      44280 0 0 0 1 0 0 0
     44340      44460 0 0 0 0 0 1 0
     44640      44760 0 0 0 0 0 1 0
     44640      44760 0 0 0 0 0 1 0
     44760      44880 0 0 0 1 0 0 0
     44760      44880 1 1 1 1 1 0 0
     44760      44880 1 0 0 0 0 0 0
     44760      44880 1 0 0 0 0 0 0
     44940      45060 0 0 0 0 0 1 0
     45360      45480 1 1 1 1 1 0 0
     45360      45480 1 0 0 0 0 0 0
     45360      45480 0 0 0 1 0 0 0
     45540      45660 0 0 0 0 0 1 0
     45960      46080 1 1 1 1 1 0 0
     45960      46080 0 0 0 1 0 0 0
     45960      46080 1 0 0 0 0 0 0
     46140      46260 0 0 0 0 0 1 0
     46560      46680 1 1 1 1 1 0 0
     46560      46680 0 0 0 1 0 0 0
     46740      46860 0 0 0 0 0 1 0
     47160      47280 0 0 0 1 0 0 0
     47160      47280 1 1 1 1 1 0 0
     47340      47460 0 0 0 0 0 1 0
     47760      47880 0 0 0 1 0 0 0
     47760      47880 1 1 1 1 1 0 0
     47940      48060 0 0 0 0 0 1 0
     48240      48360 0 0 0 0 0 1 0
     48240      48360 0 0 0 0 0 1 0
     48360      48480 1 1 1 1 1 0 0
     48540      48660 0 0 0 0 0 1 0
     48960      49080 1 1 1 1 1 0 0
     49140      49260 0 0 0 0 0 1 0
     49560      49680 1 1 1 1 1 0 0
     49740      49860 0 0 0 0 0 1 0
     50160      50280 1 1 1 1 1 0 0
     50340      50460 0 0 0 0 0 1 0
     50760      50880 1 1 1 1 1 0 0
     50940      51060 0 0 0 0 0 1 0
     51360      51480 1 1 1 1 1 0 0
     51540      51660 0 0 0 0 0 1 0
     51840      51960 0 0 0 0 0 1 0
     51840      51960 0 0 0 0 0 1 0
     51960      52080 1 1 1 1 1 0 0
     52140      52260 0 0 0 0 0 1 0
     52560      52680 1 1 1 1 1 0 0
     52740      52860 0 0 0 0 0 1 0
     53160      53280 1 1 1 1 1 0 0
     53340      53460 0 0 0 0 0 1 0
     53760      53880 1 1 1 1 1 0 0
     53940      54060 0 0 0 0 0 1 0
     54360      54480 1 1 1 1 1 0 0
     54540      54660 0 0 0 0 0 1 0
     54960      55080 1 1 1 1 1 0 0
     55140      55260 0 0 0 0 0 1 0
     55440      55560 0 0 0 0 0 1 0
     55440      55560 0 0 0 0 0 1 0
     55560      55680 1 1 1 1 1 0 0
     55740      55860 0 0 0 0 0 1 0
     56160      56280 1 1 1 1 1 0 0
     56340      56460 0 0 0 0 0 1 0
     56760      56880 1 1 1 1 1 0 0
     56940      57060 1 1 1 1 1 0 0
     56940      57060 0 0 0 0 0 1 0
     57240      57360 0 0 0 0 0 1 0
     57300      57420 1 1 1 1 1 0 0
     57540      57660 1 1 1 1 1 0 0
     57540      57660 0 0 0 0 0 1 0
     57900      58020 1 1 1 1 1 0 0
     58140      58260 0 0 0 0 0 1 0
     58140      58260 1 1 1 1 1 0 0
     58560      58680 1 1 1 1 1 0 0
     58740      58860 1 1 1 1 1 0 0
     58740      58860 0 0 0 0 0 1 0
     59040      59160 0 0 0 0 0 1 0
     59040      59160 0 0 0 0 0 1 0
     59160      59280 1 1 1 1 1 0 0
     59340      59460 1 1 1 1 1 0 0
     59340      59460 0 0 0 0 0 1 0
     59760      59880 1 1 1 1 1 0 0
     59940      60060 0 0 0 0 0 1 0
     59940      60060 1 1 1 1 1 0 0
     60180      60300 1 1 1 1 1 0 0
     60180      60300 1 1 1 1 1 0 0
     60360      60480 1 1 1 1 1 0 0
     60540      60660 0 0 0 0 0 1 0
     60540      60660 1 1 1 1 1 0 0
     60960      61080 1 1 1 1 1 0 0
     61140      61260 0 0 0 0 0 1 0
     61140      61260 1 1 1 1 1 0 0
     61380      61500 1 1 1 1 1 0 0
     61560      61680 1 1 1 1 1 0 0
     61740      61860 0 0 0 0 0 1 0
     61740      61860 1 1 1 1 1 0 0
     61980      62100 1 1 1 1 1 0 0
     62160      62280 1 1 1 1 1 0 0
     62340      62460 0 0 0 0 0 1 0
     62340      62460 1 1 1 1 1 0 0
     62580      62700 1 1 1 1 1 0 0
     62580      62700 1 1 1 1 1 0 0
     62640      62760 0 0 0 0 0 1 0
     62640      62760 0 0 0 0 0 1 0
     62760      62880 1 1 1 1 1 0 0
     62940      63060 1 1 1 1 1 0 0
     62940      63060 0 0 0 0 0 1 0
     63180      63300 1 1 1 1 1 0 0
     63360      63480 1 1 1 1 1 0 0
     63540      63660 1 1 1 1 1 0 0
     63540      63660 0 0 0 0 0 1 0
     63780      63900 1 1 1 1 1 0 0
     63960      64080 1 1 1 1 1 0 0
     64140      64260 1 1 1 1 1 0 0
     64140      64260 0 0 0 0 0 1 0
     64380      64500 1 1 1 1 1 0 0
     64560      64680 1 1 1 1 1 0 0
     64740      64860 0 0 0 0 0 1 0
     64740      64860 1 1 1 1 1 0 0
     64980      65100 1 1 1 1 1 0 0
     64980      65100 1 1 1 1 1 0 0
     65160      65280 1 1 1 1 1 0 0
     65340      65460 1 1 1 1 1 0 0
     65340      65460 0 0 0 0 0 1 0
     65580      65700 1 1 1 1 1 0 0
     65760      65880 1 1 1 1 1 0 0
     65940      66060 0 0 0 0 0 1 0
     65940      66060 1 1 1 1 1 0 0
     66240      66360 0 0 0 0 0 1 0
     66240      66360 0 0 0 0 0 1 0
     66360      66480 1 1 1 1 1 0 0
     66540      66660 0 0 0 0 0 1 0
     66540      66660 1 1 1 1 1 0 0
     66780      66900 1 1 1 1 1 0 0
     66960      67080 1 1 1 1 1 0 0
     67140      67260 0 0 0 0 0 1 0
     67140      67260 1 1 1 1 1 0 0
     67560      67680 1 1 1 1 1 0 0
     67740      67860 0 0 0 0 0 1 0
     67740      67860 1 1 1 1 1 0 0
     68160      68280 1 1 1 1 1 0 0
     68340      68460 1 1 1 1 1 0 0
     68340      68460 0 0 0 0 0 1 0
     68760      68880 1 1 1 1 1 0 0
     68940      69060 0 0 0 0 0 1 0
     68940      69060 1 1 1 1 1 0 0
     69360      69480 1 1 1 1 1 0 0
     69540      69660 1 1 1 1 1 0 0
     69540      69660 0 0 0 0 0 1 0
     69840      69960 0 0 0 0 0 1 0
     69840      69960 0 0 0 0 0 1 0
     69960      70080 1 1 1 1 1 0 0
     70140      70260 0 0 0 0 0 1 0
     70140      70260 1 1 1 1 1 0 0
     70560      70680 1 1 1 1 1 0 0
     70740      70860 0 0 0 0 0 1 0
     70740      70860 1 1 1 1 1 0 0
     71160      71280 1 1 1 1 1 0 0
     71340      71460 0 0 0 0 0 1 0
     71460      71580 1 1 1 1 1 0 0
     71760      71880 1 1 1 1 1 0 0
     71940      72060 0 0 0 0 0 1 0
     72360      72480 1 1 1 1 1 0 0
     72540      72660 0 0 0 0 0 1 0
     72960      73080 1 1 1 1 1 0 0
     73140      73260 0 0 0 0 0 1 0
     73440      73560 0 0 0 0 0 1 0
     73440      73560 0 0 0 0 0 1 0
     73560      73680 0 0 0 1 0 0 0
     73560      73680 1 1 1 1 1 0 0
     73740      73860 0 0 0 0 0 1 0
     74160      74280 1 1 1 1 1 0 0
     74340      74460 0 0 0 0 0 1 0
     74760      74880 1 1 1 1 1 0 0
     74940      75060 0 0 0 0 0 1 0
     75360      75480 1 1 1 1 1 0 0
     75540      75660 0 0 0 0 0 1 0
     75840      75960 0 0 0 0 0 1 0
     75960      76080 1 1 1 1 1 0 0
     76440      76560 0 0 0 0 0 1 0
     76560      76680 1 1 0 1 0 0 0
     76560      76680 1 1 1 1 1 0 0
     77040      77160 0 0 0 0 0 1 0
     77040      77160 0 0 0 0 0 1 0
     77160      77280 1 1 1 1 1 0 0
     77340      77460 0 0 0 0 0 1 0
     77760      77880 1 1 0 1 0 0 0
     77760      77880 1 1 1 1 1 0 0
     78240      78360 0 0 0 0 0 1 0
     78360      78480 1 1 0 1 0 0 0
     78360      78480 0 0 0 0 1 0 0
     78360      78480 1 1 1 1 1 0 0
     78960      79080 1 1 0 1 0 0 0
     78960      79080 1 1 1 1 1 0 0
     79140      79260 0 0 0 0 0 1 0
     79560      79680 1 1 1 1 1 0 0
     79560      79680 1 1 0 1 0 0 0
     80040      80160 0 0 0 0 0 1 0
     80160      80280 1 1 1 1 1 0 0
     80640      80760 0 0 0 0 0 1 0
     80640      80760 0 0 0 0 0 1 0
     80760      80880 1 1 1 1 1 0 0
     80760      80880 1 1 0 1 0 0 0
     80940      81060 0 0 0 0 0 1 0
     81360      81480 1 1 0 1 0 0 0
     81360      81480 1 1 1 1 1 0 0
     81840      81960 0 0 0 0 0 1 0
     81960      82080 1 1 1 1 1 0 0
     82560      82680 1 1 0 1 0 0 0
     82560      82680 1 1 1 1 1 0 0
     82740      82860 0 0 0 0 0 1 0
     83160      83280 1 1 0 1 0 0 0
     83160      83280 1 1 1 1 1 0 0
     83640      83760 0 0 0 0 0 1 0
     83760      83880 1 1 1 1 1 0 0
     84240      84360 0 0 0 0 0 1 0
     84240      84360 0 0 0 0 0 1 0
     84360      84480 1 1 0 1 0 0 0
     84360      84480 1 1 1 1 1 0 0
     84540      84660 0 0 0 0 0 1 0
     84960      85080 1 1 1 1 1 0 0
     84960      85080 1 1 0 1 0 0 0
     85440      85560 0 0 0 0 0 1 0
     85560      85680 1 1 1 1 1 0 0
     86160      86280 1 1 0 1 0 0 0
     86160      86280 1 1 1 1 1 0 0
     86340         60 0 0 0 0 0 1 0
399
