       180        300 0 0 0 0 0 1 0
      1080       1200 0 0 0 0 0 1 0
      2880       3000 0 0 0 0 0 1 0
      3780       3900 0 0 0 0 0 1 0
      4680       4800 0 0 0 0 0 1 0
      5580       5700 0 0 0 0 0 1 0
     20280      20520 0 0 0 0 0 1 0
     22140      22320 0 0 0 0 0 1 0
     23880      24120 0 0 0 0 0 1 0
     25740      25920 0 0 0 0 0 1 0
     27540      27720 0 0 0 0 0 1 0
     29340      29520 0 0 0 0 0 1 0
     31140      31320 0 0 0 0 0 1 0
     32580      32700 0 0 0 0 0 1 0
     33240      33360 0 0 0 0 0 1 0
     34380      34500 0 0 0 0 0 1 0
     35040      35220 0 0 0 0 0 1 0
     36180      36300 0 0 0 0 0 1 0
     36840      36960 0 0 0 0 0 1 0
     37980      38100 0 0 0 0 0 1 0
     38640      38760 0 0 0 0 0 1 0
     38640      38760 0 0 0 0 0 0 0
     39780      39900 0 0 0 0 0 1 0
     40440      40560 0 0 0 0 0 1 0
     41580      41700 0 0 0 0 0 1 0
     42240      42360 0 0 0 0 0 1 0
     43380      43560 0 0 0 0 0 1 0
     44040      44160 0 0 0 0 0 1 0
     45180      45300 0 0 0 0 0 1 0
     45840      45960 0 0 0 0 0 1 0
     46980      47100 0 0 0 0 0 1 0
     47640      47760 0 0 0 0 0 1 0
     48780      48900 0 0 0 0 0 1 0
     49440      49560 0 0 0 0 0 1 0
     50580      50700 0 0 0 0 0 1 0
     51240      51360 0 0 0 0 0 1 0
     52380      52500 0 0 0 0 0 1 0
     53040      53160 0 0 0 0 0 1 0
     54180      54300 0 0 0 0 0 1 0
     54840      54960 0 0 0 0 0 1 0
     55980      56100 0 0 0 0 0 1 0
     56640      56760 0 0 0 0 0 1 0
     57780      57900 0 0 0 0 0 1 0
     58440      58560 0 0 0 0 0 1 0
     59580      59700 0 0 0 0 0 1 0
     60240      60360 0 0 0 0 0 1 0
     61380      61500 0 0 0 0 0 1 0
     62040      62220 0 0 0 0 0 1 0
     63180      63300 0 0 0 0 0 1 0
     63840      64020 0 0 0 0 0 1 0
     64980      65100 0 0 0 0 0 1 0
     65640      65760 0 0 0 0 0 1 0
     66780      66900 0 0 0 0 0 1 0
     67500      67620 0 0 0 0 0 1 0
     68580      68700 0 0 0 0 0 1 0
     69300      69420 0 0 0 0 0 1 0
     70380      70500 0 0 0 0 0 1 0
     71100      71220 0 0 0 0 0 1 0
     72180      72300 0 0 0 0 0 1 0
     72900      73020 0 0 0 0 0 1 0
     73980      74100 0 0 0 0 0 1 0
     74700      74820 0 0 0 0 0 1 0
     75780      75900 0 0 0 0 0 1 0
     76140      76320 0 0 0 0 0 1 0
     76680      76800 0 0 0 0 0 1 0
     77580      77700 0 0 0 0 0 1 0
     78480      78600 0 0 0 0 0 1 0
     79380      79500 0 0 0 0 0 1 0
     80280      80400 0 0 0 0 0 1 0
     81180      81300 0 0 0 0 0 1 0
     82080      82200 0 0 0 0 0 1 0
     82980      83100 0 0 0 0 0 1 0
     83880      84000 0 0 0 0 0 1 0
     84780      84900 0 0 0 0 0 1 0
     85680      85800 0 0 0 0 0 1 0
75
