         0        120 0 0 0 0 0 1 0
       120        240 1 1 0 1 0 0 0
       120        240 1 1 1 1 1 0 0
       720        840 1 1 1 1 1 0 0
       900       1020 0 0 0 0 0 1 0
      1320       1440 1 1 0 1 0 0 0
      1320       1440 1 1 1 1 1 0 0
      1800       1920 0 0 0 0 0 1 0
      2160       2280 1 1 1 1 1 0 0
      2160       2280 1 1 0 1 0 0 0
      3120       3240 0 0 0 0 0 1 0
      3120       3240 0 0 1 0 1 0 0
      3960       4080 0 0 1 0 1 0 0
      4620       4740 0 0 0 0 0 1 0
     16920      17040 1 1 1 1 1 0 0
     17460      17520 0 0 0 0 0 1 0
     17520      17640 1 1 1 1 1 0 0
     18120      18240 1 1 1 1 1 0 0
     18300      18360 1 1 1 1 1 0 0
     18300      18360 0 0 0 0 1 0 0
     18360      18420 0 0 0 0 0 1 0
     18720      18840 1 1 1 1 1 0 0
     18960      19020 0 0 0 0 0 1 0
     18960      19020 0 0 0 0 0 1 0
     19260      19320 0 0 0 0 0 1 0
     19320      19440 1 1 1 1 1 0 0
     19920      20040 1 1 1 1 1 0 0
     20100      20220 0 0 0 0 0 1 0
     20520      20640 1 1 1 1 1 0 0
     21060      21120 0 0 0 0 0 1 0
     21120      21240 1 1 1 1 1 0 0
     21720      21840 1 1 1 1 1 0 0
     21900      21960 1 1 1 1 1 0 0
     21900      22020 0 0 0 0 0 1 0
     22320      22440 1 1 1 1 1 0 0
     22860      22920 0 0 0 0 0 1 0
     22920      23040 1 1 1 1 1 0 0
     23340      23460 1 1 1 1 1 0 0
     23700      23820 0 0 0 0 0 1 0
     23760      23880 1 1 1 1 1 0 0
     24180      24240 0 0 0 0 0 1 0
     24180      24240 0 0 0 0 0 1 0
     24300      24420 1 1 1 1 1 0 0
     24480      24540 1 1 1 1 1 0 0
     24660      24720 0 0 0 0 0 1 0
     24720      24840 1 1 1 1 1 0 0
     25140      25260 1 1 1 1 1 0 0
     25320      25440 1 1 1 1 1 0 0
     25500      25620 0 0 0 0 0 1 0
     25680      25800 1 1 1 1 1 0 0
     25860      25920 0 0 0 0 0 1 0
     25920      26040 1 1 1 1 1 0 0
     26100      26220 1 1 1 1 1 0 0
     26460      26520 0 0 0 0 0 1 0
     26520      26640 1 1 1 1 1 0 0
     26880      27000 1 1 1 1 1 0 0
     26880      27000 1 1 1 1 1 0 0
     27120      27240 1 1 1 1 1 0 0
     27300      27420 0 0 0 0 0 1 0
     27300      27420 1 1 1 1 1 0 0
     27480      27600 1 1 1 1 1 0 0
     27720      27840 1 1 1 1 1 0 0
     27900      28020 1 1 1 1 1 0 0
     28080      28200 1 1 1 1 1 0 0
     28080      28200 1 1 1 1 1 0 0
     28260      28320 0 0 0 0 0 1 0
     28320      28440 1 1 1 1 1 0 0
     28500      28620 1 1 1 1 1 0 0
     28680      28800 1 1 1 1 1 0 0
     28920      29040 1 1 1 1 1 0 0
     29100      29220 1 1 1 1 1 0 0
     29100      29220 0 0 0 0 0 1 0
     29280      29400 1 1 1 1 1 0 0
     29280      29400 1 1 1 1 1 0 0
     29520      29640 1 1 1 1 1 0 0
     29700      29820 0 0 0 0 0 1 0
     29700      29820 1 1 1 1 1 0 0
     29880      30000 1 1 1 1 1 0 0
     30060      30120 0 0 0 0 0 1 0
     30060      30120 0 0 0 0 0 1 0
     30120      30240 1 1 1 1 1 0 0
     30300      30420 1 1 1 1 1 0 0
     30300      30420 0 0 0 0 0 1 0
     30480      30600 1 1 1 1 1 0 0
     30720      30840 1 1 1 1 1 0 0
     30900      31020 0 0 0 0 0 1 0
     30900      31020 1 1 1 1 1 0 0
     31080      31200 1 1 1 1 1 0 0
     31320      31440 1 1 1 1 1 0 0
     31500      31620 0 0 0 0 0 1 0
     31500      31620 1 1 1 1 1 0 0
     31680      31800 1 1 1 1 1 0 0
     31680      31800 1 1 1 1 1 0 0
     31920      32040 1 1 1 1 1 0 0
     32100      32220 0 0 0 0 0 1 0
     32100      32220 1 1 1 1 1 0 0
     32280      32400 1 1 1 1 1 0 0
     32520      32640 1 1 1 1 1 0 0
     32700      32820 0 0 0 0 0 1 0
     32700      32820 1 1 1 1 1 0 0
     32880      33000 1 1 1 1 1 0 0
     33120      33240 1 1 1 1 1 0 0
     33300      33420 1 1 1 1 1 0 0
     33300      33420 0 0 0 0 0 1 0
     33480      33600 1 1 1 1 1 0 0
     33660      33720 0 0 0 0 0 1 0
     33660      33720 0 0 0 0 0 1 0
     33720      33840 1 1 1 1 1 0 0
     33900      34020 1 1 1 1 1 0 0
     33900      34020 0 0 0 0 0 1 0
     34080      34200 1 1 1 1 1 0 0
     34080      34200 1 1 1 1 1 0 0
     34320      34440 1 1 1 1 1 0 0
     34500      34620 0 0 0 0 0 1 0
     34500      34620 1 1 1 1 1 0 0
     34680      34800 1 1 1 1 1 0 0
     34920      35040 1 1 1 1 1 0 0
     35100      35220 0 0 0 0 0 1 0
     35100      35220 1 1 1 1 1 0 0
     35520      35640 1 1 1 1 1 0 0
     35700      35820 0 0 0 0 0 1 0
     35820      35940 1 1 1 1 1 0 0
     36120      36240 1 1 1 1 1 0 0
     36300      36420 0 0 0 0 0 1 0
     36720      36840 1 1 1 1 1 0 0
     36900      37020 0 0 0 0 0 1 0
     37260      37320 0 0 0 0 0 1 0
     37260      37320 0 0 0 0 0 1 0
     37320      37440 1 1 1 1 1 0 0
     37500      37620 0 0 0 0 0 1 0
     37920      38040 1 1 1 1 1 0 0
     38100      38220 0 0 0 0 0 1 0
     38520      38640 1 1 1 1 1 0 0
     38700      38820 0 0 0 0 0 1 0
     39060      39180 0 0 0 0 0 1 0
     39060      39180 0 0 0 0 0 1 0
     39120      39240 1 1 1 1 1 0 0
     39300      39420 0 0 0 0 0 1 0
     39720      39840 1 1 1 1 1 0 0
     39900      40020 0 0 0 0 0 1 0
     40320      40440 1 1 1 1 1 0 0
     40500      40620 0 0 0 0 0 1 0
     40860      40920 0 0 0 0 0 1 0
     40860      40920 0 0 0 0 0 1 0
     40920      41040 1 1 1 1 1 0 0
     40920      41040 0 0 0 1 0 0 0
     41100      41220 0 0 0 0 0 1 0
     41160      41220 1 0 0 0 0 0 0
     41520      41640 1 1 1 1 1 0 0
     41520      41640 0 0 0 1 0 0 0
     41700      41820 0 0 0 0 0 1 0
     42120      42240 1 0 0 0 0 0 0
     42120      42240 0 0 0 0 1 0 0
     42120      42240 1 1 1 1 1 0 0
     42120      42240 1 0 0 0 0 0 0
     42300      42420 0 0 0 0 0 1 0
     42720      42840 0 0 0 1 0 0 0
     42720      42840 1 1 1 1 1 0 0
     42780      42900 1 0 0 0 0 0 0
     42900      43020 0 0 0 0 0 1 0
     42960      43020 1 0 0 0 0 0 0
     43320      43440 0 0 0 1 0 0 0
     43320      43440 1 1 1 1 1 0 0
     43380      43500 1 0 0 0 0 0 0
     43500      43620 0 0 0 0 0 1 0
     43920      44040 0 0 0 0 1 0 0
     43920      44040 1 1 1 1 1 0 0
     43920      44040 1 0 0 0 0 0 0
     44100      44220 0 0 0 0 0 1 0
     44460      44520 0 0 0 0 0 1 0
     44460      44520 0 0 0 0 0 1 0
     44520      44640 0 0 0 1 0 0 0
     44520      44640 1 1 1 1 1 0 0
     44580      44700 1 0 0 0 0 0 0
     44700      44820 0 0 0 0 0 1 0
     44760      44820 1 0 0 0 0 0 0
     45120      45240 1 0 0 0 0 0 0
     45120      45240 0 0 0 1 0 0 0
     45120      45240 1 1 1 1 1 0 0
     45360      45480 0 0 0 0 0 1 0
     45720      45840 1 0 0 0 0 0 0
     45720      45840 1 0 0 0 0 0 0
     45720      45840 0 0 0 1 0 0 0
     45720      45840 0 0 0 0 1 0 0
     45720      45840 1 1 1 1 1 0 0
     45900      46020 0 0 0 0 0 1 0
     46320      46440 1 0 0 0 0 0 0
     46320      46440 0 0 0 1 0 0 0
     46320      46440 1 1 1 1 1 0 0
     46500      46620 0 0 0 0 0 1 0
     46560      46620 1 0 0 0 0 0 0
     46920      47040 1 0 0 0 0 0 0
     46920      47040 0 0 0 1 0 0 0
     46920      47040 1 1 1 1 1 0 0
     47100      47220 0 0 0 0 0 1 0
     47520      47640 1 0 0 0 0 0 0
     47520      47640 1 1 1 1 1 0 0
     47520      47640 0 0 0 1 0 0 0
     47700      47820 0 0 0 0 0 1 0
     48060      48120 0 0 0 0 0 1 0
     48060      48120 0 0 0 0 0 1 0
     48120      48240 0 0 0 1 0 0 0
     48120      48240 1 1 1 1 1 0 0
     48300      48420 0 0 0 0 0 1 0
     48720      48840 0 0 0 1 0 0 0
     48720      48840 1 1 1 1 1 0 0
     48900      49020 0 0 0 0 0 1 0
     49320      49440 1 1 1 1 1 0 0
     49320      49440 0 0 0 1 0 0 0
     49500      49620 0 0 0 0 0 1 0
     49920      50040 1 1 1 1 1 0 0
     49920      50040 0 0 0 1 0 0 0
     50100      50220 0 0 0 0 0 1 0
     50520      50640 1 1 1 1 1 0 0
     50700      50820 0 0 0 0 0 1 0
     51120      51240 1 1 1 1 1 0 0
     51300      51420 0 0 0 0 0 1 0
     51660      51720 0 0 0 0 0 1 0
     51660      51720 0 0 0 0 0 1 0
     51720      51840 1 1 1 1 1 0 0
     51900      52020 0 0 0 0 0 1 0
     52320      52440 1 1 1 1 1 0 0
     52500      52620 0 0 0 0 0 1 0
     52920      53040 1 1 1 1 1 0 0
     53100      53220 0 0 0 0 0 1 0
     53520      53640 1 1 1 1 1 0 0
     53700      53820 0 0 0 0 0 1 0
     54120      54240 1 1 1 1 1 0 0
     54300      54420 0 0 0 0 0 1 0
     54720      54840 1 1 1 1 1 0 0
     54900      55020 0 0 0 0 0 1 0
     55260      55320 0 0 0 0 0 1 0
     55260      55320 0 0 0 0 0 1 0
     55320      55440 1 1 1 1 1 0 0
     55500      55620 0 0 0 0 0 1 0
     55680      55800 1 1 1 1 1 0 0
     55980      56100 1 1 1 1 1 0 0
     56100      56220 0 0 0 0 0 1 0
     56400      56520 1 1 1 1 1 0 0
     56580      56700 1 1 1 1 1 0 0
     56700      56820 0 0 0 0 0 1 0
     56760      56880 1 1 1 1 1 0 0
     57000      57120 1 1 1 1 1 0 0
     57180      57300 1 1 1 1 1 0 0
     57300      57420 0 0 0 0 0 1 0
     57480      57600 1 1 1 1 1 0 0
     57780      57900 1 1 1 1 1 0 0
     57900      58020 0 0 0 0 0 1 0
     58200      58320 1 1 1 1 1 0 0
     58380      58500 1 1 1 1 1 0 0
     58500      58620 0 0 0 0 0 1 0
     58620      58740 1 1 1 1 1 0 0
     58800      58920 1 1 1 1 1 0 0
     58860      58920 0 0 0 0 0 1 0
     58860      58920 0 0 0 0 0 1 0
     59040      59160 1 1 1 1 1 0 0
     59100      59220 0 0 0 0 0 1 0
     59400      59520 1 1 1 1 1 0 0
     59640      59760 1 1 1 1 1 0 0
     59700      59820 0 0 0 0 0 1 0
     59820      59940 1 1 1 1 1 0 0
     60000      60120 1 1 1 1 1 0 0
     60240      60360 1 1 1 1 1 0 0
     60300      60420 0 0 0 0 0 1 0
     60420      60540 1 1 1 1 1 0 0
     60600      60720 1 1 1 1 1 0 0
     60840      60960 1 1 1 1 1 0 0
     60900      61020 0 0 0 0 0 1 0
     61020      61140 1 1 1 1 1 0 0
     61200      61320 1 1 1 1 1 0 0
     61440      61560 1 1 1 1 1 0 0
     61500      61620 0 0 0 0 0 1 0
     61800      61920 1 1 1 1 1 0 0
     62040      62160 1 1 1 1 1 0 0
     62160      62220 0 0 0 0 0 1 0
     62220      62340 1 1 1 1 1 0 0
     62400      62520 1 1 1 1 1 0 0
     62460      62520 0 0 0 0 0 1 0
     62460      62520 0 0 0 0 0 1 0
     62640      62760 1 1 1 1 1 0 0
     62700      62820 0 0 0 0 0 1 0
     62820      62940 1 1 1 1 1 0 0
     63000      63120 1 1 1 1 1 0 0
     63240      63360 1 1 1 1 1 0 0
     63300      63420 0 0 0 0 0 1 0
     63420      63540 1 1 1 1 1 0 0
     63660      63780 1 1 1 1 1 0 0
     63840      63960 1 1 1 1 1 0 0
     63900      64020 0 0 0 0 0 1 0
     64020      64140 1 1 1 1 1 0 0
     64200      64320 1 1 1 1 1 0 0
     64440      64560 1 1 1 1 1 0 0
     64500      64620 0 0 0 0 0 1 0
     64800      64920 1 1 1 1 1 0 0
     65040      65160 0 0 1 0 0 0 0
     65040      65160 1 1 1 1 1 0 0
     65100      65220 0 0 0 0 0 1 0
     65220      65340 0 1 0 0 0 0 0
     65220      65340 1 1 1 1 1 0 0
     65400      65520 1 1 1 1 1 0 0
     65640      65760 1 1 1 1 1 0 0
     65700      65820 0 0 0 0 0 1 0
     66000      66120 1 1 1 1 1 0 0
     66060      66120 0 0 0 0 0 1 0
     66060      66120 0 0 0 0 0 1 0
     66240      66360 1 1 1 1 1 0 0
     66300      66420 0 0 0 0 0 1 0
     66600      66720 1 1 1 1 1 0 0
     66780      66900 1 1 1 1 1 0 0
     66900      67020 0 0 0 0 0 1 0
     67200      67320 1 1 1 1 1 0 0
     67380      67500 1 1 1 1 1 0 0
     67500      67620 0 0 0 0 0 1 0
     67800      67920 1 1 1 1 1 0 0
     67980      68100 1 1 1 1 1 0 0
     68100      68220 0 0 0 0 0 1 0
     68400      68520 1 1 1 1 1 0 0
     68580      68700 1 1 1 1 1 0 0
     68700      68820 0 0 0 0 0 1 0
     69000      69120 1 1 1 1 1 0 0
     69180      69300 1 1 1 1 1 0 0
     69300      69420 0 0 0 0 0 1 0
     69600      69720 1 1 1 1 1 0 0
     69660      69720 0 0 0 0 0 1 0
     69660      69720 0 0 0 0 0 1 0
     69780      69900 1 1 1 1 1 0 0
     69900      70020 0 0 0 0 0 1 0
     70080      70200 1 1 1 1 1 0 0
     70380      70500 1 1 1 1 1 0 0
     70500      70620 0 0 0 0 0 1 0
     70920      71040 1 1 1 1 1 0 0
     71100      71220 0 0 0 0 0 1 0
     71520      71640 1 1 1 1 1 0 0
     71700      71820 0 0 0 0 0 1 0
     72120      72240 1 1 1 1 1 0 0
     72300      72420 0 0 0 0 0 1 0
     72720      72840 1 1 1 1 1 0 0
     72900      73020 0 0 0 0 0 1 0
     73260      73320 0 0 0 0 0 1 0
     73260      73320 0 0 0 0 0 1 0
     73320      73440 1 1 1 1 1 0 0
     73620      73740 0 0 0 0 0 1 0
     73920      74040 1 1 1 1 1 0 0
     74100      74220 0 0 0 0 0 1 0
     74520      74640 1 1 1 1 1 0 0
     74700      74820 0 0 0 0 0 1 0
     75120      75240 1 1 1 1 1 0 0
     75600      75720 0 0 0 0 0 1 0
     75720      75840 1 1 1 1 1 0 0
     76320      76440 1 1 1 1 1 0 0
     76500      76620 0 0 0 0 0 1 0
     76920      77040 1 1 1 1 1 0 0
     77400      77520 0 0 0 0 0 1 0
     77520      77640 1 1 1 1 1 0 0
     77880      77940 0 0 0 0 0 1 0
     77880      77940 0 0 0 0 0 1 0
     78120      78240 0 0 0 1 0 0 0
     78120      78240 1 1 1 1 1 0 0
     78300      78420 0 0 0 0 0 1 0
     78720      78840 1 1 1 1 1 0 0
     79200      79320 0 0 0 0 0 1 0
     79320      79440 1 1 1 1 1 0 0
     79920      80040 1 1 1 1 1 0 0
     80100      80220 0 0 0 0 0 1 0
     80520      80640 1 1 0 1 0 0 0
     80520      80640 1 1 1 1 1 0 0
     81000      81120 0 0 0 0 0 1 0
     81120      81240 1 1 1 1 1 0 0
     81120      81240 1 1 0 1 0 0 0
     81480      81540 0 0 0 0 0 1 0
     81480      81540 0 0 0 0 0 1 0
     81720      81840 1 1 1 1 1 0 0
     81900      82020 0 0 0 0 0 1 0
     82320      82440 1 1 1 1 0 0 0
     82320      82440 0 0 0 1 0 0 0
     82320      82440 1 1 1 1 1 0 0
     82800      82920 0 0 0 0 0 1 0
     82920      83040 1 1 1 1 1 0 0
     82920      83040 1 1 0 1 0 0 0
     83520      83640 1 1 1 1 1 0 0
     83700      83820 0 0 0 0 0 1 0
     84120      84240 1 1 1 1 1 0 0
     84120      84240 1 1 0 1 0 0 0
     84600      84720 0 0 0 0 0 1 0
     84720      84840 1 1 1 1 1 0 0
     84720      84840 1 1 0 1 0 0 0
     85080      85140 0 0 0 0 0 1 0
     85080      85140 0 0 0 0 0 1 0
     85320      85440 1 1 1 1 1 0 0
     85500      85620 0 0 0 0 0 1 0
     85920      86040 0 0 0 1 0 0 0
     85920      86040 1 1 1 1 1 0 0
     85920      86040 1 1 0 1 0 0 0
393
