      1380       1560 1 1 0 1 0 0 0
      1380       1560 1 1 1 1 1 0 0
      1380       1560 0 0 0 0 1 0 0
      1380       1560 1 1 1 1 0 0 0
     16800      16980 1 1 1 1 1 0 0
     40980      41160 1 1 1 1 1 0 0
     40980      41160 0 1 0 0 0 0 0
     40980      41160 1 0 0 0 0 0 0
     40980      41160 0 0 0 1 0 0 0
     40980      41160 1 0 0 0 0 0 0
     44580      44760 1 0 0 0 0 0 0
     44580      44760 0 0 0 1 0 0 0
     44580      44760 0 1 0 0 0 0 0
     44580      44760 1 0 0 0 0 0 0
     44580      44760 1 1 1 1 1 0 0
     48180      48360 1 1 1 1 1 0 0
     48180      48360 0 1 0 0 0 0 0
     51780      51960 0 1 0 0 0 0 0
     51780      51960 1 1 1 1 1 0 0
     55320      55500 1 1 1 1 1 0 0
     55320      55500 0 1 0 0 0 0 0
     59040      59220 1 1 1 1 1 0 0
     67260      67440 1 1 1 1 1 0 0
     67260      67440 1 1 1 1 1 0 0
     67260      67500 0 0 1 0 0 0 0
     69720      69960 0 0 1 0 0 0 0
     69720      69900 1 1 1 1 1 0 0
     73380      73560 0 0 1 0 0 0 0
     73380      73560 1 1 1 1 1 0 0
     80580      80760 1 1 0 1 0 0 0
     80580      80760 1 1 1 1 1 0 0
     84180      84360 1 1 1 1 1 0 0
     84180      84420 0 0 1 0 0 0 0
     84180      84360 1 1 0 1 0 0 0
34
