       180        300 1 1 1 1 0 0 0
       180        300 1 1 0 1 0 0 0
       180        300 1 1 1 1 1 0 0
       720        780 0 0 0 0 0 1 0
       780        900 1 1 1 1 1 0 0
      1380       1500 0 0 0 1 0 0 0
      1380       1500 1 1 1 1 1 0 0
      1380       1500 1 1 0 1 0 0 0
      1620       1680 0 0 0 0 0 1 0
      1620       1680 0 0 0 0 0 1 0
      1980       2100 1 1 1 1 1 0 0
      1980       2100 1 1 1 1 0 0 0
      1980       2100 1 1 0 1 0 0 0
      2520       2580 0 0 0 0 0 1 0
      2580       2700 1 1 1 1 1 0 0
      3180       3300 1 1 0 1 0 0 0
      3180       3300 1 1 1 1 1 0 0
      3420       3480 0 0 0 0 0 1 0
      3420       3480 0 0 0 0 0 0 0
      3780       3900 1 1 1 1 0 0 0
      3780       3900 0 0 1 0 1 0 0
      3780       3900 0 0 0 1 0 0 0
      3780       3900 1 1 0 1 0 0 0
      4320       4380 0 0 0 0 0 1 0
      4980       5100 0 0 1 0 1 0 0
      5220       5280 0 0 0 0 0 1 0
      6180       6300 0 0 1 0 1 0 0
      6420       6480 0 0 0 0 0 1 0
     18180      18300 1 1 1 1 1 0 0
     18780      18900 1 1 1 1 1 0 0
     19020      19080 0 0 0 0 0 1 0
     19380      19500 1 1 1 1 1 0 0
     19920      19980 0 0 0 0 0 1 0
     19980      20100 1 1 1 1 1 0 0
     20580      20700 1 1 1 1 1 0 0
     20820      20880 0 0 0 0 0 1 0
     21180      21300 1 1 1 1 1 0 0
     21420      21540 1 1 1 1 1 0 0
     21720      21780 0 0 0 0 0 1 0
     21780      21900 1 1 1 1 1 0 0
     22380      22500 1 1 1 1 1 0 0
     22620      22680 0 0 0 0 0 1 0
     22980      23100 1 1 1 1 1 0 0
     23040      23100 0 0 0 0 0 1 0
     23040      23100 0 0 0 0 0 1 0
     23520      23580 0 0 0 0 0 1 0
     23580      23700 1 1 1 1 1 0 0
     24180      24300 1 1 1 1 1 0 0
     24420      24480 0 0 0 0 0 1 0
     24480      24600 1 1 1 1 1 0 0
     24660      24780 1 1 1 1 1 0 0
     25020      25140 1 1 1 1 1 0 0
     25320      25380 0 0 0 0 0 1 0
     25380      25500 1 1 1 1 1 0 0
     25860      25980 1 1 1 1 1 0 0
     26040      26160 1 1 1 1 1 0 0
     26220      26280 0 0 0 0 0 1 0
     26280      26400 1 1 1 1 1 0 0
     26460      26580 1 1 1 1 1 0 0
     26520      26580 0 0 0 0 0 1 0
     26520      26580 0 0 0 0 0 1 0
     26640      26760 1 1 1 1 1 0 0
     27060      27180 1 1 1 1 1 0 0
     27120      27180 0 0 0 0 0 1 0
     27240      27360 1 1 1 1 1 0 0
     27660      27780 1 1 1 1 1 0 0
     27840      27960 1 1 1 1 1 0 0
     28020      28080 0 0 0 0 0 1 0
     28260      28380 1 1 1 1 1 0 0
     28440      28560 1 1 1 1 1 0 0
     28620      28740 1 1 1 1 1 0 0
     28860      28980 1 1 1 1 1 0 0
     28920      28980 0 0 0 0 0 1 0
     29040      29160 1 1 1 1 1 0 0
     29220      29340 1 1 1 1 1 0 0
     29460      29580 1 1 1 1 1 0 0
     29640      29760 1 1 1 1 1 0 0
     29820      29880 0 0 0 0 0 1 0
     29820      29940 1 1 1 1 1 0 0
     30060      30180 1 1 1 1 1 0 0
     30120      30180 0 0 0 0 0 1 0
     30120      30180 0 0 0 0 0 1 0
     30240      30360 1 1 1 1 1 0 0
     30480      30600 1 1 1 1 1 0 0
     30660      30780 1 1 1 1 1 0 0
     30720      30780 0 0 0 0 0 1 0
     30840      30960 1 1 1 1 1 0 0
     31020      31140 1 1 1 1 1 0 0
     31260      31380 1 1 1 1 1 0 0
     31440      31560 1 1 1 1 1 0 0
     31620      31740 1 1 1 1 1 0 0
     31620      31680 0 0 0 0 0 1 0
     31860      31980 1 1 1 1 1 0 0
     32040      32160 1 1 1 1 1 0 0
     32220      32280 0 0 0 0 0 1 0
     32220      32340 1 1 1 1 1 0 0
     32460      32580 1 1 1 1 1 0 0
     32640      32760 1 1 1 1 1 0 0
     32760      32880 0 0 0 0 0 1 0
     32820      32940 1 1 1 1 1 0 0
     33240      33360 1 1 1 1 1 0 0
     33420      33480 0 0 0 0 0 1 0
     33420      33540 1 1 1 1 1 0 0
     33660      33780 0 1 0 0 0 0 0
     33660      33780 1 1 1 1 1 0 0
     33720      33780 0 0 0 0 0 1 0
     33720      33780 0 0 0 0 0 1 0
     33840      33960 1 1 1 1 1 0 0
     34020      34080 0 0 0 0 0 1 0
     34080      34200 1 1 1 1 1 0 0
     34260      34380 1 1 1 1 1 0 0
     34440      34560 1 1 1 1 1 0 0
     34620      34680 0 0 0 0 0 1 0
     34620      34740 1 1 1 1 1 0 0
     34860      34980 1 1 1 1 1 0 0
     35040      35160 1 1 1 1 1 0 0
     35220      35280 0 0 0 0 0 1 0
     35280      35400 1 1 1 1 1 0 0
     35460      35580 1 1 1 1 1 0 0
     35640      35760 1 1 1 1 1 0 0
     35820      35880 0 0 0 0 0 1 0
     35880      36000 1 1 1 1 1 0 0
     36060      36180 1 1 1 1 1 0 0
     36240      36360 1 1 1 1 1 0 0
     36360      36480 0 0 0 0 0 1 0
     36480      36600 1 1 1 1 1 0 0
     36780      36900 1 1 1 1 1 0 0
     37020      37080 0 0 0 0 0 1 0
     37320      37380 0 0 0 0 0 1 0
     37320      37380 0 0 0 0 0 1 0
     37380      37500 1 1 1 1 1 0 0
     37620      37680 0 0 0 0 0 1 0
     37680      37800 1 1 1 1 1 0 0
     37980      38100 1 1 1 1 1 0 0
     37980      38100 0 0 0 1 0 0 0
     38220      38280 0 0 0 0 0 1 0
     38580      38700 1 1 1 1 1 0 0
     38580      38700 0 0 0 1 0 0 0
     38820      38880 0 0 0 0 0 1 0
     39180      39300 0 0 0 0 1 0 0
     39180      39300 1 1 1 1 1 0 0
     39180      39300 0 0 0 1 0 0 0
     39420      39480 0 0 0 0 0 1 0
     39780      39900 1 1 1 1 1 0 0
     39780      39900 0 0 0 1 0 0 0
     39960      40080 0 0 0 0 0 1 0
     40380      40500 1 1 1 1 1 0 0
     40380      40500 1 0 0 0 0 0 0
     40380      40500 0 0 0 1 0 0 0
     40620      40680 0 0 0 0 0 1 0
     40920      40980 0 0 0 0 0 1 0
     40920      40980 0 0 0 0 0 1 0
     40980      41100 1 0 0 0 0 0 0
     40980      41100 1 1 1 1 1 0 0
     40980      41100 0 0 0 1 0 0 0
     40980      41100 1 0 0 0 0 0 0
     41220      41280 0 0 0 0 0 1 0
     41580      41700 1 0 0 0 0 0 0
     41580      41700 0 0 0 1 0 0 0
     41580      41700 1 1 1 1 1 0 0
     41820      41880 0 0 0 0 0 1 0
     42180      42300 0 0 0 1 0 0 0
     42180      42300 1 1 1 1 1 0 0
     42180      42300 1 0 0 0 0 0 0
     42420      42480 0 0 0 0 0 1 0
     42780      42900 1 1 1 1 1 0 0
     42780      42900 1 0 0 0 0 0 0
     42780      42900 0 0 0 1 0 0 0
     43020      43080 0 0 0 0 0 1 0
     43380      43500 1 0 0 0 0 0 0
     43380      43500 1 1 1 1 1 0 0
     43380      43500 0 0 0 1 0 0 0
     43560      43680 0 0 0 0 0 1 0
     43980      44100 0 0 0 1 0 0 0
     43980      44100 1 1 1 1 1 0 0
     43980      44100 1 0 0 0 0 0 0
     44220      44280 0 0 0 0 0 1 0
     44520      44580 0 0 0 0 0 1 0
     44520      44580 0 0 0 0 0 1 0
     44580      44700 1 0 0 0 0 0 0
     44580      44700 1 1 1 1 1 0 0
     44580      44700 0 0 0 1 0 0 0
     44580      44700 1 0 0 0 0 0 0
     44820      44880 0 0 0 0 0 1 0
     45180      45300 1 1 1 1 1 0 0
     45180      45300 1 0 0 0 0 0 0
     45180      45300 0 0 0 1 0 0 0
     45420      45480 0 0 0 0 0 1 0
     45780      45900 0 0 0 1 0 0 0
     45780      45900 1 0 0 0 0 0 0
     45780      45900 1 1 1 1 1 0 0
     46020      46080 0 0 0 0 0 1 0
     46380      46500 1 1 1 1 1 0 0
     46380      46500 0 0 0 1 0 0 0
     46620      46680 0 0 0 0 0 1 0
     46980      47100 0 0 0 1 0 0 0
     46980      47100 1 1 1 1 1 0 0
     47160      47280 0 0 0 0 0 1 0
     47580      47700 1 1 1 1 1 0 0
     47580      47700 0 0 0 1 0 0 0
     47820      47880 0 0 0 0 0 1 0
     48120      48180 0 0 0 0 0 1 0
     48120      48180 0 0 0 0 0 1 0
     48180      48300 1 1 1 1 1 0 0
     48420      48480 0 0 0 0 0 1 0
     48780      48900 1 1 1 1 1 0 0
     49020      49080 0 0 0 0 0 1 0
     49380      49500 1 1 1 1 1 0 0
     49620      49680 0 0 0 0 0 1 0
     49980      50100 1 1 1 1 1 0 0
     50220      50280 0 0 0 0 0 1 0
     50580      50700 1 1 1 1 1 0 0
     50760      50880 0 0 0 0 0 1 0
     51180      51300 1 1 1 1 1 0 0
     51420      51480 0 0 0 0 0 1 0
     51720      51780 0 0 0 0 0 1 0
     51720      51780 0 0 0 0 0 1 0
     51780      51900 1 1 1 1 1 0 0
     52020      52080 0 0 0 0 0 1 0
     52380      52500 1 1 1 1 1 0 0
     52620      52680 0 0 0 0 0 1 0
     52980      53100 1 1 1 1 1 0 0
     53220      53280 0 0 0 0 0 1 0
     53580      53700 1 1 1 1 1 0 0
     53820      53880 0 0 0 0 0 1 0
     54180      54300 1 1 1 1 1 0 0
     54360      54480 0 0 0 0 0 1 0
     54780      54900 1 1 1 1 1 0 0
     55020      55080 0 0 0 0 0 1 0
     55320      55380 0 0 0 0 0 1 0
     55320      55380 0 0 0 0 0 1 0
     55380      55500 1 1 1 1 1 0 0
     55620      55680 0 0 0 0 0 1 0
     55980      56100 1 1 1 1 1 0 0
     56220      56280 0 0 0 0 0 1 0
     56580      56700 1 1 1 1 1 0 0
     56760      56880 1 1 1 1 1 0 0
     56820      56880 0 0 0 0 0 1 0
     57120      57180 0 0 0 0 0 1 0
     57120      57240 1 1 1 1 1 0 0
     57360      57480 1 1 1 1 1 0 0
     57420      57480 0 0 0 0 0 1 0
     57720      57840 1 1 1 1 1 0 0
     57960      58080 0 0 0 0 0 1 0
     57960      58080 1 1 1 1 1 0 0
     58380      58500 1 1 1 1 1 0 0
     58560      58680 1 1 1 1 1 0 0
     58620      58680 0 0 0 0 0 1 0
     58920      58980 0 0 0 0 0 1 0
     58920      58980 0 0 0 0 0 1 0
     58980      59100 1 1 1 1 1 0 0
     59160      59280 1 1 1 1 1 0 0
     59220      59280 0 0 0 0 0 1 0
     59580      59700 1 1 1 1 1 0 0
     59760      59880 1 1 1 1 1 0 0
     59820      59880 0 0 0 0 0 1 0
     60000      60120 1 1 1 1 1 0 0
     60000      60120 1 1 1 1 1 0 0
     60180      60300 1 1 1 1 1 0 0
     60360      60480 1 1 1 1 1 0 0
     60420      60480 0 0 0 0 0 1 0
     60780      60900 1 1 1 1 1 0 0
     60960      61080 1 1 1 1 1 0 0
     61020      61080 0 0 0 0 0 1 0
     61200      61320 1 1 1 1 1 0 0
     61380      61500 1 1 1 1 1 0 0
     61560      61680 0 0 0 0 0 1 0
     61560      61680 1 1 1 1 1 0 0
     61800      61920 1 1 1 1 1 0 0
     61980      62100 1 1 1 1 1 0 0
     62160      62280 1 1 1 1 1 0 0
     62220      62280 0 0 0 0 0 1 0
     62400      62520 1 1 1 1 1 0 0
     62400      62520 1 1 1 1 1 0 0
     62520      62580 0 0 0 0 0 1 0
     62520      62580 0 0 0 0 0 1 0
     62580      62700 1 1 1 1 1 0 0
     62760      62880 1 1 1 1 1 0 0
     62820      62880 0 0 0 0 0 1 0
     63000      63120 1 1 1 1 1 0 0
     63180      63300 1 1 1 1 1 0 0
     63360      63480 1 1 1 1 1 0 0
     63420      63480 0 0 0 0 0 1 0
     63600      63720 1 1 1 1 1 0 0
     63780      63900 1 1 1 1 1 0 0
     63960      64080 1 1 1 1 1 0 0
     64020      64080 0 0 0 0 0 1 0
     64200      64320 1 1 1 1 1 0 0
     64380      64500 1 1 1 1 1 0 0
     64560      64680 1 1 1 1 1 0 0
     64620      64680 0 0 0 0 0 1 0
     64800      64920 1 1 1 1 1 0 0
     64800      64920 1 1 1 1 1 0 0
     64980      65100 1 1 1 1 1 0 0
     65160      65280 0 0 0 0 0 1 0
     65160      65280 1 1 1 1 1 0 0
     65400      65520 1 1 1 1 1 0 0
     65580      65700 1 1 1 1 1 0 0
     65760      65880 1 1 1 1 1 0 0
     65820      65880 0 0 0 0 0 1 0
     66120      66180 0 0 0 0 0 1 0
     66120      66180 0 0 0 0 0 1 0
     66180      66300 1 1 1 1 1 0 0
     66360      66480 1 1 1 1 1 0 0
     66420      66480 0 0 0 0 0 1 0
     66600      66720 1 1 1 1 1 0 0
     66780      66900 1 1 1 1 1 0 0
     66960      67080 1 1 1 1 1 0 0
     67020      67080 0 0 0 0 0 1 0
     67380      67500 1 1 1 1 1 0 0
     67560      67680 1 1 1 1 1 0 0
     67620      67680 0 0 0 0 0 1 0
     67980      68100 1 1 1 1 1 0 0
     68160      68280 1 1 1 1 1 0 0
     68220      68280 0 0 0 0 0 1 0
     68580      68700 1 1 1 1 1 0 0
     68760      68880 0 0 0 0 0 1 0
     68760      68880 1 1 1 1 1 0 0
     69180      69300 1 1 1 1 1 0 0
     69360      69480 1 1 1 1 1 0 0
     69420      69480 0 0 0 0 0 1 0
     69720      69780 0 0 0 0 0 1 0
     69720      69780 0 0 0 0 0 1 0
     69780      69900 1 1 1 1 1 0 0
     69960      70080 1 1 1 1 1 0 0
     70020      70080 0 0 0 0 0 1 0
     70380      70500 1 1 1 1 1 0 0
     70560      70680 1 1 1 1 1 0 0
     70620      70680 0 0 0 0 0 1 0
     70980      71100 1 1 1 1 1 0 0
     71220      71280 0 0 0 0 0 1 0
     71280      71400 1 1 1 1 1 0 0
     71580      71700 1 1 1 1 1 0 0
     71820      71880 0 0 0 0 0 1 0
     72180      72300 1 1 1 1 1 0 0
     72420      72480 0 0 0 0 0 1 0
     72780      72900 1 1 1 1 1 0 0
     73020      73080 0 0 0 0 0 1 0
     73320      73380 0 0 0 0 0 1 0
     73320      73380 0 0 0 0 0 1 0
     73380      73500 0 0 0 1 0 0 0
     73380      73500 1 1 1 1 1 0 0
     73620      73680 0 0 0 0 0 1 0
     73980      74100 1 1 1 1 1 0 0
     74220      74280 0 0 0 0 0 1 0
     74580      74700 1 1 1 1 1 0 0
     74820      74880 0 0 0 0 0 1 0
     75180      75300 1 1 1 1 1 0 0
     75420      75480 0 0 0 0 0 1 0
     75720      75780 0 0 0 0 0 1 0
     75780      75900 1 1 1 1 1 0 0
     76320      76380 0 0 0 0 0 1 0
     76380      76500 1 1 1 1 1 0 0
     76380      76500 1 1 0 1 0 0 0
     76920      76980 0 0 0 0 0 1 0
     76920      76980 0 0 0 0 0 1 0
     76980      77100 1 1 1 1 1 0 0
     77220      77280 0 0 0 0 0 1 0
     77580      77700 1 1 1 1 1 0 0
     77580      77700 1 1 0 1 0 0 0
     78120      78180 0 0 0 0 0 1 0
     78180      78300 1 1 0 1 0 0 0
     78180      78300 1 1 1 1 1 0 0
     78180      78300 0 0 0 0 1 0 0
     78780      78900 1 1 0 1 0 0 0
     78780      78900 1 1 1 1 1 0 0
     79020      79080 0 0 0 0 0 1 0
     79380      79500 1 1 0 1 0 0 0
     79380      79500 1 1 1 1 1 0 0
     79920      79980 0 0 0 0 0 1 0
     79980      80100 1 1 1 1 1 0 0
     80520      80580 0 0 0 0 0 1 0
     80520      80580 0 0 0 0 0 1 0
     80580      80700 1 1 0 1 0 0 0
     80580      80700 1 1 1 1 1 0 0
     80820      80880 0 0 0 0 0 1 0
     81180      81300 1 1 1 1 1 0 0
     81180      81300 1 1 0 1 0 0 0
     81720      81780 0 0 0 0 0 1 0
     81780      81900 1 1 1 1 1 0 0
     82380      82500 1 1 1 1 1 0 0
     82380      82500 1 1 0 1 0 0 0
     82620      82680 0 0 0 0 0 1 0
     82980      83100 1 1 1 1 1 0 0
     82980      83100 1 1 0 1 0 0 0
     83520      83580 0 0 0 0 0 1 0
     83580      83700 1 1 1 1 1 0 0
     84120      84180 0 0 0 0 0 1 0
     84120      84180 0 0 0 0 0 1 0
     84180      84300 1 1 1 1 1 0 0
     84180      84300 1 1 0 1 0 0 0
     84420      84480 0 0 0 0 0 1 0
     84780      84900 1 1 0 1 0 0 0
     84780      84900 1 1 1 1 1 0 0
     85320      85380 0 0 0 0 0 1 0
     85380      85500 1 1 1 1 1 0 0
     85980      86100 1 1 1 1 1 0 0
     85980      86100 1 1 0 1 0 0 0
     86220      86280 0 0 0 0 0 1 0
399
