       540        660 1 1 1 1 1 0 0
       780        840 0 0 0 0 0 1 0
      1140       1260 1 1 1 1 1 0 0
      1140       1260 1 1 0 1 0 0 0
      1680       1740 0 0 0 0 0 1 0
      1980       2100 1 1 1 1 1 0 0
      1980       2100 1 1 0 1 0 0 0
      2940       3060 0 0 1 0 1 0 0
      3000       3060 0 0 0 0 0 1 0
      3780       3900 0 0 1 0 1 0 0
      4500       4560 0 0 0 0 0 1 0
     16740      16860 1 1 1 1 1 0 0
     17280      17400 0 0 0 0 0 1 0
     17340      17460 1 1 1 1 1 0 0
     17940      18060 1 1 1 1 1 0 0
     18120      18240 1 1 1 1 1 0 0
     18120      18240 0 0 0 0 1 0 0
     18180      18300 0 0 0 0 0 1 0
     18540      18660 1 1 1 1 1 0 0
     18780      18900 0 0 0 0 0 1 0
     18780      18900 0 0 0 0 0 1 0
     19080      19200 0 0 0 0 0 1 0
     19140      19260 1 1 1 1 1 0 0
     19740      19860 1 1 1 1 1 0 0
     19980      20040 0 0 0 0 0 1 0
     20340      20460 1 1 1 1 1 0 0
     20880      21000 0 0 0 0 0 1 0
     20940      21060 1 1 1 1 1 0 0
     21540      21660 1 1 1 1 1 0 0
     21720      21840 1 1 1 1 1 0 0
     21780      21840 0 0 0 0 0 1 0
     22140      22260 1 1 1 1 1 0 0
     22680      22800 0 0 0 0 0 1 0
     22740      22860 1 1 1 1 1 0 0
     23160      23280 1 1 1 1 1 0 0
     23580      23640 0 0 0 0 0 1 0
     23580      23700 1 1 1 1 1 0 0
     24000      24120 0 0 0 0 0 1 0
     24000      24120 0 0 0 0 0 1 0
     24120      24240 1 1 1 1 1 0 0
     24300      24420 1 1 1 1 1 0 0
     24480      24600 0 0 0 0 0 1 0
     24540      24660 1 1 1 1 1 0 0
     24960      25080 1 1 1 1 1 0 0
     25140      25260 1 1 1 1 1 0 0
     25380      25440 0 0 0 0 0 1 0
     25500      25620 1 1 1 1 1 0 0
     25680      25800 0 0 0 0 0 1 0
     25740      25860 1 1 1 1 1 0 0
     25920      26040 1 1 1 1 1 0 0
     26280      26400 0 0 0 0 0 1 0
     26340      26460 1 1 1 1 1 0 0
     26700      26820 1 1 1 1 1 0 0
     26700      26820 1 1 1 1 1 0 0
     26940      27060 1 1 1 1 1 0 0
     27120      27240 1 1 1 1 1 0 0
     27180      27240 0 0 0 0 0 1 0
     27300      27420 1 1 1 1 1 0 0
     27540      27660 1 1 1 1 1 0 0
     27720      27840 1 1 1 1 1 0 0
     27900      28020 1 1 1 1 1 0 0
     27900      28020 1 1 1 1 1 0 0
     28080      28200 0 0 0 0 0 1 0
     28140      28260 1 1 1 1 1 0 0
     28320      28440 1 1 1 1 1 0 0
     28500      28620 1 1 1 1 1 0 0
     28740      28860 1 1 1 1 1 0 0
     28920      29040 1 1 1 1 1 0 0
     28980      29040 0 0 0 0 0 1 0
     29100      29220 1 1 1 1 1 0 0
     29100      29220 1 1 1 1 1 0 0
     29340      29460 1 1 1 1 1 0 0
     29520      29640 1 1 1 1 1 0 0
     29580      29640 0 0 0 0 0 1 0
     29700      29820 1 1 1 1 1 0 0
     29880      30000 0 0 0 0 0 1 0
     29880      30000 0 0 0 0 0 1 0
     29940      30060 1 1 1 1 1 0 0
     30120      30240 1 1 1 1 1 0 0
     30180      30240 0 0 0 0 0 1 0
     30300      30420 1 1 1 1 1 0 0
     30540      30660 1 1 1 1 1 0 0
     30720      30840 1 1 1 1 1 0 0
     30780      30840 0 0 0 0 0 1 0
     30900      31020 1 1 1 1 1 0 0
     31140      31260 1 1 1 1 1 0 0
     31320      31440 1 1 1 1 1 0 0
     31380      31440 0 0 0 0 0 1 0
     31500      31620 1 1 1 1 1 0 0
     31500      31620 1 1 1 1 1 0 0
     31740      31860 1 1 1 1 1 0 0
     31920      32040 1 1 1 1 1 0 0
     31980      32040 0 0 0 0 0 1 0
     32100      32220 1 1 1 1 1 0 0
     32340      32460 1 1 1 1 1 0 0
     32520      32640 1 1 1 1 1 0 0
     32580      32640 0 0 0 0 0 1 0
     32700      32820 1 1 1 1 1 0 0
     32940      33060 1 1 1 1 1 0 0
     33120      33240 1 1 1 1 1 0 0
     33180      33240 0 0 0 0 0 1 0
     33300      33420 1 1 1 1 1 0 0
     33480      33600 0 0 0 0 0 1 0
     33480      33600 0 0 0 0 0 1 0
     33540      33660 1 1 1 1 1 0 0
     33720      33840 1 1 1 1 1 0 0
     33780      33840 0 0 0 0 0 1 0
     33900      34020 1 1 1 1 1 0 0
     33900      34020 1 1 1 1 1 0 0
     34140      34260 1 1 1 1 1 0 0
     34320      34440 1 1 1 1 1 0 0
     34380      34440 0 0 0 0 0 1 0
     34500      34620 1 1 1 1 1 0 0
     34740      34860 1 1 1 1 1 0 0
     34920      35040 1 1 1 1 1 0 0
     34980      35040 0 0 0 0 0 1 0
     35340      35460 1 1 1 1 1 0 0
     35580      35640 0 0 0 0 0 1 0
     35640      35760 1 1 1 1 1 0 0
     35940      36060 1 1 1 1 1 0 0
     36180      36240 0 0 0 0 0 1 0
     36540      36660 1 1 1 1 1 0 0
     36780      36840 0 0 0 0 0 1 0
     37080      37200 0 0 0 0 0 1 0
     37080      37200 0 0 0 0 0 1 0
     37140      37260 1 1 1 1 1 0 0
     37380      37440 0 0 0 0 0 1 0
     37740      37860 1 1 1 1 1 0 0
     37980      38040 0 0 0 0 0 1 0
     38340      38460 1 1 1 1 1 0 0
     38580      38640 0 0 0 0 0 1 0
     38880      39000 0 0 0 0 0 1 0
     38880      39000 0 0 0 0 0 1 0
     38940      39060 1 1 1 1 1 0 0
     39180      39240 0 0 0 0 0 1 0
     39540      39660 1 1 1 1 1 0 0
     39780      39840 0 0 0 0 0 1 0
     40140      40260 1 1 1 1 1 0 0
     40380      40440 0 0 0 0 0 1 0
     40680      40800 0 0 0 0 0 1 0
     40680      40800 0 0 0 0 0 1 0
     40740      40860 1 1 1 1 1 0 0
     40740      40860 0 0 0 1 0 0 0
     40980      41040 0 0 0 0 0 1 0
     40980      41100 1 0 0 0 0 0 0
     41340      41460 0 0 0 1 0 0 0
     41340      41460 1 1 1 1 1 0 0
     41580      41640 0 0 0 0 0 1 0
     41940      42060 1 1 1 1 1 0 0
     41940      42060 1 0 0 0 0 0 0
     41940      42060 0 0 0 0 1 0 0
     42000      42060 1 0 0 0 0 0 0
     42180      42240 0 0 0 0 0 1 0
     42540      42660 1 1 1 1 1 0 0
     42540      42660 0 0 0 1 0 0 0
     42600      42720 1 0 0 0 0 0 0
     42780      42840 0 0 0 0 0 1 0
     42780      42900 1 0 0 0 0 0 0
     43140      43260 1 1 1 1 1 0 0
     43140      43260 0 0 0 1 0 0 0
     43260      43320 1 0 0 0 0 0 0
     43380      43440 0 0 0 0 0 1 0
     43740      43860 0 0 0 0 1 0 0
     43740      43860 1 0 0 0 0 0 0
     43740      43860 1 1 1 1 1 0 0
     43980      44040 0 0 0 0 0 1 0
     44280      44400 0 0 0 0 0 1 0
     44280      44400 0 0 0 0 0 1 0
     44340      44460 0 0 0 1 0 0 0
     44340      44460 1 1 1 1 1 0 0
     44400      44520 1 0 0 0 0 0 0
     44580      44640 0 0 0 0 0 1 0
     44580      44700 1 0 0 0 0 0 0
     44940      45060 0 0 0 1 0 0 0
     44940      45060 1 1 1 1 1 0 0
     44940      45060 1 0 0 0 0 0 0
     45240      45300 0 0 0 0 0 1 0
     45540      45660 1 0 0 0 0 0 0
     45540      45660 0 0 0 1 0 0 0
     45540      45660 1 1 1 1 1 0 0
     45540      45660 1 0 0 0 0 0 0
     45540      45660 0 0 0 0 1 0 0
     45780      45840 0 0 0 0 0 1 0
     46140      46260 0 0 0 1 0 0 0
     46140      46260 1 1 1 1 1 0 0
     46140      46260 1 0 0 0 0 0 0
     46380      46440 0 0 0 0 0 1 0
     46380      46500 1 0 0 0 0 0 0
     46740      46860 0 0 0 1 0 0 0
     46740      46860 1 1 1 1 1 0 0
     46740      46860 1 0 0 0 0 0 0
     46980      47040 0 0 0 0 0 1 0
     47340      47460 1 1 1 1 1 0 0
     47340      47460 0 0 0 1 0 0 0
     47340      47460 1 0 0 0 0 0 0
     47580      47640 0 0 0 0 0 1 0
     47880      48000 0 0 0 0 0 1 0
     47880      48000 0 0 0 0 0 1 0
     47940      48060 1 1 1 1 1 0 0
     47940      48060 0 0 0 1 0 0 0
     48180      48240 0 0 0 0 0 1 0
     48540      48660 1 1 1 1 1 0 0
     48540      48660 0 0 0 1 0 0 0
     48780      48840 0 0 0 0 0 1 0
     49140      49260 0 0 0 1 0 0 0
     49140      49260 1 1 1 1 1 0 0
     49380      49440 0 0 0 0 0 1 0
     49740      49860 1 1 1 1 1 0 0
     49740      49860 0 0 0 1 0 0 0
     49980      50040 0 0 0 0 0 1 0
     50340      50460 1 1 1 1 1 0 0
     50580      50640 0 0 0 0 0 1 0
     50940      51060 1 1 1 1 1 0 0
     51180      51240 0 0 0 0 0 1 0
     51480      51600 0 0 0 0 0 1 0
     51480      51600 0 0 0 0 0 1 0
     51540      51660 1 1 1 1 1 0 0
     51780      51840 0 0 0 0 0 1 0
     52140      52260 1 1 1 1 1 0 0
     52380      52440 0 0 0 0 0 1 0
     52740      52860 1 1 1 1 1 0 0
     52980      53040 0 0 0 0 0 1 0
     53340      53460 1 1 1 1 1 0 0
     53580      53640 0 0 0 0 0 1 0
     53940      54060 1 1 1 1 1 0 0
     54180      54240 0 0 0 0 0 1 0
     54540      54660 1 1 1 1 1 0 0
     54780      54840 0 0 0 0 0 1 0
     55080      55200 0 0 0 0 0 1 0
     55080      55200 0 0 0 0 0 1 0
     55140      55260 1 1 1 1 1 0 0
     55380      55440 0 0 0 0 0 1 0
     55500      55620 1 1 1 1 1 0 0
     55800      55920 1 1 1 1 1 0 0
     55980      56040 0 0 0 0 0 1 0
     56220      56340 1 1 1 1 1 0 0
     56400      56520 1 1 1 1 1 0 0
     56580      56700 1 1 1 1 1 0 0
     56580      56640 0 0 0 0 0 1 0
     56820      56940 1 1 1 1 1 0 0
     57000      57120 1 1 1 1 1 0 0
     57180      57240 0 0 0 0 0 1 0
     57300      57420 1 1 1 1 1 0 0
     57600      57720 1 1 1 1 1 0 0
     57780      57840 0 0 0 0 0 1 0
     58020      58140 1 1 1 1 1 0 0
     58200      58320 1 1 1 1 1 0 0
     58380      58440 0 0 0 0 0 1 0
     58440      58560 1 1 1 1 1 0 0
     58620      58740 1 1 1 1 1 0 0
     58680      58800 0 0 0 0 0 1 0
     58680      58800 0 0 0 0 0 1 0
     58860      58980 1 1 1 1 1 0 0
     58980      59040 0 0 0 0 0 1 0
     59220      59340 1 1 1 1 1 0 0
     59460      59580 1 1 1 1 1 0 0
     59580      59640 0 0 0 0 0 1 0
     59640      59760 1 1 1 1 1 0 0
     59820      59940 1 1 1 1 1 0 0
     60060      60180 1 1 1 1 1 0 0
     60180      60240 0 0 0 0 0 1 0
     60240      60360 1 1 1 1 1 0 0
     60420      60540 1 1 1 1 1 0 0
     60660      60780 1 1 1 1 1 0 0
     60780      60840 0 0 0 0 0 1 0
     60840      60960 1 1 1 1 1 0 0
     61020      61140 1 1 1 1 1 0 0
     61260      61380 1 1 1 1 1 0 0
     61380      61440 0 0 0 0 0 1 0
     61620      61740 1 1 1 1 1 0 0
     61860      61980 1 1 1 1 1 0 0
     61980      62100 0 0 0 0 0 1 0
     62040      62160 1 1 1 1 1 0 0
     62220      62340 1 1 1 1 1 0 0
     62280      62400 0 0 0 0 0 1 0
     62280      62400 0 0 0 0 0 1 0
     62460      62580 1 1 1 1 1 0 0
     62580      62640 0 0 0 0 0 1 0
     62640      62760 1 1 1 1 1 0 0
     62820      62940 1 1 1 1 1 0 0
     63060      63180 1 1 1 1 1 0 0
     63180      63240 0 0 0 0 0 1 0
     63240      63360 1 1 1 1 1 0 0
     63480      63600 1 1 1 1 1 0 0
     63660      63780 1 1 1 1 1 0 0
     63780      63840 0 0 0 0 0 1 0
     63840      63960 1 1 1 1 1 0 0
     64020      64140 1 1 1 1 1 0 0
     64260      64380 1 1 1 1 1 0 0
     64380      64440 0 0 0 0 0 1 0
     64620      64740 1 1 1 1 1 0 0
     64860      64980 1 1 1 1 1 0 0
     64860      64980 0 0 1 0 0 0 0
     64980      65040 0 0 0 0 0 1 0
     65040      65160 0 1 0 0 0 0 0
     65040      65160 1 1 1 1 1 0 0
     65220      65340 1 1 1 1 1 0 0
     65460      65580 1 1 1 1 1 0 0
     65580      65640 0 0 0 0 0 1 0
     65820      65940 1 1 1 1 1 0 0
     65880      66000 0 0 0 0 0 1 0
     65880      66000 0 0 0 0 0 1 0
     66060      66180 1 1 1 1 1 0 0
     66180      66240 0 0 0 0 0 1 0
     66420      66540 1 1 1 1 1 0 0
     66600      66720 1 1 1 1 1 0 0
     66780      66840 0 0 0 0 0 1 0
     67020      67140 1 1 1 1 1 0 0
     67200      67320 1 1 1 1 1 0 0
     67380      67440 0 0 0 0 0 1 0
     67620      67740 1 1 1 1 1 0 0
     67800      67920 1 1 1 1 1 0 0
     67980      68040 0 0 0 0 0 1 0
     68220      68340 1 1 1 1 1 0 0
     68400      68520 1 1 1 1 1 0 0
     68580      68640 0 0 0 0 0 1 0
     68820      68940 1 1 1 1 1 0 0
     69000      69120 1 1 1 1 1 0 0
     69180      69240 0 0 0 0 0 1 0
     69420      69540 1 1 1 1 1 0 0
     69480      69600 0 0 0 0 0 1 0
     69480      69600 0 0 0 0 0 1 0
     69600      69720 1 1 1 1 1 0 0
     69780      69840 0 0 0 0 0 1 0
     69900      70020 1 1 1 1 1 0 0
     70200      70320 1 1 1 1 1 0 0
     70380      70440 0 0 0 0 0 1 0
     70740      70860 1 1 1 1 1 0 0
     70980      71040 0 0 0 0 0 1 0
     71340      71460 1 1 1 1 1 0 0
     71580      71640 0 0 0 0 0 1 0
     71940      72060 1 1 1 1 1 0 0
     72180      72240 0 0 0 0 0 1 0
     72540      72660 1 1 1 1 1 0 0
     72780      72840 0 0 0 0 0 1 0
     73080      73200 0 0 0 0 0 1 0
     73080      73200 0 0 0 0 0 1 0
     73140      73260 1 1 1 1 1 0 0
     73500      73560 0 0 0 0 0 1 0
     73740      73860 1 1 1 1 1 0 0
     73980      74040 0 0 0 0 0 1 0
     74340      74460 1 1 1 1 1 0 0
     74580      74640 0 0 0 0 0 1 0
     74940      75060 1 1 1 1 1 0 0
     75480      75540 0 0 0 0 0 1 0
     75540      75660 1 1 1 1 1 0 0
     76140      76260 1 1 1 1 1 0 0
     76380      76440 0 0 0 0 0 1 0
     76740      76860 1 1 1 1 1 0 0
     77280      77340 0 0 0 0 0 1 0
     77340      77460 1 1 1 1 1 0 0
     77700      77820 0 0 0 0 0 1 0
     77700      77820 0 0 0 0 0 1 0
     77940      78060 1 1 1 1 1 0 0
     77940      78060 0 0 0 1 0 0 0
     78180      78240 0 0 0 0 0 1 0
     78540      78660 1 1 1 1 1 0 0
     79080      79140 0 0 0 0 0 1 0
     79140      79260 1 1 1 1 1 0 0
     79740      79860 1 1 1 1 1 0 0
     79980      80040 0 0 0 0 0 1 0
     80340      80460 1 1 0 1 0 0 0
     80340      80460 1 1 1 1 1 0 0
     80880      80940 0 0 0 0 0 1 0
     80940      81060 1 1 1 1 1 0 0
     80940      81060 1 1 0 1 0 0 0
     81300      81420 0 0 0 0 0 1 0
     81300      81420 0 0 0 0 0 1 0
     81540      81660 1 1 1 1 1 0 0
     81780      81840 0 0 0 0 0 1 0
     82140      82260 1 1 1 1 1 0 0
     82140      82260 0 0 0 1 0 0 0
     82140      82260 1 1 1 1 0 0 0
     82680      82740 0 0 0 0 0 1 0
     82740      82860 1 1 0 1 0 0 0
     82740      82860 1 1 1 1 1 0 0
     83340      83460 1 1 1 1 1 0 0
     83580      83640 0 0 0 0 0 1 0
     83940      84060 1 1 1 1 1 0 0
     83940      84060 1 1 0 1 0 0 0
     84480      84540 0 0 0 0 0 1 0
     84540      84660 1 1 1 1 1 0 0
     84540      84660 1 1 0 1 0 0 0
     84900      85020 0 0 0 0 0 1 0
     84900      85020 0 0 0 0 0 1 0
     85140      85260 1 1 1 1 1 0 0
     85380      85440 0 0 0 0 0 1 0
     85740      85860 1 1 0 1 0 0 0
     85740      85860 1 1 1 1 1 0 0
     85740      85860 0 0 0 1 0 0 0
     86280      86340 0 0 0 0 0 1 0
     86340         60 1 1 0 1 0 0 0
     86340         60 1 1 1 1 1 0 0
393
