        60        180 1 1 0 1 0 0 0
        60        180 1 1 1 1 0 0 0
       540        660 0 0 0 0 0 1 0
       660        780 1 1 1 1 1 0 0
      1260       1380 0 0 0 1 0 0 0
      1260       1380 1 1 1 1 1 0 0
      1260       1380 1 1 0 1 0 0 0
      1440       1560 0 0 0 0 0 1 0
      1440       1560 0 0 0 0 0 1 0
      1860       1980 1 1 1 1 1 0 0
      1860       1980 1 1 0 1 0 0 0
      1860       1980 1 1 1 1 0 0 0
      2340       2460 0 0 0 0 0 1 0
      2460       2580 1 1 1 1 1 0 0
      3060       3180 1 1 1 1 1 0 0
      3060       3180 1 1 0 1 0 0 0
      3240       3360 0 0 0 0 0 1 0
      3240       3360 0 0 0 0 0 0 0
      3660       3780 0 0 1 0 1 0 0
      3660       3780 0 0 0 1 0 0 0
      3660       3780 1 1 0 1 0 0 0
      3660       3780 1 1 1 1 0 0 0
      4140       4260 0 0 0 0 0 1 0
      4860       4980 0 0 1 0 1 0 0
      5040       5160 0 0 0 0 0 1 0
      6060       6180 0 0 1 0 1 0 0
      6240       6360 0 0 0 0 0 1 0
     18060      18180 1 1 1 1 1 0 0
     18660      18780 1 1 1 1 1 0 0
     18840      18960 0 0 0 0 0 1 0
     19260      19380 1 1 1 1 1 0 0
     19740      19860 0 0 0 0 0 1 0
     19860      19980 1 1 1 1 1 0 0
     20460      20580 1 1 1 1 1 0 0
     20640      20760 0 0 0 0 0 1 0
     21060      21180 1 1 1 1 1 0 0
     21540      21660 0 0 0 0 0 1 0
     21660      21780 1 1 1 1 1 0 0
     22260      22380 1 1 1 1 1 0 0
     22440      22560 0 0 0 0 0 1 0
     22860      22980 1 1 1 1 1 0 0
     22860      22980 0 0 0 0 0 1 0
     22860      22980 0 0 0 0 0 1 0
     23340      23460 0 0 0 0 0 1 0
     23460      23580 1 1 1 1 1 0 0
     24060      24180 1 1 1 1 1 0 0
     24240      24360 0 0 0 0 0 1 0
     24540      24660 1 1 1 1 1 0 0
     24900      25020 1 1 1 1 1 0 0
     25140      25260 0 0 0 0 0 1 0
     25260      25380 1 1 1 1 1 0 0
     25740      25860 1 1 1 1 1 0 0
     25920      26040 1 1 1 1 1 0 0
     26040      26160 0 0 0 0 0 1 0
     26340      26460 0 0 0 0 0 1 0
     26340      26460 0 0 0 0 0 1 0
     26340      26460 1 1 1 1 1 0 0
     26520      26640 1 1 1 1 1 0 0
     26940      27060 0 0 0 0 0 1 0
     26940      27060 1 1 1 1 1 0 0
     27120      27240 1 1 1 1 1 0 0
     27540      27660 1 1 1 1 1 0 0
     27720      27840 1 1 1 1 1 0 0
     27840      27960 0 0 0 0 0 1 0
     28140      28260 1 1 1 1 1 0 0
     28320      28440 1 1 1 1 1 0 0
     28500      28620 1 1 1 1 1 0 0
     28740      28860 0 0 0 0 0 1 0
     28740      28860 1 1 1 1 1 0 0
     28920      29040 1 1 1 1 1 0 0
     29100      29220 1 1 1 1 1 0 0
     29340      29460 1 1 1 1 1 0 0
     29520      29640 1 1 1 1 1 0 0
     29640      29760 0 0 0 0 0 1 0
     29700      29820 1 1 1 1 1 0 0
     29940      30060 0 0 0 0 0 1 0
     29940      30060 0 0 0 0 0 1 0
     29940      30060 1 1 1 1 1 0 0
     30120      30240 1 1 1 1 1 0 0
     30360      30480 1 1 1 1 1 0 0
     30540      30660 1 1 1 1 1 0 0
     30540      30660 0 0 0 0 0 1 0
     30720      30840 1 1 1 1 1 0 0
     30900      31020 1 1 1 1 1 0 0
     31140      31260 1 1 1 1 1 0 0
     31320      31440 1 1 1 1 1 0 0
     31440      31560 0 0 0 0 0 1 0
     31500      31620 1 1 1 1 1 0 0
     31740      31860 1 1 1 1 1 0 0
     31920      32040 1 1 1 1 1 0 0
     32040      32160 0 0 0 0 0 1 0
     32100      32220 1 1 1 1 1 0 0
     32340      32460 1 1 1 1 1 0 0
     32520      32640 1 1 1 1 1 0 0
     32640      32700 0 0 0 0 0 1 0
     32700      32820 1 1 1 1 1 0 0
     33120      33240 1 1 1 1 1 0 0
     33240      33360 0 0 0 0 0 1 0
     33300      33420 1 1 1 1 1 0 0
     33540      33660 0 1 0 0 0 0 0
     33540      33660 0 0 0 0 0 1 0
     33540      33660 1 1 1 1 1 0 0
     33540      33660 0 0 0 0 0 1 0
     33720      33840 1 1 1 1 1 0 0
     33840      33960 0 0 0 0 0 1 0
     33960      34080 1 1 1 1 1 0 0
     34140      34260 1 1 1 1 1 0 0
     34320      34440 1 1 1 1 1 0 0
     34440      34560 0 0 0 0 0 1 0
     34500      34620 1 1 1 1 1 0 0
     34740      34860 1 1 1 1 1 0 0
     34920      35040 1 1 1 1 1 0 0
     35040      35160 0 0 0 0 0 1 0
     35160      35280 1 1 1 1 1 0 0
     35340      35460 1 1 1 1 1 0 0
     35520      35640 1 1 1 1 1 0 0
     35640      35760 0 0 0 0 0 1 0
     35760      35880 1 1 1 1 1 0 0
     35940      36060 1 1 1 1 1 0 0
     36120      36240 1 1 1 1 1 0 0
     36240      36300 0 0 0 0 0 1 0
     36360      36480 1 1 1 1 1 0 0
     36660      36780 1 1 1 1 1 0 0
     36840      36960 0 0 0 0 0 1 0
     37140      37260 0 0 0 0 0 1 0
     37140      37260 0 0 0 0 0 1 0
     37260      37380 1 1 1 1 1 0 0
     37440      37560 0 0 0 0 0 1 0
     37560      37680 1 1 1 1 1 0 0
     37860      37980 0 0 0 1 0 0 0
     37860      37980 1 1 1 1 1 0 0
     38040      38160 0 0 0 0 0 1 0
     38460      38580 1 1 1 1 1 0 0
     38460      38580 0 0 0 1 0 0 0
     38640      38760 0 0 0 0 0 1 0
     39060      39180 0 0 0 1 0 0 0
     39060      39180 0 0 0 0 1 0 0
     39060      39180 1 1 1 1 1 0 0
     39240      39360 0 0 0 0 0 1 0
     39660      39780 0 0 0 1 0 0 0
     39660      39780 1 1 1 1 1 0 0
     39840      39900 0 0 0 0 0 1 0
     40260      40380 1 1 1 1 1 0 0
     40260      40380 0 0 0 1 0 0 0
     40260      40380 1 0 0 0 0 0 0
     40440      40560 0 0 0 0 0 1 0
     40740      40860 0 0 0 0 0 1 0
     40740      40860 0 0 0 0 0 1 0
     40860      40980 1 0 0 0 0 0 0
     40860      40980 1 0 0 0 0 0 0
     40860      40980 0 0 0 1 0 0 0
     40860      40980 1 1 1 1 1 0 0
     41040      41160 0 0 0 0 0 1 0
     41460      41580 0 0 0 1 0 0 0
     41460      41580 1 0 0 0 0 0 0
     41460      41580 1 1 1 1 1 0 0
     41640      41760 0 0 0 0 0 1 0
     42060      42180 1 0 0 0 0 0 0
     42060      42180 0 0 0 1 0 0 0
     42060      42180 1 1 1 1 1 0 0
     42240      42360 0 0 0 0 0 1 0
     42660      42780 0 0 0 1 0 0 0
     42660      42780 1 1 1 1 1 0 0
     42660      42780 1 0 0 0 0 0 0
     42840      42960 0 0 0 0 0 1 0
     43260      43380 0 0 0 1 0 0 0
     43260      43380 1 1 1 1 1 0 0
     43260      43380 1 0 0 0 0 0 0
     43440      43500 0 0 0 0 0 1 0
     43860      43980 1 0 0 0 0 0 0
     43860      43980 1 1 1 1 1 0 0
     43860      43980 0 0 0 1 0 0 0
     44040      44160 0 0 0 0 0 1 0
     44340      44460 0 0 0 0 0 1 0
     44340      44460 0 0 0 0 0 1 0
     44460      44580 1 1 1 1 1 0 0
     44460      44580 1 0 0 0 0 0 0
     44460      44580 1 0 0 0 0 0 0
     44460      44580 0 0 0 1 0 0 0
     44640      44760 0 0 0 0 0 1 0
     45060      45180 1 0 0 0 0 0 0
     45060      45180 1 1 1 1 1 0 0
     45060      45180 0 0 0 1 0 0 0
     45240      45360 0 0 0 0 0 1 0
     45660      45780 1 1 1 1 1 0 0
     45660      45780 1 0 0 0 0 0 0
     45660      45780 0 0 0 1 0 0 0
     45840      45960 0 0 0 0 0 1 0
     46260      46380 0 0 0 1 0 0 0
     46260      46380 1 1 1 1 1 0 0
     46440      46560 0 0 0 0 0 1 0
     46860      46980 1 1 1 1 1 0 0
     46860      46980 0 0 0 1 0 0 0
     47040      47100 0 0 0 0 0 1 0
     47460      47580 0 0 0 1 0 0 0
     47460      47580 1 1 1 1 1 0 0
     47640      47760 0 0 0 0 0 1 0
     47940      48060 0 0 0 0 0 1 0
     47940      48060 0 0 0 0 0 1 0
     48060      48180 1 1 1 1 1 0 0
     48240      48360 0 0 0 0 0 1 0
     48660      48780 1 1 1 1 1 0 0
     48840      48960 0 0 0 0 0 1 0
     49260      49380 1 1 1 1 1 0 0
     49440      49560 0 0 0 0 0 1 0
     49860      49980 1 1 1 1 1 0 0
     50040      50160 0 0 0 0 0 1 0
     50460      50580 1 1 1 1 1 0 0
     50640      50700 0 0 0 0 0 1 0
     51060      51180 1 1 1 1 1 0 0
     51240      51360 0 0 0 0 0 1 0
     51540      51660 0 0 0 0 0 1 0
     51540      51660 0 0 0 0 0 1 0
     51660      51780 1 1 1 1 1 0 0
     51840      51960 0 0 0 0 0 1 0
     52260      52380 1 1 1 1 1 0 0
     52440      52560 0 0 0 0 0 1 0
     52860      52980 1 1 1 1 1 0 0
     53040      53160 0 0 0 0 0 1 0
     53460      53580 1 1 1 1 1 0 0
     53640      53760 0 0 0 0 0 1 0
     54060      54180 1 1 1 1 1 0 0
     54240      54300 0 0 0 0 0 1 0
     54660      54780 1 1 1 1 1 0 0
     54840      54960 0 0 0 0 0 1 0
     55140      55260 0 0 0 0 0 1 0
     55140      55260 0 0 0 0 0 1 0
     55260      55380 1 1 1 1 1 0 0
     55440      55560 0 0 0 0 0 1 0
     55860      55980 1 1 1 1 1 0 0
     56040      56160 0 0 0 0 0 1 0
     56460      56580 1 1 1 1 1 0 0
     56640      56760 1 1 1 1 1 0 0
     56640      56760 0 0 0 0 0 1 0
     56940      57060 0 0 0 0 0 1 0
     57000      57120 1 1 1 1 1 0 0
     57240      57360 0 0 0 0 0 1 0
     57240      57360 1 1 1 1 1 0 0
     57600      57720 1 1 1 1 1 0 0
     57840      57900 0 0 0 0 0 1 0
     57840      57960 1 1 1 1 1 0 0
     58260      58380 1 1 1 1 1 0 0
     58440      58560 1 1 1 1 1 0 0
     58440      58560 0 0 0 0 0 1 0
     58740      58860 0 0 0 0 0 1 0
     58740      58860 0 0 0 0 0 1 0
     58860      58980 1 1 1 1 1 0 0
     59040      59160 0 0 0 0 0 1 0
     59040      59160 1 1 1 1 1 0 0
     59460      59580 1 1 1 1 1 0 0
     59640      59760 0 0 0 0 0 1 0
     59640      59760 1 1 1 1 1 0 0
     59880      60000 1 1 1 1 1 0 0
     59880      60000 1 1 1 1 1 0 0
     60060      60180 1 1 1 1 1 0 0
     60240      60360 1 1 1 1 1 0 0
     60240      60360 0 0 0 0 0 1 0
     60660      60780 1 1 1 1 1 0 0
     60840      60960 0 0 0 0 0 1 0
     60840      60960 1 1 1 1 1 0 0
     61080      61200 1 1 1 1 1 0 0
     61260      61380 1 1 1 1 1 0 0
     61440      61560 1 1 1 1 1 0 0
     61440      61500 0 0 0 0 0 1 0
     61680      61800 1 1 1 1 1 0 0
     61860      61980 1 1 1 1 1 0 0
     62040      62160 0 0 0 0 0 1 0
     62040      62160 1 1 1 1 1 0 0
     62280      62400 1 1 1 1 1 0 0
     62280      62400 1 1 1 1 1 0 0
     62340      62460 0 0 0 0 0 1 0
     62340      62460 0 0 0 0 0 1 0
     62460      62580 1 1 1 1 1 0 0
     62640      62760 0 0 0 0 0 1 0
     62640      62760 1 1 1 1 1 0 0
     62880      63000 1 1 1 1 1 0 0
     63060      63180 1 1 1 1 1 0 0
     63240      63360 1 1 1 1 1 0 0
     63240      63360 0 0 0 0 0 1 0
     63480      63600 1 1 1 1 1 0 0
     63660      63780 1 1 1 1 1 0 0
     63840      63960 0 0 0 0 0 1 0
     63840      63960 1 1 1 1 1 0 0
     64080      64200 1 1 1 1 1 0 0
     64260      64380 1 1 1 1 1 0 0
     64440      64560 0 0 0 0 0 1 0
     64440      64560 1 1 1 1 1 0 0
     64680      64800 1 1 1 1 1 0 0
     64680      64800 1 1 1 1 1 0 0
     64860      64980 1 1 1 1 1 0 0
     65040      65100 0 0 0 0 0 1 0
     65040      65160 1 1 1 1 1 0 0
     65280      65400 1 1 1 1 1 0 0
     65460      65580 1 1 1 1 1 0 0
     65640      65760 0 0 0 0 0 1 0
     65640      65760 1 1 1 1 1 0 0
     65940      66060 0 0 0 0 0 1 0
     65940      66060 0 0 0 0 0 1 0
     66060      66180 1 1 1 1 1 0 0
     66240      66360 1 1 1 1 1 0 0
     66240      66360 0 0 0 0 0 1 0
     66480      66600 1 1 1 1 1 0 0
     66660      66780 1 1 1 1 1 0 0
     66840      66960 0 0 0 0 0 1 0
     66840      66960 1 1 1 1 1 0 0
     67260      67380 1 1 1 1 1 0 0
     67440      67560 1 1 1 1 1 0 0
     67440      67560 0 0 0 0 0 1 0
     67860      67980 1 1 1 1 1 0 0
     68040      68160 0 0 0 0 0 1 0
     68040      68160 1 1 1 1 1 0 0
     68460      68580 1 1 1 1 1 0 0
     68640      68700 0 0 0 0 0 1 0
     68640      68760 1 1 1 1 1 0 0
     69060      69180 1 1 1 1 1 0 0
     69240      69360 0 0 0 0 0 1 0
     69240      69360 1 1 1 1 1 0 0
     69540      69660 0 0 0 0 0 1 0
     69540      69660 0 0 0 0 0 1 0
     69660      69780 1 1 1 1 1 0 0
     69840      69960 1 1 1 1 1 0 0
     69840      69960 0 0 0 0 0 1 0
     70260      70380 1 1 1 1 1 0 0
     70440      70560 1 1 1 1 1 0 0
     70440      70560 0 0 0 0 0 1 0
     70860      70980 1 1 1 1 1 0 0
     71040      71160 0 0 0 0 0 1 0
     71160      71280 1 1 1 1 1 0 0
     71460      71580 1 1 1 1 1 0 0
     71640      71760 0 0 0 0 0 1 0
     72060      72180 1 1 1 1 1 0 0
     72240      72360 0 0 0 0 0 1 0
     72660      72780 1 1 1 1 1 0 0
     72840      72960 0 0 0 0 0 1 0
     73140      73260 0 0 0 0 0 1 0
     73140      73260 0 0 0 0 0 1 0
     73260      73380 0 0 0 1 0 0 0
     73260      73380 1 1 1 1 1 0 0
     73440      73560 0 0 0 0 0 1 0
     73860      73980 1 1 1 1 1 0 0
     74040      74160 0 0 0 0 0 1 0
     74460      74580 1 1 1 1 1 0 0
     74640      74760 0 0 0 0 0 1 0
     75060      75180 1 1 1 1 1 0 0
     75240      75360 0 0 0 0 0 1 0
     75540      75660 0 0 0 0 0 1 0
     75660      75780 1 1 1 1 1 0 0
     76140      76260 0 0 0 0 0 1 0
     76260      76380 1 1 1 1 1 0 0
     76260      76380 1 1 0 1 0 0 0
     76740      76860 0 0 0 0 0 1 0
     76740      76860 0 0 0 0 0 1 0
     76860      76980 1 1 1 1 1 0 0
     77040      77160 0 0 0 0 0 1 0
     77460      77580 1 1 1 1 1 0 0
     77460      77580 1 1 0 1 0 0 0
     77940      78060 0 0 0 0 0 1 0
     78060      78180 1 1 0 1 0 0 0
     78060      78180 0 0 0 0 1 0 0
     78060      78180 1 1 1 1 1 0 0
     78660      78780 1 1 1 1 1 0 0
     78660      78780 1 1 0 1 0 0 0
     78840      78960 0 0 0 0 0 1 0
     79260      79380 1 1 1 1 1 0 0
     79260      79380 1 1 0 1 0 0 0
     79740      79860 0 0 0 0 0 1 0
     79860      79980 1 1 1 1 1 0 0
     80340      80460 0 0 0 0 0 1 0
     80340      80460 0 0 0 0 0 1 0
     80460      80580 1 1 0 1 0 0 0
     80460      80580 1 1 1 1 1 0 0
     80640      80760 0 0 0 0 0 1 0
     81060      81180 1 1 0 1 0 0 0
     81060      81180 1 1 1 1 1 0 0
     81540      81660 0 0 0 0 0 1 0
     81660      81780 1 1 1 1 1 0 0
     82260      82380 1 1 1 1 1 0 0
     82260      82380 1 1 0 1 0 0 0
     82440      82560 0 0 0 0 0 1 0
     82860      82980 1 1 0 1 0 0 0
     82860      82980 1 1 1 1 1 0 0
     83340      83460 0 0 0 0 0 1 0
     83460      83580 1 1 1 1 1 0 0
     83940      84060 0 0 0 0 0 1 0
     83940      84060 0 0 0 0 0 1 0
     84060      84180 1 1 0 1 0 0 0
     84060      84180 1 1 1 1 1 0 0
     84240      84360 0 0 0 0 0 1 0
     84660      84780 1 1 0 1 0 0 0
     84660      84780 1 1 1 1 1 0 0
     85140      85260 0 0 0 0 0 1 0
     85260      85380 1 1 1 1 1 0 0
     85860      85980 1 1 1 1 1 0 0
     85860      85980 1 1 0 1 0 0 0
     86040      86160 0 0 0 0 0 1 0
395
