       300        480 0 0 0 0 0 1 0
       360        540 1 1 0 1 0 0 0
       360        540 1 1 1 1 1 0 0
       960       1140 1 1 1 1 1 0 0
      1260       1380 0 0 0 0 0 1 0
      1560       1740 1 1 1 1 1 0 0
      1560       1740 1 1 0 1 0 0 0
      2100       2280 0 0 0 0 0 1 0
      2400       2580 1 1 0 1 0 0 0
      2400       2580 1 1 1 1 1 0 0
      3360       3540 0 0 1 0 1 0 0
      3420       3600 0 0 0 0 0 1 0
      4200       4380 0 0 1 0 1 0 0
      4920       5100 0 0 0 0 0 1 0
     17160      17340 1 1 1 1 1 0 0
     17760      17880 0 0 0 0 0 1 0
     17760      17940 1 1 1 1 1 0 0
     18360      18540 1 1 1 1 1 0 0
     18660      18780 0 0 0 0 0 1 0
     18960      19140 1 1 1 1 1 0 0
     19260      19380 0 0 0 0 0 1 0
     19260      19380 0 0 0 0 0 1 0
     19560      19740 1 1 1 1 1 0 0
     19560      19680 0 0 0 0 0 1 0
     20160      20340 1 1 1 1 1 0 0
     20400      20580 0 0 0 0 0 1 0
     20760      20940 1 1 1 1 1 0 0
     21360      21540 1 1 1 1 1 0 0
     21360      21480 0 0 0 0 0 1 0
     21960      22140 1 1 1 1 1 0 0
     22200      22380 0 0 0 0 0 1 0
     22560      22740 1 1 1 1 1 0 0
     23160      23340 1 1 1 1 1 0 0
     23160      23280 0 0 0 0 0 1 0
     23580      23760 1 1 1 1 1 0 0
     24000      24180 0 0 0 0 0 1 0
     24000      24180 1 1 1 1 1 0 0
     24480      24600 0 0 0 0 0 1 0
     24480      24600 0 0 0 0 0 1 0
     24540      24720 1 1 1 1 1 0 0
     24960      25140 1 1 1 1 1 0 0
     24960      25080 0 0 0 0 0 1 0
     25380      25560 1 1 1 1 1 0 0
     25560      25740 1 1 1 1 1 0 0
     25800      25980 0 0 0 0 0 1 0
     25920      26100 1 1 1 1 1 0 0
     26160      26340 1 1 1 1 1 0 0
     26160      26280 0 0 0 0 0 1 0
     26340      26520 1 1 1 1 1 0 0
     26760      26940 1 1 1 1 1 0 0
     26760      26880 0 0 0 0 0 1 0
     27120      27300 1 1 1 1 1 0 0
     27120      27300 1 1 1 1 1 0 0
     27360      27540 1 1 1 1 1 0 0
     27540      27720 1 1 1 1 1 0 0
     27600      27780 0 0 0 0 0 1 0
     27720      27900 1 1 1 1 1 0 0
     27960      28140 1 1 1 1 1 0 0
     28140      28320 1 1 1 1 1 0 0
     28320      28500 1 1 1 1 1 0 0
     28320      28500 1 1 1 1 1 0 0
     28560      28680 0 0 0 0 0 1 0
     28560      28740 1 1 1 1 1 0 0
     28740      28920 1 1 1 1 1 0 0
     28920      29100 1 1 1 1 1 0 0
     29160      29340 1 1 1 1 1 0 0
     29340      29520 1 1 1 1 1 0 0
     29400      29580 0 0 0 0 0 1 0
     29520      29700 1 1 1 1 1 0 0
     29520      29700 1 1 1 1 1 0 0
     29760      29940 1 1 1 1 1 0 0
     29940      30120 1 1 1 1 1 0 0
     30060      30180 0 0 0 0 0 1 0
     30120      30300 1 1 1 1 1 0 0
     30360      30540 1 1 1 1 1 0 0
     30360      30480 0 0 0 0 0 1 0
     30360      30480 0 0 0 0 0 1 0
     30540      30720 1 1 1 1 1 0 0
     30660      30780 0 0 0 0 0 1 0
     30720      30900 1 1 1 1 1 0 0
     30960      31140 1 1 1 1 1 0 0
     31140      31320 1 1 1 1 1 0 0
     31200      31380 0 0 0 0 0 1 0
     31320      31500 1 1 1 1 1 0 0
     31560      31740 1 1 1 1 1 0 0
     31740      31920 1 1 1 1 1 0 0
     31860      31980 0 0 0 0 0 1 0
     31920      32100 1 1 1 1 1 0 0
     31920      32100 1 1 1 1 1 0 0
     32160      32340 1 1 1 1 1 0 0
     32340      32520 1 1 1 1 1 0 0
     32460      32580 0 0 0 0 0 1 0
     32520      32700 1 1 1 1 1 0 0
     32760      32940 1 1 1 1 1 0 0
     32940      33120 1 1 1 1 1 0 0
     33000      33180 0 0 0 0 0 1 0
     33120      33300 1 1 1 1 1 0 0
     33360      33540 1 1 1 1 1 0 0
     33540      33720 1 1 1 1 1 0 0
     33660      33780 0 0 0 0 0 1 0
     33720      33900 1 1 1 1 1 0 0
     33960      34080 0 0 0 0 0 1 0
     33960      34140 1 1 1 1 1 0 0
     33960      34080 0 0 0 0 0 1 0
     34140      34320 1 1 1 1 1 0 0
     34260      34380 0 0 0 0 0 1 0
     34320      34500 1 1 1 1 1 0 0
     34320      34500 1 1 1 1 1 0 0
     34560      34740 1 1 1 1 1 0 0
     34740      34920 1 1 1 1 1 0 0
     34800      34980 0 0 0 0 0 1 0
     34920      35100 1 1 1 1 1 0 0
     35160      35340 1 1 1 1 1 0 0
     35340      35520 1 1 1 1 1 0 0
     35460      35580 0 0 0 0 0 1 0
     35760      35940 1 1 1 1 1 0 0
     36060      36180 0 0 0 0 0 1 0
     36060      36240 1 1 1 1 1 0 0
     36360      36540 1 1 1 1 1 0 0
     36600      36780 0 0 0 0 0 1 0
     36960      37140 1 1 1 1 1 0 0
     37260      37380 0 0 0 0 0 1 0
     37560      37680 0 0 0 0 0 1 0
     37560      37680 0 0 0 0 0 1 0
     37560      37740 1 1 1 1 1 0 0
     37860      37980 0 0 0 0 0 1 0
     38160      38340 1 1 1 1 1 0 0
     38400      38580 0 0 0 0 0 1 0
     38760      38940 1 1 1 1 1 0 0
     39060      39180 0 0 0 0 0 1 0
     39360      39540 1 1 1 1 1 0 0
     39360      39480 0 0 0 0 0 1 0
     39360      39480 0 0 0 0 0 1 0
     39660      39720 0 0 0 0 0 1 0
     39960      40140 1 1 1 1 1 0 0
     40200      40380 0 0 0 0 0 1 0
     40560      40740 1 1 1 1 1 0 0
     40860      40980 0 0 0 0 0 1 0
     41160      41280 0 0 0 0 0 1 0
     41160      41280 0 0 0 0 0 1 0
     41160      41340 1 1 1 1 1 0 0
     41160      41340 0 0 0 1 0 0 0
     41400      41520 1 0 0 0 0 0 0
     41460      41580 0 0 0 0 0 1 0
     41760      41940 0 0 0 1 0 0 0
     41760      41940 1 1 1 1 1 0 0
     42000      42180 0 0 0 0 0 1 0
     42360      42540 1 1 1 1 1 0 0
     42360      42540 0 0 0 0 1 0 0
     42360      42540 1 0 0 0 0 0 0
     42360      42540 1 0 0 0 0 0 0
     42660      42780 0 0 0 0 0 1 0
     42960      43140 0 0 0 1 0 0 0
     42960      43140 1 1 1 1 1 0 0
     43020      43140 1 0 0 0 0 0 0
     43200      43320 1 0 0 0 0 0 0
     43260      43380 0 0 0 0 0 1 0
     43560      43740 1 1 1 1 1 0 0
     43560      43740 0 0 0 1 0 0 0
     43620      43800 1 0 0 0 0 0 0
     43800      43980 0 0 0 0 0 1 0
     44160      44340 0 0 0 0 1 0 0
     44160      44340 1 1 1 1 1 0 0
     44160      44340 1 0 0 0 0 0 0
     44460      44580 0 0 0 0 0 1 0
     44760      44940 1 1 1 1 1 0 0
     44760      44880 0 0 0 0 0 1 0
     44760      44880 0 0 0 0 0 1 0
     44760      44940 0 0 0 1 0 0 0
     44820      44940 1 0 0 0 0 0 0
     45000      45120 1 0 0 0 0 0 0
     45060      45180 0 0 0 0 0 1 0
     45360      45540 1 0 0 0 0 0 0
     45360      45540 0 0 0 1 0 0 0
     45360      45540 1 1 1 1 1 0 0
     45660      45840 0 0 0 0 0 1 0
     45960      46140 1 0 0 0 0 0 0
     45960      46140 0 0 0 0 1 0 0
     45960      46140 1 0 0 0 0 0 0
     45960      46140 1 1 1 1 1 0 0
     45960      46140 0 0 0 1 0 0 0
     46260      46380 0 0 0 0 0 1 0
     46560      46740 1 1 1 1 1 0 0
     46560      46740 0 0 0 1 0 0 0
     46620      46740 1 0 0 0 0 0 0
     46800      46920 1 0 0 0 0 0 0
     46860      46980 0 0 0 0 0 1 0
     47160      47340 0 0 0 1 0 0 0
     47160      47340 1 1 1 1 1 0 0
     47160      47340 1 0 0 0 0 0 0
     47400      47580 0 0 0 0 0 1 0
     47760      47940 0 0 0 1 0 0 0
     47760      47940 1 1 1 1 1 0 0
     47760      47940 1 0 0 0 0 0 0
     48060      48180 0 0 0 0 0 1 0
     48360      48540 0 0 0 1 0 0 0
     48360      48540 1 1 1 1 1 0 0
     48360      48480 0 0 0 0 0 1 0
     48360      48480 0 0 0 0 0 1 0
     48660      48780 0 0 0 0 0 1 0
     48960      49140 0 0 0 1 0 0 0
     48960      49140 1 1 1 1 1 0 0
     49200      49380 0 0 0 0 0 1 0
     49560      49740 0 0 0 1 0 0 0
     49560      49740 1 1 1 1 1 0 0
     49860      49980 0 0 0 0 0 1 0
     50160      50340 1 1 1 1 1 0 0
     50160      50340 0 0 0 1 0 0 0
     50460      50580 0 0 0 0 0 1 0
     50760      50940 1 1 1 1 1 0 0
     51000      51180 0 0 0 0 0 1 0
     51360      51540 1 1 1 1 1 0 0
     51660      51780 0 0 0 0 0 1 0
     51960      52080 0 0 0 0 0 1 0
     51960      52140 1 1 1 1 1 0 0
     51960      52080 0 0 0 0 0 1 0
     52260      52380 0 0 0 0 0 1 0
     52560      52740 1 1 1 1 1 0 0
     52800      52980 0 0 0 0 0 1 0
     53160      53340 1 1 1 1 1 0 0
     53460      53580 0 0 0 0 0 1 0
     53760      53940 1 1 1 1 1 0 0
     54060      54180 0 0 0 0 0 1 0
     54360      54540 1 1 1 1 1 0 0
     54600      54780 0 0 0 0 0 1 0
     54960      55140 1 1 1 1 1 0 0
     55260      55380 0 0 0 0 0 1 0
     55560      55680 0 0 0 0 0 1 0
     55560      55740 1 1 1 1 1 0 0
     55560      55680 0 0 0 0 0 1 0
     55860      55980 0 0 0 0 0 1 0
     55920      56100 1 1 1 1 1 0 0
     56220      56400 1 1 1 1 1 0 0
     56400      56580 0 0 0 0 0 1 0
     56640      56820 1 1 1 1 1 0 0
     56820      57000 1 1 1 1 1 0 0
     57000      57180 1 1 1 1 1 0 0
     57060      57180 0 0 0 0 0 1 0
     57240      57420 1 1 1 1 1 0 0
     57420      57600 1 1 1 1 1 0 0
     57660      57780 0 0 0 0 0 1 0
     57720      57900 1 1 1 1 1 0 0
     58020      58200 1 1 1 1 1 0 0
     58200      58380 0 0 0 0 0 1 0
     58440      58620 1 1 1 1 1 0 0
     58620      58800 1 1 1 1 1 0 0
     58860      58980 0 0 0 0 0 1 0
     58860      59040 1 1 1 1 1 0 0
     59040      59220 1 1 1 1 1 0 0
     59160      59280 0 0 0 0 0 1 0
     59160      59280 0 0 0 0 0 1 0
     59280      59460 1 1 1 1 1 0 0
     59460      59580 0 0 0 0 0 1 0
     59640      59820 1 1 1 1 1 0 0
     59880      60060 1 1 1 1 1 0 0
     60000      60180 0 0 0 0 0 1 0
     60060      60240 1 1 1 1 1 0 0
     60240      60420 1 1 1 1 1 0 0
     60480      60660 1 1 1 1 1 0 0
     60660      60780 0 0 0 0 0 1 0
     60660      60840 1 1 1 1 1 0 0
     60840      61020 1 1 1 1 1 0 0
     61080      61260 1 1 1 1 1 0 0
     61260      61440 1 1 1 1 1 0 0
     61260      61380 0 0 0 0 0 1 0
     61440      61620 1 1 1 1 1 0 0
     61680      61860 1 1 1 1 1 0 0
     61800      61980 0 0 0 0 0 1 0
     62040      62220 1 1 1 1 1 0 0
     62280      62460 1 1 1 1 1 0 0
     62460      62640 1 1 1 1 1 0 0
     62460      62580 0 0 0 0 0 1 0
     62640      62820 1 1 1 1 1 0 0
     62760      62880 0 0 0 0 0 1 0
     62760      62880 0 0 0 0 0 1 0
     62880      63060 1 1 1 1 1 0 0
     63060      63180 0 0 0 0 0 1 0
     63060      63240 1 1 1 1 1 0 0
     63240      63420 1 1 1 1 1 0 0
     63480      63660 1 1 1 1 1 0 0
     63600      63780 0 0 0 0 0 1 0
     63660      63840 1 1 1 1 1 0 0
     63900      64080 1 1 1 1 1 0 0
     64080      64260 1 1 1 1 1 0 0
     64260      64440 1 1 1 1 1 0 0
     64260      64380 0 0 0 0 0 1 0
     64440      64620 1 1 1 1 1 0 0
     64680      64860 1 1 1 1 1 0 0
     64860      64980 0 0 0 0 0 1 0
     65040      65220 1 1 1 1 1 0 0
     65280      65460 0 0 1 0 0 0 0
     65280      65460 1 1 1 1 1 0 0
     65400      65580 0 0 0 0 0 1 0
     65460      65640 0 1 0 0 0 0 0
     65460      65640 1 1 1 1 1 0 0
     65640      65820 1 1 1 1 1 0 0
     65880      66060 1 1 1 1 1 0 0
     66060      66180 0 0 0 0 0 1 0
     66240      66420 1 1 1 1 1 0 0
     66360      66480 0 0 0 0 0 1 0
     66360      66480 0 0 0 0 0 1 0
     66480      66660 1 1 1 1 1 0 0
     66660      66780 0 0 0 0 0 1 0
     66840      67020 1 1 1 1 1 0 0
     67020      67200 1 1 1 1 1 0 0
     67200      67380 0 0 0 0 0 1 0
     67440      67620 1 1 1 1 1 0 0
     67620      67800 1 1 1 1 1 0 0
     67860      67980 0 0 0 0 0 1 0
     68040      68220 1 1 1 1 1 0 0
     68220      68400 1 1 1 1 1 0 0
     68460      68580 0 0 0 0 0 1 0
     68640      68820 1 1 1 1 1 0 0
     68820      69000 1 1 1 1 1 0 0
     69000      69180 0 0 0 0 0 1 0
     69240      69420 1 1 1 1 1 0 0
     69420      69600 1 1 1 1 1 0 0
     69660      69780 0 0 0 0 0 1 0
     69840      70020 1 1 1 1 1 0 0
     69960      70080 0 0 0 0 0 1 0
     69960      70080 0 0 0 0 0 1 0
     70020      70200 1 1 1 1 1 0 0
     70260      70380 0 0 0 0 0 1 0
     70320      70500 1 1 1 1 1 0 0
     70620      70800 1 1 1 1 1 0 0
     70800      70980 0 0 0 0 0 1 0
     71160      71340 1 1 1 1 1 0 0
     71460      71580 0 0 0 0 0 1 0
     71760      71940 1 1 1 1 1 0 0
     72060      72180 0 0 0 0 0 1 0
     72360      72540 1 1 1 1 1 0 0
     72600      72780 0 0 0 0 0 1 0
     72960      73140 1 1 1 1 1 0 0
     73260      73380 0 0 0 0 0 1 0
     73560      73680 0 0 0 0 0 1 0
     73560      73740 1 1 1 1 1 0 0
     73560      73680 0 0 0 0 0 1 0
     73980      74100 0 0 0 0 0 1 0
     74160      74340 1 1 1 1 1 0 0
     74400      74580 0 0 0 0 0 1 0
     74760      74940 1 1 1 1 1 0 0
     75060      75180 0 0 0 0 0 1 0
     75360      75540 1 1 1 1 1 0 0
     75900      76080 0 0 0 0 0 1 0
     75960      76140 1 1 1 1 1 0 0
     76560      76740 1 1 1 1 1 0 0
     76860      76980 0 0 0 0 0 1 0
     77160      77340 1 1 1 1 1 0 0
     77700      77880 0 0 0 0 0 1 0
     77760      77940 1 1 1 1 1 0 0
     78180      78300 0 0 0 0 0 1 0
     78180      78300 0 0 0 0 0 1 0
     78360      78540 1 1 1 1 1 0 0
     78360      78540 0 0 0 1 0 0 0
     78660      78780 0 0 0 0 0 1 0
     78960      79140 1 1 1 1 1 0 0
     79500      79680 0 0 0 0 0 1 0
     79560      79740 1 1 1 1 1 0 0
     80160      80340 1 1 1 1 1 0 0
     80460      80580 0 0 0 0 0 1 0
     80760      80940 1 1 0 1 0 0 0
     80760      80940 1 1 1 1 1 0 0
     81300      81480 0 0 0 0 0 1 0
     81360      81540 1 1 0 1 0 0 0
     81360      81540 1 1 1 1 1 0 0
     81780      81900 0 0 0 0 0 1 0
     81780      81900 0 0 0 0 0 1 0
     81960      82140 1 1 1 1 1 0 0
     82260      82380 0 0 0 0 0 1 0
     82560      82740 1 1 1 1 1 0 0
     82560      82740 1 1 1 1 0 0 0
     82560      82740 0 0 0 1 0 0 0
     83100      83280 0 0 0 0 0 1 0
     83160      83340 1 1 0 1 0 0 0
     83160      83340 1 1 1 1 1 0 0
     83760      83940 1 1 1 1 1 0 0
     84060      84180 0 0 0 0 0 1 0
     84360      84540 1 1 0 1 0 0 0
     84360      84540 1 1 1 1 1 0 0
     84900      85080 0 0 0 0 0 1 0
     84960      85140 1 1 0 1 0 0 0
     84960      85140 1 1 1 1 1 0 0
     85380      85500 0 0 0 0 0 1 0
     85380      85500 0 0 0 0 0 1 0
     85560      85740 1 1 1 1 1 0 0
     85860      85980 0 0 0 0 0 1 0
     86160      86340 1 1 1 1 1 0 0
     86160      86340 1 1 0 1 0 0 0
     86160      86340 0 0 0 1 0 0 0
389
