       300        600 0 0 0 0 0 1 0
      1200       1500 0 0 0 0 0 1 0
      3000       3300 0 0 0 0 0 1 0
      3900       4200 0 0 0 0 0 1 0
      4800       5100 0 0 0 0 0 1 0
      5700       6000 0 0 0 0 0 1 0
     19560      19860 0 0 0 0 0 1 0
     20520      20880 0 0 0 0 0 1 0
     21360      21660 0 0 0 0 0 1 0
     22320      22680 0 0 0 0 0 1 0
     23160      23460 0 0 0 0 0 1 0
     24120      24480 0 0 0 0 0 1 0
     24960      25260 0 0 0 0 0 1 0
     25920      26280 0 0 0 0 0 1 0
     26820      27180 0 0 0 0 0 1 0
     27720      28080 0 0 0 0 0 1 0
     28620      29040 0 0 0 0 0 1 0
     29520      29880 0 0 0 0 0 1 0
     30420      30840 0 0 0 0 0 1 0
     31320      31680 0 0 0 0 0 1 0
     32220      32640 0 0 0 0 0 1 0
     32700      33000 0 0 0 0 0 1 0
     33360      33660 0 0 0 0 0 1 0
     34020      34440 0 0 0 0 0 1 0
     34500      34800 0 0 0 0 0 1 0
     35340      35640 0 0 0 0 0 1 0
     35820      36240 0 0 0 0 0 1 0
     36300      36600 0 0 0 0 0 1 0
     36960      37260 0 0 0 0 0 1 0
     37620      38040 0 0 0 0 0 1 0
     38100      38400 0 0 0 0 0 1 0
     38760      39060 0 0 0 0 0 1 0
     38760      39060 0 0 0 0 0 0 0
     39420      39840 0 0 0 0 0 1 0
     39900      40200 0 0 0 0 0 1 0
     40560      40860 0 0 0 0 0 1 0
     41220      41580 0 0 0 0 0 1 0
     41700      42000 0 0 0 0 0 1 0
     42360      42660 0 0 0 0 0 1 0
     43020      43440 0 0 0 0 0 1 0
     43560      43860 0 0 0 0 0 1 0
     44220      44520 0 0 0 0 0 1 0
     44820      45180 0 0 0 0 0 1 0
     45300      45600 0 0 0 0 0 1 0
     45960      46260 0 0 0 0 0 1 0
     46620      47040 0 0 0 0 0 1 0
     47100      47400 0 0 0 0 0 1 0
     47760      48060 0 0 0 0 0 1 0
     48420      48780 0 0 0 0 0 1 0
     48900      49200 0 0 0 0 0 1 0
     49560      49860 0 0 0 0 0 1 0
     50220      50640 0 0 0 0 0 1 0
     50700      51000 0 0 0 0 0 1 0
     51360      51660 0 0 0 0 0 1 0
     52020      52380 0 0 0 0 0 1 0
     52500      52800 0 0 0 0 0 1 0
     53160      53460 0 0 0 0 0 1 0
     53820      54240 0 0 0 0 0 1 0
     54300      54600 0 0 0 0 0 1 0
     54960      55260 0 0 0 0 0 1 0
     55620      55980 0 0 0 0 0 1 0
     56100      56400 0 0 0 0 0 1 0
     56760      57060 0 0 0 0 0 1 0
     57420      57840 0 0 0 0 0 1 0
     57900      58200 0 0 0 0 0 1 0
     58620      58920 0 0 0 0 0 1 0
     59220      59580 0 0 0 0 0 1 0
     59700      60000 0 0 0 0 0 1 0
     60360      60660 0 0 0 0 0 1 0
     61020      61440 0 0 0 0 0 1 0
     61500      61800 0 0 0 0 0 1 0
     62340      62640 0 0 0 0 0 1 0
     62820      63180 0 0 0 0 0 1 0
     63300      63600 0 0 0 0 0 1 0
     64140      64440 0 0 0 0 0 1 0
     64620      65040 0 0 0 0 0 1 0
     65100      65400 0 0 0 0 0 1 0
     65760      66060 0 0 0 0 0 1 0
     66420      66780 0 0 0 0 0 1 0
     66900      67200 0 0 0 0 0 1 0
     67620      67920 0 0 0 0 0 1 0
     68220      68640 0 0 0 0 0 1 0
     68700      69000 0 0 0 0 0 1 0
     69420      69720 0 0 0 0 0 1 0
     70020      70380 0 0 0 0 0 1 0
     70500      70800 0 0 0 0 0 1 0
     71220      71520 0 0 0 0 0 1 0
     71820      72240 0 0 0 0 0 1 0
     72300      72600 0 0 0 0 0 1 0
     73020      73320 0 0 0 0 0 1 0
     73620      73980 0 0 0 0 0 1 0
     74100      74400 0 0 0 0 0 1 0
     74820      75120 0 0 0 0 0 1 0
     75420      75840 0 0 0 0 0 1 0
     75900      76200 0 0 0 0 0 1 0
     76320      76680 0 0 0 0 0 1 0
     76800      77100 0 0 0 0 0 1 0
     77700      78000 0 0 0 0 0 1 0
     78600      78900 0 0 0 0 0 1 0
     79500      79800 0 0 0 0 0 1 0
     80400      80700 0 0 0 0 0 1 0
     81300      81600 0 0 0 0 0 1 0
     82200      82500 0 0 0 0 0 1 0
     83100      83400 0 0 0 0 0 1 0
     84000      84300 0 0 0 0 0 1 0
     84900      85200 0 0 0 0 0 1 0
     85800      86100 0 0 0 0 0 1 0
107
