      1560       2100 1 1 1 1 0 0 0
      1560       2100 1 1 1 1 1 0 0
      1560       2100 1 1 0 1 0 0 0
      1560       2100 0 0 0 0 1 0 0
      1620       2100 0 0 1 0 0 0 0
     16980      17520 1 1 1 1 1 0 0
     37560      38100 0 1 0 0 0 0 0
     37560      38100 1 1 1 1 1 0 0
     41160      41700 0 1 0 0 0 0 0
     41160      41700 1 1 1 1 1 0 0
     41160      41880 1 0 0 0 0 0 0
     41160      41940 1 0 0 0 0 0 0
     41160      41700 0 0 0 1 0 0 0
     44760      45300 1 1 1 1 1 0 0
     44760      45300 0 0 0 1 0 0 0
     44760      45480 1 0 0 0 0 0 0
     44760      45300 0 1 0 0 0 0 0
     44760      45480 1 0 0 0 0 0 0
     48360      48900 1 1 1 1 1 0 0
     48360      48900 0 1 0 0 0 0 0
     51960      52500 0 1 0 0 0 0 0
     51960      52500 1 1 1 1 1 0 0
     55500      56040 0 1 0 0 0 0 0
     55500      56040 1 1 1 1 1 0 0
     57420      57960 1 1 1 1 1 0 0
     57420      57960 1 1 1 1 1 0 0
     59220      59760 1 1 1 1 1 0 0
     67440      68160 1 1 1 1 1 0 0
     67440      68160 1 1 1 1 1 0 0
     67500      68160 0 0 1 0 0 0 0
     69900      70560 1 1 1 1 1 0 0
     69960      70560 0 0 1 0 0 0 0
     73560      74100 0 0 1 0 0 0 0
     73560      74100 1 1 1 1 1 0 0
     77160      77700 1 1 1 1 1 0 0
     80760      81300 1 1 0 1 0 0 0
     80760      81300 1 1 1 1 1 0 0
     84360      84900 1 1 0 1 0 0 0
     84360      84900 1 1 1 1 1 0 0
     84420      84960 0 0 1 0 0 0 0
40
