        60        360 1 1 1 1 1 0 0
        60        360 1 1 0 1 0 0 0
       240        600 0 0 0 0 0 1 0
       660        960 1 1 0 1 0 0 0
       660        960 1 1 1 1 1 0 0
       720       1080 1 1 1 1 0 0 0
      1140       1500 0 0 0 0 0 1 0
      1860       2160 1 1 0 1 0 0 0
      1860       2160 1 1 1 1 1 0 0
      1860       2160 0 0 0 1 0 0 0
      2460       2760 1 1 0 1 0 0 0
      2460       2760 1 1 1 1 1 0 0
      2460       2760 1 1 1 1 0 0 0
      2940       3300 0 0 0 0 0 1 0
      3660       3960 1 1 1 1 1 0 0
      3660       3960 1 1 0 1 0 0 0
      3840       4200 0 0 0 0 0 1 0
      4260       4560 1 1 0 1 0 0 0
      4260       4560 1 1 1 1 0 0 0
      4260       4560 0 0 1 0 1 0 0
      4320       4620 0 0 0 1 0 0 0
      4740       5100 0 0 0 0 0 1 0
      5460       5760 0 0 1 0 1 0 0
      5640       6000 0 0 0 0 0 1 0
      6660       6960 0 0 1 0 1 0 0
     18660      18960 1 1 1 1 1 0 0
     19260      19560 1 1 1 1 1 0 0
     19440      19800 0 0 0 0 0 1 0
     19860      20160 1 1 1 1 1 0 0
     20340      20700 0 0 0 0 0 1 0
     20460      20760 1 1 1 1 1 0 0
     21060      21360 1 1 1 1 1 0 0
     21240      21600 0 0 0 0 0 1 0
     21660      21960 1 1 1 1 1 0 0
     22140      22500 0 0 0 0 0 1 0
     22260      22560 1 1 1 1 1 0 0
     22860      23160 1 1 1 1 1 0 0
     23040      23400 0 0 0 0 0 1 0
     23460      23760 1 1 1 1 1 0 0
     23940      24300 0 0 0 0 0 1 0
     24060      24360 1 1 1 1 1 0 0
     24660      24960 1 1 1 1 1 0 0
     24840      25200 0 0 0 0 0 1 0
     25140      25440 1 1 1 1 1 0 0
     25740      26100 0 0 0 0 0 1 0
     25860      26160 1 1 1 1 1 0 0
     26340      26640 1 1 1 1 1 0 0
     26520      26820 1 1 1 1 1 0 0
     26640      27000 0 0 0 0 0 1 0
     26940      27240 1 1 1 1 1 0 0
     27540      27900 0 0 0 0 0 1 0
     27540      27840 1 1 1 1 1 0 0
     28140      28440 1 1 1 1 1 0 0
     28440      28800 0 0 0 0 0 1 0
     28740      29040 1 1 1 1 1 0 0
     29340      29700 0 0 0 0 0 1 0
     29340      29640 1 1 1 1 1 0 0
     29940      30240 1 1 1 1 1 0 0
     30240      30600 0 0 0 0 0 1 0
     30540      30840 1 1 1 1 1 0 0
     31140      31440 1 1 1 1 1 0 0
     31140      31500 0 0 0 0 0 1 0
     31740      32040 1 1 1 1 1 0 0
     32040      32400 0 0 0 0 0 1 0
     32340      32640 1 1 1 1 1 0 0
     32640      33000 0 0 0 0 0 1 0
     32940      33240 1 1 1 1 1 0 0
     33240      33600 0 0 0 0 0 1 0
     33300      33600 1 1 1 1 1 0 0
     33840      34200 0 0 0 0 0 1 0
     33900      34200 1 1 1 1 1 0 0
     34320      34620 1 1 1 1 1 0 0
     34440      34800 0 0 0 0 0 1 0
     34740      35040 1 1 1 1 1 0 0
     35040      35400 0 0 0 0 0 1 0
     35340      35640 1 1 1 1 1 0 0
     35640      36000 0 0 0 0 0 1 0
     35940      36240 1 1 1 1 1 0 0
     36240      36600 0 0 0 0 0 1 0
     36540      36840 1 1 1 1 1 0 0
     36840      37200 0 0 0 0 0 1 0
     37260      37560 1 1 1 1 1 0 0
     37440      37800 0 0 0 0 0 1 0
     37860      38160 1 1 1 1 1 0 0
     38040      38400 0 0 0 0 0 1 0
     38460      38760 1 1 1 1 1 0 0
     38460      38760 0 0 0 1 0 0 0
     38640      39000 0 0 0 0 0 1 0
     39060      39360 1 1 1 1 1 0 0
     39060      39360 0 0 0 1 0 0 0
     39240      39600 0 0 0 0 0 1 0
     39660      39960 0 0 0 0 1 0 0
     39660      39960 0 0 0 1 0 0 0
     39660      39960 1 1 1 1 1 0 0
     39840      40200 0 0 0 0 0 1 0
     40260      40560 0 0 0 1 0 0 0
     40260      40560 1 1 1 1 1 0 0
     40440      40800 0 0 0 0 0 1 0
     40860      41160 0 0 0 1 0 0 0
     40860      41160 1 1 1 1 1 0 0
     41040      41400 0 0 0 0 0 1 0
     41460      41760 0 0 0 1 0 0 0
     41460      41760 1 1 1 1 1 0 0
     41460      41880 1 0 0 0 0 0 0
     41640      42000 0 0 0 0 0 1 0
     42060      42360 1 1 1 1 1 0 0
     42060      42360 0 0 0 1 0 0 0
     42240      42600 0 0 0 0 0 1 0
     42660      42960 0 0 0 1 0 0 0
     42660      42960 1 1 1 1 1 0 0
     42840      43200 0 0 0 0 0 1 0
     43260      43560 1 1 1 1 1 0 0
     43260      43560 0 0 0 1 0 0 0
     43440      43800 0 0 0 0 0 1 0
     43860      44160 0 0 0 1 0 0 0
     43860      44160 1 1 1 1 1 0 0
     44040      44400 0 0 0 0 0 1 0
     44460      44760 1 1 1 1 1 0 0
     44460      44760 0 0 0 1 0 0 0
     44640      45000 0 0 0 0 0 1 0
     45060      45480 1 0 0 0 0 0 0
     45060      45360 1 1 1 1 1 0 0
     45060      45360 0 0 0 1 0 0 0
     45240      45600 0 0 0 0 0 1 0
     45660      45960 1 1 1 1 1 0 0
     45660      45960 0 0 0 1 0 0 0
     45840      46200 0 0 0 0 0 1 0
     46260      46560 0 0 0 1 0 0 0
     46260      46560 1 1 1 1 1 0 0
     46440      46800 0 0 0 0 0 1 0
     46860      47160 1 1 1 1 1 0 0
     46860      47160 0 0 0 1 0 0 0
     47040      47400 0 0 0 0 0 1 0
     47460      47760 0 0 0 1 0 0 0
     47460      47760 1 1 1 1 1 0 0
     47640      48000 0 0 0 0 0 1 0
     48060      48360 1 1 1 1 1 0 0
     48060      48360 0 0 0 1 0 0 0
     48240      48600 0 0 0 0 0 1 0
     48660      48960 1 1 1 1 1 0 0
     48840      49200 0 0 0 0 0 1 0
     49260      49560 1 1 1 1 1 0 0
     49440      49800 0 0 0 0 0 1 0
     49860      50160 1 1 1 1 1 0 0
     50040      50400 0 0 0 0 0 1 0
     50460      50760 1 1 1 1 1 0 0
     50640      51000 0 0 0 0 0 1 0
     51060      51360 1 1 1 1 1 0 0
     51240      51600 0 0 0 0 0 1 0
     51660      51960 1 1 1 1 1 0 0
     51840      52200 0 0 0 0 0 1 0
     52260      52560 1 1 1 1 1 0 0
     52440      52800 0 0 0 0 0 1 0
     52860      53160 1 1 1 1 1 0 0
     53040      53400 0 0 0 0 0 1 0
     53460      53760 1 1 1 1 1 0 0
     53640      54000 0 0 0 0 0 1 0
     54060      54360 1 1 1 1 1 0 0
     54240      54600 0 0 0 0 0 1 0
     54660      54960 1 1 1 1 1 0 0
     54840      55200 0 0 0 0 0 1 0
     55260      55560 1 1 1 1 1 0 0
     55440      55800 0 0 0 0 0 1 0
     55860      56160 1 1 1 1 1 0 0
     56040      56400 0 0 0 0 0 1 0
     56460      56760 1 1 1 1 1 0 0
     56640      57000 0 0 0 0 0 1 0
     57060      57360 1 1 1 1 1 0 0
     57240      57600 0 0 0 0 0 1 0
     57240      57540 1 1 1 1 1 0 0
     57840      58200 0 0 0 0 0 1 0
     57840      58140 1 1 1 1 1 0 0
     58440      58800 0 0 0 0 0 1 0
     58440      58740 1 1 1 1 1 0 0
     59040      59400 0 0 0 0 0 1 0
     59040      59340 1 1 1 1 1 0 0
     59640      60000 0 0 0 0 0 1 0
     59640      59940 1 1 1 1 1 0 0
     60240      60600 0 0 0 0 0 1 0
     60240      60540 1 1 1 1 1 0 0
     60840      61200 0 0 0 0 0 1 0
     60840      61140 1 1 1 1 1 0 0
     61440      61740 1 1 1 1 1 0 0
     61440      61800 0 0 0 0 0 1 0
     62040      62340 1 1 1 1 1 0 0
     62040      62400 0 0 0 0 0 1 0
     62640      62940 1 1 1 1 1 0 0
     62640      63000 0 0 0 0 0 1 0
     63240      63540 1 1 1 1 1 0 0
     63240      63600 0 0 0 0 0 1 0
     63840      64200 0 0 0 0 0 1 0
     63840      64140 1 1 1 1 1 0 0
     64440      64800 0 0 0 0 0 1 0
     64440      64740 1 1 1 1 1 0 0
     65040      65400 0 0 0 0 0 1 0
     65040      65340 1 1 1 1 1 0 0
     65640      66000 0 0 0 0 0 1 0
     65640      65940 1 1 1 1 1 0 0
     66240      66540 1 1 1 1 1 0 0
     66240      66600 0 0 0 0 0 1 0
     66840      67200 0 0 0 0 0 1 0
     66840      67140 1 1 1 1 1 0 0
     67440      67800 0 0 0 0 0 1 0
     67440      67740 1 1 1 1 1 0 0
     68040      68400 0 0 0 0 0 1 0
     68040      68340 1 1 1 1 1 0 0
     68640      68940 1 1 1 1 1 0 0
     68640      69000 0 0 0 0 0 1 0
     69240      69600 0 0 0 0 0 1 0
     69240      69540 1 1 1 1 1 0 0
     69840      70200 0 0 0 0 0 1 0
     69840      70140 1 1 1 1 1 0 0
     70440      70740 1 1 1 1 1 0 0
     70440      70800 0 0 0 0 0 1 0
     71040      71340 1 1 1 1 1 0 0
     71040      71400 0 0 0 0 0 1 0
     71640      72000 0 0 0 0 0 1 0
     71760      72060 1 1 1 1 1 0 0
     72060      72360 1 1 1 1 1 0 0
     72240      72600 0 0 0 0 0 1 0
     72660      72960 1 1 1 1 1 0 0
     72840      73200 0 0 0 0 0 1 0
     73260      73560 1 1 1 1 1 0 0
     73440      73800 0 0 0 0 0 1 0
     73860      74160 1 1 1 1 1 0 0
     73860      74160 0 0 0 1 0 0 0
     74040      74400 0 0 0 0 0 1 0
     74460      74760 1 1 1 1 1 0 0
     74640      75000 0 0 0 0 0 1 0
     75060      75360 1 1 1 1 1 0 0
     75240      75600 0 0 0 0 0 1 0
     75660      75960 1 1 1 1 1 0 0
     75840      76200 0 0 0 0 0 1 0
     76140      76500 0 0 0 0 0 1 0
     76260      76560 1 1 1 1 1 0 0
     76740      77100 0 0 0 0 0 1 0
     76860      77160 1 1 0 1 0 0 0
     76860      77160 1 1 1 1 1 0 0
     77460      77760 1 1 1 1 1 0 0
     77640      78000 0 0 0 0 0 1 0
     78060      78360 1 1 0 1 0 0 0
     78060      78360 1 1 1 1 1 0 0
     78540      78900 0 0 0 0 0 1 0
     78660      78960 0 0 0 0 1 0 0
     78660      78960 1 1 1 1 1 0 0
     78660      78960 1 1 0 1 0 0 0
     79260      79560 1 1 0 1 0 0 0
     79260      79560 1 1 1 1 1 0 0
     79440      79800 0 0 0 0 0 1 0
     79860      80160 1 1 1 1 1 0 0
     79860      80160 1 1 0 1 0 0 0
     80340      80700 0 0 0 0 0 1 0
     81060      81360 1 1 1 1 1 0 0
     81060      81360 1 1 0 1 0 0 0
     81240      81600 0 0 0 0 0 1 0
     81660      81960 1 1 0 1 0 0 0
     81660      81960 1 1 1 1 1 0 0
     82140      82500 0 0 0 0 0 1 0
     82860      83160 1 1 1 1 1 0 0
     82860      83160 1 1 0 1 0 0 0
     83040      83400 0 0 0 0 0 1 0
     83460      83760 1 1 1 1 1 0 0
     83460      83760 1 1 0 1 0 0 0
     83940      84300 0 0 0 0 0 1 0
     84660      84960 1 1 0 1 0 0 0
     84660      84960 1 1 1 1 1 0 0
     84840      85200 0 0 0 0 0 1 0
     85260      85560 1 1 1 1 1 0 0
     85260      85560 1 1 0 1 0 0 0
     85740      86100 0 0 0 0 0 1 0
270
