      2280       2700 0 0 0 0 0 1 0
     23520      24000 0 0 0 0 0 1 0
     27180      27600 0 0 0 0 0 1 0
     30780      31200 0 0 0 0 0 1 0
     34380      34800 0 0 0 0 0 1 0
     37980      38400 0 0 0 0 0 1 0
     41580      42000 0 0 0 0 0 1 0
     45180      45600 0 0 0 0 0 1 0
     48780      49200 0 0 0 0 0 1 0
     52380      52800 0 0 0 0 0 1 0
     55980      56400 0 0 0 0 0 1 0
     57780      58200 0 0 0 0 0 1 0
     59580      60000 0 0 0 0 0 1 0
     63180      63600 0 0 0 0 0 1 0
     66780      67200 0 0 0 0 0 1 0
     70320      70800 0 0 0 0 0 1 0
     73920      74400 0 0 0 0 0 1 0
     77520      78000 0 0 0 0 0 1 0
     81120      81600 0 0 0 0 0 1 0
     84720      85200 0 0 0 0 0 1 0
20
