     37740      37920 1 1 1 1 1 0 0
     43140      43320 1 1 1 1 1 0 0
     43200      43380 0 0 0 1 0 0 0
     43260      43440 1 0 0 0 0 0 0
     43320      43440 0 0 0 0 1 0 0
     46740      46920 1 1 1 1 1 0 0
     46740      46920 1 0 0 0 0 0 0
     46740      46920 0 1 0 0 0 0 0
     46740      46920 0 0 0 0 1 0 0
     50340      50520 0 0 0 1 0 0 0
     50340      50520 1 1 1 1 1 0 0
     50340      50520 0 1 0 0 0 0 0
     57660      57840 0 1 0 0 0 0 0
     57660      57840 1 1 1 1 1 0 0
     61260      61440 0 1 0 0 0 0 0
     61260      61440 1 1 1 1 1 0 0
     68460      68640 0 1 0 0 0 0 0
     68460      68640 1 1 1 1 1 0 0
     71940      72120 1 1 1 1 1 0 0
     72000      72240 0 0 1 0 0 0 0
     79140      79320 1 1 1 1 1 0 0
     82740      82920 1 1 0 1 0 0 0
     82740      82920 0 0 1 0 0 0 0
     82740      82920 1 1 1 1 1 0 0
     82860      83040 1 1 1 1 0 0 0
25
