       720        900 0 0 0 0 0 1 0
      1620       1800 0 0 0 0 0 1 0
      2820       2940 0 0 0 0 0 1 0
      4380       4560 0 0 0 0 0 1 0
     17100      17220 0 0 0 0 0 1 0
     18000      18120 0 0 0 0 0 1 0
     18900      19080 0 0 0 0 0 1 0
     19800      19920 0 0 0 0 0 1 0
     20700      20880 0 0 0 0 0 1 0
     21600      21720 0 0 0 0 0 1 0
     22500      22680 0 0 0 0 0 1 0
     23400      23520 0 0 0 0 0 1 0
     24360      24480 0 0 0 0 0 1 0
     25260      25380 0 0 0 0 0 1 0
     26100      26280 0 0 0 0 0 1 0
     27000      27180 0 0 0 0 0 1 0
     27900      28080 0 0 0 0 0 1 0
     28800      28980 0 0 0 0 0 1 0
     29520      29700 0 0 0 0 0 1 0
     30000      30180 0 0 0 0 0 1 0
     30600      30780 0 0 0 0 0 1 0
     31320      31500 0 0 0 0 0 1 0
     31800      31920 0 0 0 0 0 1 0
     32460      32580 0 0 0 0 0 1 0
     33120      33300 0 0 0 0 0 1 0
     33660      33780 0 0 0 0 0 1 0
     34260      34380 0 0 0 0 0 1 0
     34920      35100 0 0 0 0 0 1 0
     35400      35520 0 0 0 0 0 1 0
     36060      36180 0 0 0 0 0 1 0
     36720      36900 0 0 0 0 0 1 0
     37260      37380 0 0 0 0 0 1 0
     37860      37980 0 0 0 0 0 1 0
     38580      38700 0 0 0 0 0 1 0
     39060      39180 0 0 0 0 0 1 0
     39660      39780 0 0 0 0 0 1 0
     40320      40500 0 0 0 0 0 1 0
     40860      40980 0 0 0 0 0 1 0
     41460      41580 0 0 0 0 0 1 0
     42120      42300 0 0 0 0 0 1 0
     42600      42720 0 0 0 0 0 1 0
     43260      43380 0 0 0 0 0 1 0
     43920      44100 0 0 0 0 0 1 0
     44460      44580 0 0 0 0 0 1 0
     45060      45180 0 0 0 0 0 1 0
     45720      45900 0 0 0 0 0 1 0
     46200      46320 0 0 0 0 0 1 0
     46860      46980 0 0 0 0 0 1 0
     47520      47700 0 0 0 0 0 1 0
     48060      48180 0 0 0 0 0 1 0
     48660      48780 0 0 0 0 0 1 0
     49320      49500 0 0 0 0 0 1 0
     49800      49920 0 0 0 0 0 1 0
     50460      50580 0 0 0 0 0 1 0
     51120      51300 0 0 0 0 0 1 0
     51660      51780 0 0 0 0 0 1 0
     52260      52380 0 0 0 0 0 1 0
     52920      53100 0 0 0 0 0 1 0
     53400      53520 0 0 0 0 0 1 0
     54060      54180 0 0 0 0 0 1 0
     54720      54900 0 0 0 0 0 1 0
     55260      55380 0 0 0 0 0 1 0
     55860      55980 0 0 0 0 0 1 0
     56520      56700 0 0 0 0 0 1 0
     57000      57120 0 0 0 0 0 1 0
     57660      57780 0 0 0 0 0 1 0
     58320      58500 0 0 0 0 0 1 0
     58860      58980 0 0 0 0 0 1 0
     59460      59580 0 0 0 0 0 1 0
     60120      60300 0 0 0 0 0 1 0
     60600      60720 0 0 0 0 0 1 0
     61260      61380 0 0 0 0 0 1 0
     61920      62100 0 0 0 0 0 1 0
     62460      62580 0 0 0 0 0 1 0
     63060      63180 0 0 0 0 0 1 0
     63720      63900 0 0 0 0 0 1 0
     64200      64320 0 0 0 0 0 1 0
     64860      64980 0 0 0 0 0 1 0
     65580      65700 0 0 0 0 0 1 0
     66060      66180 0 0 0 0 0 1 0
     66660      66780 0 0 0 0 0 1 0
     67320      67500 0 0 0 0 0 1 0
     67800      67920 0 0 0 0 0 1 0
     68460      68580 0 0 0 0 0 1 0
     69120      69300 0 0 0 0 0 1 0
     69660      69780 0 0 0 0 0 1 0
     70260      70380 0 0 0 0 0 1 0
     70920      71100 0 0 0 0 0 1 0
     71400      71520 0 0 0 0 0 1 0
     72060      72180 0 0 0 0 0 1 0
     72720      72900 0 0 0 0 0 1 0
     73320      73440 0 0 0 0 0 1 0
     73860      73980 0 0 0 0 0 1 0
     74580      74700 0 0 0 0 0 1 0
     75420      75600 0 0 0 0 0 1 0
     76320      76500 0 0 0 0 0 1 0
     77220      77400 0 0 0 0 0 1 0
     78120      78300 0 0 0 0 0 1 0
     79020      79200 0 0 0 0 0 1 0
     79920      80100 0 0 0 0 0 1 0
     80820      81000 0 0 0 0 0 1 0
     81780      81900 0 0 0 0 0 1 0
     82620      82800 0 0 0 0 0 1 0
     83520      83700 0 0 0 0 0 1 0
     84420      84600 0 0 0 0 0 1 0
     85320      85500 0 0 0 0 0 1 0
     86220          0 0 0 0 0 0 1 0
107
