       600        720 0 0 0 0 0 1 0
       960       1080 1 1 0 1 0 0 0
       960       1080 1 1 1 1 1 0 0
      1500       1620 0 0 0 0 0 1 0
      1800       1920 1 1 1 1 1 0 0
      1800       1920 1 1 0 1 0 0 0
      2760       2880 0 0 1 0 1 0 0
      2820       2940 0 0 0 0 0 1 0
      3600       3720 0 0 1 0 1 0 0
      4320       4440 0 0 0 0 0 1 0
     16560      16680 1 1 1 1 1 0 0
     17100      17220 0 0 0 0 0 1 0
     17160      17280 1 1 1 1 1 0 0
     17760      17880 1 1 1 1 1 0 0
     17940      18060 1 1 1 1 1 0 0
     17940      18060 0 0 0 0 1 0 0
     18000      18120 0 0 0 0 0 1 0
     18360      18480 1 1 1 1 1 0 0
     18480      18600 0 0 0 0 0 1 0
     18480      18600 0 0 0 0 0 1 0
     18900      19020 0 0 0 0 0 1 0
     18960      19080 1 1 1 1 1 0 0
     19560      19680 1 1 1 1 1 0 0
     19800      19920 0 0 0 0 0 1 0
     20160      20280 1 1 1 1 1 0 0
     20700      20820 0 0 0 0 0 1 0
     20760      20880 1 1 1 1 1 0 0
     21360      21480 1 1 1 1 1 0 0
     21540      21660 1 1 1 1 1 0 0
     21600      21720 0 0 0 0 0 1 0
     21960      22080 1 1 1 1 1 0 0
     22500      22620 0 0 0 0 0 1 0
     22560      22680 1 1 1 1 1 0 0
     22980      23100 1 1 1 1 1 0 0
     23400      23520 0 0 0 0 0 1 0
     23400      23520 1 1 1 1 1 0 0
     23760      23820 0 0 0 0 0 1 0
     23760      23820 0 0 0 0 0 1 0
     23940      24060 1 1 1 1 1 0 0
     24120      24240 1 1 1 1 1 0 0
     24300      24420 0 0 0 0 0 1 0
     24360      24480 1 1 1 1 1 0 0
     24780      24900 1 1 1 1 1 0 0
     24960      25080 1 1 1 1 1 0 0
     25200      25320 0 0 0 0 0 1 0
     25320      25440 1 1 1 1 1 0 0
     25440      25500 0 0 0 0 0 1 0
     25560      25680 1 1 1 1 1 0 0
     25740      25860 1 1 1 1 1 0 0
     26100      26220 0 0 0 0 0 1 0
     26160      26280 1 1 1 1 1 0 0
     26520      26640 1 1 1 1 1 0 0
     26520      26640 1 1 1 1 1 0 0
     26760      26880 1 1 1 1 1 0 0
     26940      27060 1 1 1 1 1 0 0
     27000      27120 0 0 0 0 0 1 0
     27120      27240 1 1 1 1 1 0 0
     27360      27480 1 1 1 1 1 0 0
     27540      27660 1 1 1 1 1 0 0
     27720      27840 1 1 1 1 1 0 0
     27720      27840 1 1 1 1 1 0 0
     27900      28020 0 0 0 0 0 1 0
     27960      28080 1 1 1 1 1 0 0
     28140      28260 1 1 1 1 1 0 0
     28320      28440 1 1 1 1 1 0 0
     28560      28680 1 1 1 1 1 0 0
     28740      28860 1 1 1 1 1 0 0
     28800      28920 0 0 0 0 0 1 0
     28920      29040 1 1 1 1 1 0 0
     28920      29040 1 1 1 1 1 0 0
     29160      29280 1 1 1 1 1 0 0
     29340      29460 1 1 1 1 1 0 0
     29400      29520 0 0 0 0 0 1 0
     29520      29640 1 1 1 1 1 0 0
     29580      29700 0 0 0 0 0 1 0
     29580      29700 0 0 0 0 0 1 0
     29760      29880 1 1 1 1 1 0 0
     29940      30060 1 1 1 1 1 0 0
     30000      30120 0 0 0 0 0 1 0
     30120      30240 1 1 1 1 1 0 0
     30360      30480 1 1 1 1 1 0 0
     30540      30660 1 1 1 1 1 0 0
     30600      30720 0 0 0 0 0 1 0
     30720      30840 1 1 1 1 1 0 0
     30960      31080 1 1 1 1 1 0 0
     31140      31260 1 1 1 1 1 0 0
     31200      31320 0 0 0 0 0 1 0
     31320      31440 1 1 1 1 1 0 0
     31320      31440 1 1 1 1 1 0 0
     31560      31680 1 1 1 1 1 0 0
     31740      31860 1 1 1 1 1 0 0
     31800      31920 0 0 0 0 0 1 0
     31920      32040 1 1 1 1 1 0 0
     32160      32280 1 1 1 1 1 0 0
     32340      32460 1 1 1 1 1 0 0
     32400      32520 0 0 0 0 0 1 0
     32520      32640 1 1 1 1 1 0 0
     32760      32880 1 1 1 1 1 0 0
     32940      33060 1 1 1 1 1 0 0
     33000      33120 0 0 0 0 0 1 0
     33120      33240 1 1 1 1 1 0 0
     33180      33300 0 0 0 0 0 1 0
     33180      33300 0 0 0 0 0 1 0
     33360      33480 1 1 1 1 1 0 0
     33540      33660 1 1 1 1 1 0 0
     33600      33720 0 0 0 0 0 1 0
     33720      33840 1 1 1 1 1 0 0
     33720      33840 1 1 1 1 1 0 0
     33960      34080 1 1 1 1 1 0 0
     34140      34260 1 1 1 1 1 0 0
     34200      34320 0 0 0 0 0 1 0
     34320      34440 1 1 1 1 1 0 0
     34560      34680 1 1 1 1 1 0 0
     34740      34860 1 1 1 1 1 0 0
     34800      34920 0 0 0 0 0 1 0
     35160      35280 1 1 1 1 1 0 0
     35400      35520 0 0 0 0 0 1 0
     35460      35580 1 1 1 1 1 0 0
     35760      35880 1 1 1 1 1 0 0
     36000      36120 0 0 0 0 0 1 0
     36360      36480 1 1 1 1 1 0 0
     36600      36720 0 0 0 0 0 1 0
     36840      36960 0 0 0 0 0 1 0
     36840      36960 0 0 0 0 0 1 0
     36960      37080 1 1 1 1 1 0 0
     37200      37320 0 0 0 0 0 1 0
     37560      37680 1 1 1 1 1 0 0
     37800      37920 0 0 0 0 0 1 0
     38160      38280 1 1 1 1 1 0 0
     38400      38520 0 0 0 0 0 1 0
     38580      38700 0 0 0 0 0 1 0
     38580      38700 0 0 0 0 0 1 0
     38760      38880 1 1 1 1 1 0 0
     39000      39120 0 0 0 0 0 1 0
     39360      39480 1 1 1 1 1 0 0
     39600      39720 0 0 0 0 0 1 0
     39960      40080 1 1 1 1 1 0 0
     40200      40320 0 0 0 0 0 1 0
     40380      40500 0 0 0 0 0 1 0
     40380      40500 0 0 0 0 0 1 0
     40560      40680 0 0 0 1 0 0 0
     40560      40680 1 1 1 1 1 0 0
     40800      40920 1 0 0 0 0 0 0
     40800      40920 0 0 0 0 0 1 0
     41160      41280 0 0 0 1 0 0 0
     41160      41280 1 1 1 1 1 0 0
     41400      41520 0 0 0 0 0 1 0
     41760      41880 1 1 1 1 1 0 0
     41760      41880 0 0 0 0 1 0 0
     41820      41940 1 0 0 0 0 0 0
     41820      41880 1 0 0 0 0 0 0
     42000      42120 0 0 0 0 0 1 0
     42360      42480 0 0 0 1 0 0 0
     42360      42480 1 1 1 1 1 0 0
     42420      42540 1 0 0 0 0 0 0
     42600      42720 1 0 0 0 0 0 0
     42600      42720 0 0 0 0 0 1 0
     42960      43080 0 0 0 1 0 0 0
     42960      43080 1 1 1 1 1 0 0
     43080      43200 1 0 0 0 0 0 0
     43200      43320 0 0 0 0 0 1 0
     43560      43680 0 0 0 0 1 0 0
     43560      43680 1 1 1 1 1 0 0
     43560      43680 1 0 0 0 0 0 0
     43800      43920 0 0 0 0 0 1 0
     43980      44100 0 0 0 0 0 1 0
     43980      44100 0 0 0 0 0 1 0
     44160      44280 1 1 1 1 1 0 0
     44160      44280 0 0 0 1 0 0 0
     44220      44340 1 0 0 0 0 0 0
     44400      44520 1 0 0 0 0 0 0
     44400      44520 0 0 0 0 0 1 0
     44760      44880 1 0 0 0 0 0 0
     44760      44880 0 0 0 1 0 0 0
     44760      44880 1 1 1 1 1 0 0
     45060      45180 0 0 0 0 0 1 0
     45360      45480 0 0 0 1 0 0 0
     45360      45480 1 0 0 0 0 0 0
     45360      45480 1 1 1 1 1 0 0
     45420      45480 0 0 0 0 1 0 0
     45420      45480 1 0 0 0 0 0 0
     45600      45720 0 0 0 0 0 1 0
     45960      46080 0 0 0 1 0 0 0
     45960      46080 1 0 0 0 0 0 0
     45960      46080 1 1 1 1 1 0 0
     46200      46320 0 0 0 0 0 1 0
     46200      46320 1 0 0 0 0 0 0
     46560      46680 1 1 1 1 1 0 0
     46560      46680 1 0 0 0 0 0 0
     46560      46680 0 0 0 1 0 0 0
     46800      46920 0 0 0 0 0 1 0
     47160      47280 1 1 1 1 1 0 0
     47160      47280 0 0 0 1 0 0 0
     47160      47280 1 0 0 0 0 0 0
     47400      47520 0 0 0 0 0 1 0
     47640      47760 0 0 0 0 0 1 0
     47640      47760 0 0 0 0 0 1 0
     47760      47880 1 1 1 1 1 0 0
     47760      47880 0 0 0 1 0 0 0
     48000      48120 0 0 0 0 0 1 0
     48360      48480 0 0 0 1 0 0 0
     48360      48480 1 1 1 1 1 0 0
     48600      48720 0 0 0 0 0 1 0
     48960      49080 0 0 0 1 0 0 0
     48960      49080 1 1 1 1 1 0 0
     49200      49320 0 0 0 0 0 1 0
     49560      49680 0 0 0 1 0 0 0
     49560      49680 1 1 1 1 1 0 0
     49800      49920 0 0 0 0 0 1 0
     50160      50280 1 1 1 1 1 0 0
     50400      50520 0 0 0 0 0 1 0
     50760      50880 1 1 1 1 1 0 0
     51000      51120 0 0 0 0 0 1 0
     51180      51300 0 0 0 0 0 1 0
     51180      51300 0 0 0 0 0 1 0
     51360      51480 1 1 1 1 1 0 0
     51600      51720 0 0 0 0 0 1 0
     51960      52080 1 1 1 1 1 0 0
     52200      52320 0 0 0 0 0 1 0
     52560      52680 1 1 1 1 1 0 0
     52800      52920 0 0 0 0 0 1 0
     53160      53280 1 1 1 1 1 0 0
     53400      53520 0 0 0 0 0 1 0
     53760      53880 1 1 1 1 1 0 0
     54000      54120 0 0 0 0 0 1 0
     54360      54480 1 1 1 1 1 0 0
     54600      54720 0 0 0 0 0 1 0
     54780      54900 0 0 0 0 0 1 0
     54780      54900 0 0 0 0 0 1 0
     54960      55080 1 1 1 1 1 0 0
     55200      55320 0 0 0 0 0 1 0
     55320      55440 1 1 1 1 1 0 0
     55620      55740 1 1 1 1 1 0 0
     55800      55920 0 0 0 0 0 1 0
     56040      56160 1 1 1 1 1 0 0
     56220      56340 1 1 1 1 1 0 0
     56400      56520 0 0 0 0 0 1 0
     56400      56520 1 1 1 1 1 0 0
     56640      56760 1 1 1 1 1 0 0
     56820      56940 1 1 1 1 1 0 0
     57000      57120 0 0 0 0 0 1 0
     57120      57240 1 1 1 1 1 0 0
     57420      57540 1 1 1 1 1 0 0
     57600      57720 0 0 0 0 0 1 0
     57780      57900 1 1 1 1 1 0 0
     58020      58140 1 1 1 1 1 0 0
     58200      58320 0 0 0 0 0 1 0
     58260      58380 1 1 1 1 1 0 0
     58440      58560 0 0 0 0 0 1 0
     58440      58560 1 1 1 1 1 0 0
     58440      58560 0 0 0 0 0 1 0
     58680      58800 1 1 1 1 1 0 0
     58800      58920 0 0 0 0 0 1 0
     59040      59160 1 1 1 1 1 0 0
     59280      59400 1 1 1 1 1 0 0
     59400      59520 0 0 0 0 0 1 0
     59460      59580 1 1 1 1 1 0 0
     59640      59760 1 1 1 1 1 0 0
     59880      60000 1 1 1 1 1 0 0
     60000      60120 0 0 0 0 0 1 0
     60060      60180 1 1 1 1 1 0 0
     60240      60360 1 1 1 1 1 0 0
     60480      60600 1 1 1 1 1 0 0
     60600      60720 0 0 0 0 0 1 0
     60660      60780 1 1 1 1 1 0 0
     60840      60960 1 1 1 1 1 0 0
     61080      61200 1 1 1 1 1 0 0
     61200      61320 0 0 0 0 0 1 0
     61440      61560 1 1 1 1 1 0 0
     61680      61800 1 1 1 1 1 0 0
     61800      61920 0 0 0 0 0 1 0
     61860      61980 1 1 1 1 1 0 0
     61980      62100 0 0 0 0 0 1 0
     61980      62100 0 0 0 0 0 1 0
     62040      62160 1 1 1 1 1 0 0
     62280      62400 1 1 1 1 1 0 0
     62400      62520 0 0 0 0 0 1 0
     62460      62580 1 1 1 1 1 0 0
     62640      62760 1 1 1 1 1 0 0
     62880      63000 1 1 1 1 1 0 0
     63000      63120 0 0 0 0 0 1 0
     63060      63180 1 1 1 1 1 0 0
     63300      63420 1 1 1 1 1 0 0
     63480      63600 1 1 1 1 1 0 0
     63600      63720 0 0 0 0 0 1 0
     63660      63780 1 1 1 1 1 0 0
     63840      63960 1 1 1 1 1 0 0
     64080      64200 1 1 1 1 1 0 0
     64200      64320 0 0 0 0 0 1 0
     64440      64560 1 1 1 1 1 0 0
     64680      64800 0 0 1 0 0 0 0
     64680      64800 1 1 1 1 1 0 0
     64800      64920 0 0 0 0 0 1 0
     64860      64980 0 1 0 0 0 0 0
     64860      64980 1 1 1 1 1 0 0
     65040      65160 1 1 1 1 1 0 0
     65280      65400 1 1 1 1 1 0 0
     65400      65520 0 0 0 0 0 1 0
     65580      65700 0 0 0 0 0 1 0
     65580      65700 0 0 0 0 0 1 0
     65640      65760 1 1 1 1 1 0 0
     65880      66000 1 1 1 1 1 0 0
     66000      66120 0 0 0 0 0 1 0
     66240      66360 1 1 1 1 1 0 0
     66420      66540 1 1 1 1 1 0 0
     66600      66720 0 0 0 0 0 1 0
     66840      66960 1 1 1 1 1 0 0
     67020      67140 1 1 1 1 1 0 0
     67200      67320 0 0 0 0 0 1 0
     67440      67560 1 1 1 1 1 0 0
     67620      67740 1 1 1 1 1 0 0
     67800      67920 0 0 0 0 0 1 0
     68040      68160 1 1 1 1 1 0 0
     68220      68340 1 1 1 1 1 0 0
     68400      68520 0 0 0 0 0 1 0
     68640      68760 1 1 1 1 1 0 0
     68820      68940 1 1 1 1 1 0 0
     69000      69120 0 0 0 0 0 1 0
     69180      69300 0 0 0 0 0 1 0
     69180      69300 0 0 0 0 0 1 0
     69240      69360 1 1 1 1 1 0 0
     69420      69540 1 1 1 1 1 0 0
     69600      69720 0 0 0 0 0 1 0
     69720      69840 1 1 1 1 1 0 0
     70020      70140 1 1 1 1 1 0 0
     70200      70320 0 0 0 0 0 1 0
     70560      70680 1 1 1 1 1 0 0
     70800      70920 0 0 0 0 0 1 0
     71160      71280 1 1 1 1 1 0 0
     71400      71520 0 0 0 0 0 1 0
     71760      71880 1 1 1 1 1 0 0
     72000      72120 0 0 0 0 0 1 0
     72360      72480 1 1 1 1 1 0 0
     72600      72720 0 0 0 0 0 1 0
     72780      72900 0 0 0 0 0 1 0
     72780      72900 0 0 0 0 0 1 0
     72960      73080 1 1 1 1 1 0 0
     73320      73440 0 0 0 0 0 1 0
     73560      73680 1 1 1 1 1 0 0
     73800      73920 0 0 0 0 0 1 0
     74160      74280 1 1 1 1 1 0 0
     74400      74520 0 0 0 0 0 1 0
     74760      74880 1 1 1 1 1 0 0
     75300      75420 0 0 0 0 0 1 0
     75360      75480 1 1 1 1 1 0 0
     75960      76080 1 1 1 1 1 0 0
     76200      76320 0 0 0 0 0 1 0
     76560      76680 1 1 1 1 1 0 0
     77100      77220 0 0 0 0 0 1 0
     77160      77280 1 1 1 1 1 0 0
     77460      77520 0 0 0 0 0 1 0
     77460      77520 0 0 0 0 0 1 0
     77760      77880 1 1 1 1 1 0 0
     77820      77880 0 0 0 1 0 0 0
     78000      78120 0 0 0 0 0 1 0
     78360      78480 1 1 1 1 1 0 0
     78900      79020 0 0 0 0 0 1 0
     78960      79080 1 1 1 1 1 0 0
     79560      79680 1 1 1 1 1 0 0
     79800      79920 0 0 0 0 0 1 0
     80160      80280 1 1 1 1 1 0 0
     80160      80280 1 1 0 1 0 0 0
     80700      80820 0 0 0 0 0 1 0
     80760      80880 1 1 1 1 1 0 0
     80760      80880 1 1 0 1 0 0 0
     81060      81120 0 0 0 0 0 1 0
     81060      81120 0 0 0 0 0 1 0
     81600      81720 0 0 0 0 0 1 0
     81960      82080 1 1 1 1 1 0 0
     81960      82080 0 0 0 1 0 0 0
     81960      82080 1 1 1 1 0 0 0
     82500      82620 0 0 0 0 0 1 0
     82560      82680 1 1 0 1 0 0 0
     82560      82680 1 1 1 1 1 0 0
     83400      83520 0 0 0 0 0 1 0
     83760      83880 1 1 0 1 0 0 0
     83760      83880 1 1 1 1 1 0 0
     84300      84420 0 0 0 0 0 1 0
     84360      84480 1 1 0 1 0 0 0
     84360      84480 1 1 1 1 1 0 0
     84660      84720 0 0 0 0 0 1 0
     84660      84720 0 0 0 0 0 1 0
     85200      85320 0 0 0 0 0 1 0
     85560      85680 1 1 1 1 1 0 0
     85560      85680 1 1 0 1 0 0 0
     85560      85680 0 0 0 1 0 0 0
     86100      86220 0 0 0 0 0 1 0
     86160      86280 1 1 1 1 1 0 0
     86160      86280 1 1 0 1 0 0 0
389
