      2160       2640 0 0 0 0 0 1 0
      2160       2640 0 0 0 0 0 1 0
     21900      22320 1 1 1 1 1 0 0
     23460      23940 0 0 0 0 0 1 0
     23460      23940 0 0 0 0 0 1 0
     24960      25440 1 1 1 1 1 0 0
     25500      25920 1 1 1 1 1 0 0
     26760      27240 1 1 1 1 1 0 0
     27060      27540 0 0 0 0 0 1 0
     27060      27540 0 0 0 0 0 1 0
     27120      27660 1 1 1 1 1 0 0
     27720      28260 1 1 1 1 1 0 0
     28320      28860 1 1 1 1 1 0 0
     28920      29460 1 1 1 1 1 0 0
     29100      29640 1 1 1 1 1 0 0
     29520      30060 1 1 1 1 1 0 0
     29700      30240 1 1 1 1 1 0 0
     30120      30660 1 1 1 1 1 0 0
     30300      30840 1 1 1 1 1 0 0
     30660      31140 0 0 0 0 0 1 0
     30660      31140 0 0 0 0 0 1 0
     30720      31260 1 1 1 1 1 0 0
     30960      31440 1 1 1 1 1 0 0
     31320      31860 1 1 1 1 1 0 0
     31500      32040 1 1 1 1 1 0 0
     31920      32460 1 1 1 1 1 0 0
     32100      32640 1 1 1 1 1 0 0
     32520      33060 1 1 1 1 1 0 0
     32700      33240 1 1 1 1 1 0 0
     33120      33660 1 1 1 1 1 0 0
     33720      34140 1 1 1 1 1 0 0
     34140      34620 0 1 0 0 0 0 0
     34140      34620 1 1 1 1 1 0 0
     34260      34740 0 0 0 0 0 1 0
     34260      34740 0 0 0 0 0 1 0
     34560      34980 1 1 1 1 1 0 0
     34920      35460 1 1 1 1 1 0 0
     35100      35640 1 1 1 1 1 0 0
     35520      36060 1 1 1 1 1 0 0
     35760      36240 1 1 1 1 1 0 0
     36120      36660 1 1 1 1 1 0 0
     36360      36840 1 1 1 1 1 0 0
     36720      37260 1 1 1 1 1 0 0
     36960      37440 1 1 1 1 1 0 0
     37860      38340 0 0 0 0 0 1 0
     37860      38340 0 0 0 0 0 1 0
     38160      38580 1 1 1 1 1 0 0
     41460      41940 0 0 0 0 0 1 0
     41460      41940 0 0 0 0 0 1 0
     45060      45540 0 0 0 0 0 1 0
     45060      45540 0 0 0 0 0 1 0
     48660      49140 0 0 0 0 0 1 0
     48660      49140 0 0 0 0 0 1 0
     52260      52740 0 0 0 0 0 1 0
     52260      52740 0 0 0 0 0 1 0
     55860      56340 0 0 0 0 0 1 0
     55860      56340 0 0 0 0 0 1 0
     57660      58140 0 0 0 0 0 1 0
     57660      58140 1 1 1 1 1 0 0
     58260      58680 1 1 1 1 1 0 0
     58860      59280 1 1 1 1 1 0 0
     59460      59940 0 0 0 0 0 1 0
     59460      59940 1 1 1 1 1 0 0
     59460      59940 0 0 0 0 0 1 0
     60060      60480 1 1 1 1 1 0 0
     60480      60960 1 1 1 1 1 0 0
     60480      60960 1 1 1 1 1 0 0
     60660      61140 1 1 1 1 1 0 0
     61260      61680 1 1 1 1 1 0 0
     61680      62160 1 1 1 1 1 0 0
     61860      62340 1 1 1 1 1 0 0
     62280      62760 1 1 1 1 1 0 0
     62460      62940 1 1 1 1 1 0 0
     62880      63360 1 1 1 1 1 0 0
     62880      63360 1 1 1 1 1 0 0
     63060      63540 0 0 0 0 0 1 0
     63060      63540 0 0 0 0 0 1 0
     63060      63540 1 1 1 1 1 0 0
     63480      63960 1 1 1 1 1 0 0
     63660      64140 1 1 1 1 1 0 0
     64080      64560 1 1 1 1 1 0 0
     64260      64740 1 1 1 1 1 0 0
     64680      65160 1 1 1 1 1 0 0
     64860      65340 1 1 1 1 1 0 0
     65280      65760 1 1 1 1 1 0 0
     65280      65760 1 1 1 1 1 0 0
     65460      65940 1 1 1 1 1 0 0
     65880      66360 1 1 1 1 1 0 0
     66060      66540 1 1 1 1 1 0 0
     66660      67140 1 1 1 1 1 0 0
     66660      67140 0 0 0 0 0 1 0
     66660      67140 0 0 0 0 0 1 0
     67080      67560 1 1 1 1 1 0 0
     67260      67740 1 1 1 1 1 0 0
     67860      68340 1 1 1 1 1 0 0
     68460      68880 1 1 1 1 1 0 0
     69060      69480 1 1 1 1 1 0 0
     69660      70140 1 1 1 1 1 0 0
     70260      70740 1 1 1 1 1 0 0
     70260      70740 0 0 0 0 0 1 0
     70260      70740 0 0 0 0 0 1 0
     70860      71280 1 1 1 1 1 0 0
     71460      71940 1 1 1 1 1 0 0
     73860      74340 0 0 0 0 0 1 0
     73860      74340 0 0 0 0 0 1 0
     77460      77940 0 0 0 0 0 1 0
     77460      77940 0 0 0 0 0 1 0
     81060      81540 0 0 0 0 0 1 0
     81060      81540 0 0 0 0 0 1 0
     84660      85140 0 0 0 0 0 1 0
     84660      85140 0 0 0 0 0 1 0
111
