       180        360 0 0 0 0 0 1 0
       300        480 1 1 1 1 1 0 0
      1500       1680 1 1 1 1 0 0 0
      1500       1680 1 1 1 1 1 0 0
      1500       1680 1 1 0 1 0 0 0
      1980       2160 0 0 0 0 0 1 0
      2100       2280 1 1 1 1 1 0 0
      2700       2880 1 1 0 1 0 0 0
      2700       2880 1 1 1 1 1 0 0
      3780       3960 0 0 0 0 0 1 0
      4500       4680 0 0 1 0 1 0 0
      5880       6060 0 0 0 0 0 1 0
     18300      18480 1 1 1 1 1 0 0
     18480      18660 0 0 0 0 0 1 0
     19380      19560 0 0 0 0 0 1 0
     19500      19680 1 1 1 1 1 0 0
     20280      20460 0 0 0 0 0 1 0
     20700      20880 1 1 1 1 1 0 0
     21180      21360 0 0 0 0 0 1 0
     21900      22080 1 1 1 1 1 0 0
     22080      22260 0 0 0 0 0 1 0
     22500      22680 0 0 0 0 0 1 0
     22500      22680 0 0 0 0 0 1 0
     23100      23280 1 1 1 1 1 0 0
     23880      24060 0 0 0 0 0 1 0
     24180      24360 1 1 1 1 1 0 0
     24780      24960 0 0 0 0 0 1 0
     24900      25080 1 1 1 1 1 0 0
     25560      25740 1 1 1 1 1 0 0
     25680      25860 0 0 0 0 0 1 0
     26160      26340 1 1 1 1 1 0 0
     26580      26760 0 0 0 0 0 1 0
     26760      26940 1 1 1 1 1 0 0
     27360      27540 1 1 1 1 1 0 0
     27480      27660 0 0 0 0 0 1 0
     27780      27960 1 1 1 1 1 0 0
     28140      28320 1 1 1 1 1 0 0
     28380      28560 0 0 0 0 0 1 0
     28560      28740 1 1 1 1 1 0 0
     28980      29160 1 1 1 1 1 0 0
     29280      29460 0 0 0 0 0 1 0
     29340      29520 1 1 1 1 1 0 0
     29580      29760 0 0 0 0 0 1 0
     29580      29760 0 0 0 0 0 1 0
     29760      29940 1 1 1 1 1 0 0
     30180      30360 1 1 1 1 1 0 0
     30540      30720 1 1 1 1 1 0 0
     30960      31140 1 1 1 1 1 0 0
     31080      31260 0 0 0 0 0 1 0
     31380      31560 1 1 1 1 1 0 0
     31740      31920 1 1 1 1 1 0 0
     32160      32340 1 1 1 1 1 0 0
     32280      32460 0 0 0 0 0 1 0
     32940      33120 1 1 1 1 1 0 0
     33180      33360 0 1 0 0 0 0 0
     33180      33360 1 1 1 1 1 0 0
     33480      33660 0 0 0 0 0 1 0
     33600      33780 1 1 1 1 1 0 0
     33960      34140 1 1 1 1 1 0 0
     34380      34560 1 1 1 1 1 0 0
     34680      34860 0 0 0 0 0 1 0
     34800      34980 1 1 1 1 1 0 0
     35160      35340 1 1 1 1 1 0 0
     35580      35760 1 1 1 1 1 0 0
     35880      36060 0 0 0 0 0 1 0
     36000      36180 1 1 1 1 1 0 0
     36900      37080 1 1 1 1 1 0 0
     37080      37260 0 0 0 0 0 1 0
     37500      37680 0 0 0 1 0 0 0
     37500      37680 1 1 1 1 1 0 0
     38280      38460 0 0 0 0 0 1 0
     38700      38880 0 0 0 0 1 0 0
     38700      38880 1 1 1 1 1 0 0
     38700      38880 0 0 0 1 0 0 0
     39480      39660 0 0 0 0 0 1 0
     39900      40080 1 0 0 0 0 0 0
     39900      40080 0 0 0 1 0 0 0
     39900      40080 1 1 1 1 1 0 0
     40680      40860 0 0 0 0 0 1 0
     41100      41280 0 0 0 1 0 0 0
     41100      41280 1 0 0 0 0 0 0
     41100      41280 1 1 1 1 1 0 0
     41880      42060 0 0 0 0 0 1 0
     42300      42480 1 0 0 0 0 0 0
     42300      42480 1 1 1 1 1 0 0
     42300      42480 0 0 0 1 0 0 0
     43080      43260 0 0 0 0 0 1 0
     43500      43680 1 0 0 0 0 0 0
     43500      43680 0 0 0 1 0 0 0
     43500      43680 1 1 1 1 1 0 0
     44280      44460 0 0 0 0 0 1 0
     44700      44880 1 0 0 0 0 0 0
     44700      44880 1 1 1 1 1 0 0
     44700      44880 0 0 0 1 0 0 0
     45480      45660 0 0 0 0 0 1 0
     45900      46080 0 0 0 1 0 0 0
     45900      46080 1 1 1 1 1 0 0
     46680      46860 0 0 0 0 0 1 0
     47100      47280 1 1 1 1 1 0 0
     47100      47280 0 0 0 1 0 0 0
     47880      48060 0 0 0 0 0 1 0
     48300      48480 1 1 1 1 1 0 0
     49080      49260 0 0 0 0 0 1 0
     49500      49680 1 1 1 1 1 0 0
     50280      50460 0 0 0 0 0 1 0
     50700      50880 1 1 1 1 1 0 0
     51480      51660 0 0 0 0 0 1 0
     51900      52080 1 1 1 1 1 0 0
     52680      52860 0 0 0 0 0 1 0
     53100      53280 1 1 1 1 1 0 0
     53880      54060 0 0 0 0 0 1 0
     54300      54480 1 1 1 1 1 0 0
     55080      55260 0 0 0 0 0 1 0
     55500      55680 1 1 1 1 1 0 0
     56280      56460 0 0 0 0 0 1 0
     56280      56460 1 1 1 1 1 0 0
     56580      56760 0 0 0 0 0 1 0
     56880      57060 1 1 1 1 1 0 0
     57480      57660 0 0 0 0 0 1 0
     57480      57660 1 1 1 1 1 0 0
     58080      58260 1 1 1 1 1 0 0
     58680      58860 1 1 1 1 1 0 0
     58680      58860 0 0 0 0 0 1 0
     59100      59280 1 1 1 1 1 0 0
     59520      59700 1 1 1 1 1 0 0
     59520      59700 1 1 1 1 1 0 0
     59880      60060 1 1 1 1 1 0 0
     59880      60060 0 0 0 0 0 1 0
     60480      60660 1 1 1 1 1 0 0
     60900      61080 1 1 1 1 1 0 0
     61080      61260 0 0 0 0 0 1 0
     61320      61500 1 1 1 1 1 0 0
     61680      61860 1 1 1 1 1 0 0
     62100      62280 1 1 1 1 1 0 0
     62280      62460 0 0 0 0 0 1 0
     62520      62700 1 1 1 1 1 0 0
     62880      63060 1 1 1 1 1 0 0
     63300      63480 1 1 1 1 1 0 0
     63480      63660 0 0 0 0 0 1 0
     63720      63900 1 1 1 1 1 0 0
     64080      64260 1 1 1 1 1 0 0
     64500      64680 1 1 1 1 1 0 0
     64680      64860 0 0 0 0 0 1 0
     64920      65100 1 1 1 1 1 0 0
     65280      65460 1 1 1 1 1 0 0
     65700      65880 1 1 1 1 1 0 0
     65880      66060 0 0 0 0 0 1 0
     66120      66300 1 1 1 1 1 0 0
     66480      66660 1 1 1 1 1 0 0
     67080      67260 1 1 1 1 1 0 0
     67080      67260 0 0 0 0 0 1 0
     67500      67680 1 1 1 1 1 0 0
     68100      68280 1 1 1 1 1 0 0
     68280      68460 0 0 0 0 0 1 0
     68700      68880 1 1 1 1 1 0 0
     69300      69480 1 1 1 1 1 0 0
     69480      69660 0 0 0 0 0 1 0
     69900      70080 1 1 1 1 1 0 0
     70500      70680 1 1 1 1 1 0 0
     70680      70860 0 0 0 0 0 1 0
     71100      71280 1 1 1 1 1 0 0
     71880      72060 0 0 0 0 0 1 0
     72300      72480 1 1 1 1 1 0 0
     73080      73260 0 0 0 0 0 1 0
     73500      73680 1 1 1 1 1 0 0
     74280      74460 0 0 0 0 0 1 0
     74700      74880 1 1 1 1 1 0 0
     75180      75360 0 0 0 0 0 1 0
     75780      75960 0 0 0 0 0 1 0
     75900      76080 1 1 0 1 0 0 0
     75900      76080 1 1 1 1 1 0 0
     76680      76860 0 0 0 0 0 1 0
     77100      77280 1 1 0 1 0 0 0
     77100      77280 1 1 1 1 1 0 0
     77580      77760 0 0 0 0 0 1 0
     78300      78480 1 1 0 1 0 0 0
     78300      78480 1 1 1 1 1 0 0
     78480      78660 0 0 0 0 0 1 0
     79380      79560 0 0 0 0 0 1 0
     79500      79680 1 1 1 1 1 0 0
     80280      80460 0 0 0 0 0 1 0
     80700      80880 1 1 0 1 0 0 0
     80700      80880 1 1 1 1 1 0 0
     81180      81360 0 0 0 0 0 1 0
     81900      82080 1 1 1 1 1 0 0
     81900      82080 1 1 0 1 0 0 0
     82080      82260 0 0 0 0 0 1 0
     82980      83160 0 0 0 0 0 1 0
     83100      83280 1 1 1 1 1 0 0
     83880      84060 0 0 0 0 0 1 0
     84300      84480 1 1 1 1 1 0 0
     84300      84480 1 1 0 1 0 0 0
     84780      84960 0 0 0 0 0 1 0
     85500      85680 1 1 1 1 1 0 0
     85500      85680 1 1 0 1 0 0 0
     85680      85860 0 0 0 0 0 1 0
196
