       900       1080 0 0 0 1 0 0 0
       900       1080 1 1 1 1 1 0 0
       900       1080 1 1 0 1 0 0 0
      1080       1260 0 0 0 0 0 1 0
      1080       1260 0 0 0 0 0 1 0
      2880       3060 0 0 0 0 0 1 0
      2880       3060 0 0 0 0 0 0 0
      3300       3480 0 0 0 1 0 0 0
      3300       3480 1 1 1 1 0 0 0
      3300       3480 0 0 1 0 1 0 0
      3300       3480 1 1 0 1 0 0 0
      4680       4860 0 0 0 0 0 1 0
      5700       5880 0 0 1 0 1 0 0
     17700      17880 1 1 1 1 1 0 0
     18900      19080 1 1 1 1 1 0 0
     20100      20280 1 1 1 1 1 0 0
     21300      21480 1 1 1 1 1 0 0
     22500      22680 1 1 1 1 1 0 0
     22980      23160 0 0 0 0 0 1 0
     23700      23880 1 1 1 1 1 0 0
     24540      24720 1 1 1 1 1 0 0
     25380      25560 1 1 1 1 1 0 0
     25980      26160 0 0 0 0 0 1 0
     25980      26160 1 1 1 1 1 0 0
     25980      26160 0 0 0 0 0 1 0
     26580      26760 1 1 1 1 1 0 0
     27180      27360 1 1 1 1 1 0 0
     27960      28140 1 1 1 1 1 0 0
     28380      28560 1 1 1 1 1 0 0
     28740      28920 1 1 1 1 1 0 0
     29160      29340 1 1 1 1 1 0 0
     29580      29760 1 1 1 1 1 0 0
     30000      30180 1 1 1 1 1 0 0
     30180      30360 0 0 0 0 0 1 0
     30360      30540 1 1 1 1 1 0 0
     30780      30960 1 1 1 1 1 0 0
     31140      31320 1 1 1 1 1 0 0
     31560      31740 1 1 1 1 1 0 0
     31680      31860 0 0 0 0 0 1 0
     31980      32160 1 1 1 1 1 0 0
     32340      32520 1 1 1 1 1 0 0
     32760      32940 1 1 1 1 1 0 0
     32880      33060 0 0 0 0 0 1 0
     33180      33360 0 0 0 0 0 1 0
     33180      33360 0 0 0 0 0 1 0
     33360      33540 1 1 1 1 1 0 0
     33780      33960 1 1 1 1 1 0 0
     34080      34260 0 0 0 0 0 1 0
     34140      34320 1 1 1 1 1 0 0
     34560      34740 1 1 1 1 1 0 0
     34980      35160 1 1 1 1 1 0 0
     35280      35460 0 0 0 0 0 1 0
     35400      35580 1 1 1 1 1 0 0
     35760      35940 1 1 1 1 1 0 0
     36300      36480 1 1 1 1 1 0 0
     36480      36660 0 0 0 0 0 1 0
     36780      36960 0 0 0 0 0 1 0
     36780      36960 0 0 0 0 0 1 0
     37200      37380 1 1 1 1 1 0 0
     37680      37860 0 0 0 0 0 1 0
     38100      38280 0 0 0 1 0 0 0
     38100      38280 1 1 1 1 1 0 0
     38880      39060 0 0 0 0 0 1 0
     39300      39480 0 0 0 1 0 0 0
     39300      39480 1 1 1 1 1 0 0
     40080      40260 0 0 0 0 0 1 0
     40380      40560 0 0 0 0 0 1 0
     40380      40560 0 0 0 0 0 1 0
     40500      40680 0 0 0 1 0 0 0
     40500      40680 1 0 0 0 0 0 0
     40500      40680 1 1 1 1 1 0 0
     40500      40680 1 0 0 0 0 0 0
     41280      41460 0 0 0 0 0 1 0
     41700      41880 1 1 1 1 1 0 0
     41700      41880 0 0 0 1 0 0 0
     41700      41880 1 0 0 0 0 0 0
     42480      42660 0 0 0 0 0 1 0
     42900      43080 1 0 0 0 0 0 0
     42900      43080 1 1 1 1 1 0 0
     42900      43080 0 0 0 1 0 0 0
     43680      43860 0 0 0 0 0 1 0
     43980      44160 0 0 0 0 0 1 0
     43980      44160 0 0 0 0 0 1 0
     44100      44280 1 1 1 1 1 0 0
     44100      44280 0 0 0 1 0 0 0
     44100      44280 1 0 0 0 0 0 0
     44100      44280 1 0 0 0 0 0 0
     44880      45060 0 0 0 0 0 1 0
     45300      45480 1 1 1 1 1 0 0
     45300      45480 0 0 0 1 0 0 0
     45300      45480 1 0 0 0 0 0 0
     46080      46260 0 0 0 0 0 1 0
     46500      46680 1 1 1 1 1 0 0
     46500      46680 0 0 0 1 0 0 0
     47280      47460 0 0 0 0 0 1 0
     47580      47760 0 0 0 0 0 1 0
     47580      47760 0 0 0 0 0 1 0
     47700      47880 1 1 1 1 1 0 0
     48480      48660 0 0 0 0 0 1 0
     48900      49080 1 1 1 1 1 0 0
     49680      49860 0 0 0 0 0 1 0
     50100      50280 1 1 1 1 1 0 0
     50880      51060 0 0 0 0 0 1 0
     51180      51360 0 0 0 0 0 1 0
     51180      51360 0 0 0 0 0 1 0
     51300      51480 1 1 1 1 1 0 0
     52080      52260 0 0 0 0 0 1 0
     52500      52680 1 1 1 1 1 0 0
     53280      53460 0 0 0 0 0 1 0
     53700      53880 1 1 1 1 1 0 0
     54480      54660 0 0 0 0 0 1 0
     54780      54960 0 0 0 0 0 1 0
     54780      54960 0 0 0 0 0 1 0
     54900      55080 1 1 1 1 1 0 0
     55680      55860 0 0 0 0 0 1 0
     56100      56280 1 1 1 1 1 0 0
     56640      56820 1 1 1 1 1 0 0
     56880      57060 0 0 0 0 0 1 0
     57240      57420 1 1 1 1 1 0 0
     57900      58080 1 1 1 1 1 0 0
     58080      58260 0 0 0 0 0 1 0
     58380      58560 0 0 0 0 0 1 0
     58380      58560 0 0 0 0 0 1 0
     58500      58680 1 1 1 1 1 0 0
     59280      59460 0 0 0 0 0 1 0
     59280      59460 1 1 1 1 1 0 0
     59700      59880 1 1 1 1 1 0 0
     60300      60480 1 1 1 1 1 0 0
     60480      60660 0 0 0 0 0 1 0
     60720      60900 1 1 1 1 1 0 0
     61080      61260 1 1 1 1 1 0 0
     61500      61680 1 1 1 1 1 0 0
     61680      61860 0 0 0 0 0 1 0
     61920      62100 1 1 1 1 1 0 0
     61920      62100 1 1 1 1 1 0 0
     61980      62160 0 0 0 0 0 1 0
     61980      62160 0 0 0 0 0 1 0
     62280      62460 1 1 1 1 1 0 0
     62700      62880 1 1 1 1 1 0 0
     62880      63060 0 0 0 0 0 1 0
     63120      63300 1 1 1 1 1 0 0
     63480      63660 1 1 1 1 1 0 0
     63900      64080 1 1 1 1 1 0 0
     64080      64260 0 0 0 0 0 1 0
     64320      64500 1 1 1 1 1 0 0
     64320      64500 1 1 1 1 1 0 0
     64680      64860 1 1 1 1 1 0 0
     65100      65280 1 1 1 1 1 0 0
     65280      65460 0 0 0 0 0 1 0
     65580      65760 0 0 0 0 0 1 0
     65580      65760 0 0 0 0 0 1 0
     65880      66060 1 1 1 1 1 0 0
     66300      66480 1 1 1 1 1 0 0
     66480      66660 0 0 0 0 0 1 0
     66900      67080 1 1 1 1 1 0 0
     67680      67860 1 1 1 1 1 0 0
     67680      67860 0 0 0 0 0 1 0
     68280      68460 1 1 1 1 1 0 0
     68880      69060 0 0 0 0 0 1 0
     68880      69060 1 1 1 1 1 0 0
     69180      69360 0 0 0 0 0 1 0
     69180      69360 0 0 0 0 0 1 0
     69480      69660 1 1 1 1 1 0 0
     70080      70260 0 0 0 0 0 1 0
     70080      70260 1 1 1 1 1 0 0
     70800      70980 1 1 1 1 1 0 0
     71280      71460 0 0 0 0 0 1 0
     71700      71880 1 1 1 1 1 0 0
     72480      72660 0 0 0 0 0 1 0
     72780      72960 0 0 0 0 0 1 0
     72780      72960 0 0 0 0 0 1 0
     72900      73080 0 0 0 1 0 0 0
     72900      73080 1 1 1 1 1 0 0
     73680      73860 0 0 0 0 0 1 0
     74100      74280 1 1 1 1 1 0 0
     74880      75060 0 0 0 0 0 1 0
     75300      75480 1 1 1 1 1 0 0
     76380      76560 0 0 0 0 0 1 0
     76380      76560 0 0 0 0 0 1 0
     76500      76680 1 1 1 1 1 0 0
     77700      77880 0 0 0 0 1 0 0
     77700      77880 1 1 1 1 1 0 0
     77700      77880 1 1 0 1 0 0 0
     78900      79080 1 1 0 1 0 0 0
     78900      79080 1 1 1 1 1 0 0
     79980      80160 0 0 0 0 0 1 0
     79980      80160 0 0 0 0 0 1 0
     80100      80280 1 1 0 1 0 0 0
     80100      80280 1 1 1 1 1 0 0
     81300      81480 1 1 1 1 1 0 0
     82500      82680 1 1 0 1 0 0 0
     82500      82680 1 1 1 1 1 0 0
     83580      83760 0 0 0 0 0 1 0
     83580      83760 0 0 0 0 0 1 0
     83700      83880 1 1 1 1 1 0 0
     83700      83880 1 1 0 1 0 0 0
     84900      85080 1 1 1 1 1 0 0
     86100      86280 1 1 1 1 0 0 0
     86100      86280 1 1 0 1 0 0 0
     86100      86280 1 1 1 1 1 0 0
200
