      1140       1320 1 1 1 1 1 0 0
      1380       1560 0 0 0 0 0 1 0
      2580       2760 1 1 0 1 0 0 0
      2580       2760 1 1 1 1 1 0 0
      3600       3780 0 0 0 0 0 1 0
      4380       4560 0 0 1 0 1 0 0
     17940      18120 1 1 1 1 1 0 0
     19140      19320 1 1 1 1 1 0 0
     19380      19560 0 0 0 0 0 1 0
     19380      19560 0 0 0 0 0 1 0
     20340      20520 1 1 1 1 1 0 0
     21540      21720 1 1 1 1 1 0 0
     22380      22560 0 0 0 0 0 1 0
     22740      22920 1 1 1 1 1 0 0
     23760      23940 1 1 1 1 1 0 0
     24600      24780 0 0 0 0 0 1 0
     24600      24780 0 0 0 0 0 1 0
     24720      24900 1 1 1 1 1 0 0
     25560      25740 1 1 1 1 1 0 0
     26100      26280 1 1 1 1 1 0 0
     26280      26460 0 0 0 0 0 1 0
     26520      26700 1 1 1 1 1 0 0
     27540      27720 1 1 1 1 1 0 0
     27900      28080 1 1 1 1 1 0 0
     28320      28500 1 1 1 1 1 0 0
     28740      28920 1 1 1 1 1 0 0
     29100      29280 1 1 1 1 1 0 0
     29520      29700 1 1 1 1 1 0 0
     29580      29760 0 0 0 0 0 1 0
     29940      30120 1 1 1 1 1 0 0
     30300      30480 1 1 1 1 1 0 0
     30480      30660 0 0 0 0 0 1 0
     30480      30660 0 0 0 0 0 1 0
     30720      30900 1 1 1 1 1 0 0
     30780      30960 0 0 0 0 0 1 0
     31140      31320 1 1 1 1 1 0 0
     31500      31680 1 1 1 1 1 0 0
     31920      32100 1 1 1 1 1 0 0
     31980      32160 0 0 0 0 0 1 0
     32340      32520 1 1 1 1 1 0 0
     32700      32880 1 1 1 1 1 0 0
     32940      33120 1 1 1 1 1 0 0
     33180      33360 0 0 0 0 0 1 0
     33300      33480 1 1 1 1 1 0 0
     33720      33900 1 1 1 1 1 0 0
     34080      34260 0 0 0 0 0 1 0
     34080      34260 0 0 0 0 0 1 0
     34140      34320 1 1 1 1 1 0 0
     34380      34560 0 0 0 0 0 1 0
     34500      34680 1 1 1 1 1 0 0
     34500      34680 1 1 1 1 1 0 0
     34920      35100 1 1 1 1 1 0 0
     35340      35520 1 1 1 1 1 0 0
     35580      35760 0 0 0 0 0 1 0
     36540      36720 1 1 1 1 1 0 0
     36780      36960 0 0 0 0 0 1 0
     37140      37320 1 1 1 1 1 0 0
     37680      37860 0 0 0 0 0 1 0
     37680      37860 0 0 0 0 0 1 0
     37980      38160 0 0 0 0 0 1 0
     38340      38520 1 1 1 1 1 0 0
     39180      39360 0 0 0 0 0 1 0
     39540      39720 1 1 1 1 1 0 0
     40380      40560 0 0 0 0 0 1 0
     40740      40920 1 1 1 1 1 0 0
     41280      41460 0 0 0 0 0 1 0
     41280      41460 0 0 0 0 0 1 0
     41580      41760 0 0 0 0 0 1 0
     41940      42120 1 1 1 1 1 0 0
     41940      42120 0 0 0 1 0 0 0
     42780      42960 0 0 0 0 0 1 0
     43140      43320 1 1 1 1 1 0 0
     43140      43320 0 0 0 1 0 0 0
     43140      43320 1 0 0 0 0 0 0
     43320      43500 1 0 0 0 0 0 0
     43980      44160 0 0 0 0 0 1 0
     44340      44520 1 0 0 0 0 0 0
     44340      44520 1 1 1 1 1 0 0
     44340      44520 0 0 0 0 1 0 0
     44880      45060 0 0 0 0 0 1 0
     44880      45060 0 0 0 0 0 1 0
     45180      45360 0 0 0 0 0 1 0
     45540      45720 0 0 0 1 0 0 0
     45540      45720 1 0 0 0 0 0 0
     45540      45720 1 1 1 1 1 0 0
     46380      46560 0 0 0 0 0 1 0
     46740      46920 1 0 0 0 0 0 0
     46740      46920 1 1 1 1 1 0 0
     46740      46920 0 0 0 1 0 0 0
     46920      47100 1 0 0 0 0 0 0
     47580      47760 0 0 0 0 0 1 0
     47940      48120 1 0 0 0 0 0 0
     47940      48120 0 0 0 1 0 0 0
     47940      48120 1 1 1 1 1 0 0
     48480      48660 0 0 0 0 0 1 0
     48480      48660 0 0 0 0 0 1 0
     48780      48960 0 0 0 0 0 1 0
     49140      49320 1 1 1 1 1 0 0
     49140      49320 0 0 0 1 0 0 0
     49980      50160 0 0 0 0 0 1 0
     50340      50520 1 1 1 1 1 0 0
     50340      50520 0 0 0 1 0 0 0
     51180      51360 0 0 0 0 0 1 0
     51540      51720 1 1 1 1 1 0 0
     52080      52260 0 0 0 0 0 1 0
     52080      52260 0 0 0 0 0 1 0
     52380      52560 0 0 0 0 0 1 0
     52740      52920 1 1 1 1 1 0 0
     53580      53760 0 0 0 0 0 1 0
     53940      54120 1 1 1 1 1 0 0
     54780      54960 0 0 0 0 0 1 0
     55140      55320 1 1 1 1 1 0 0
     55680      55860 0 0 0 0 0 1 0
     55680      55860 0 0 0 0 0 1 0
     55980      56160 0 0 0 0 0 1 0
     56100      56280 1 1 1 1 1 0 0
     56820      57000 1 1 1 1 1 0 0
     57180      57360 1 1 1 1 1 0 0
     57180      57360 0 0 0 0 0 1 0
     57420      57600 1 1 1 1 1 0 0
     57900      58080 1 1 1 1 1 0 0
     58380      58560 0 0 0 0 0 1 0
     58800      58980 1 1 1 1 1 0 0
     59220      59400 1 1 1 1 1 0 0
     59280      59460 0 0 0 0 0 1 0
     59280      59460 0 0 0 0 0 1 0
     59580      59760 0 0 0 0 0 1 0
     59820      60000 1 1 1 1 1 0 0
     60240      60420 1 1 1 1 1 0 0
     60660      60840 1 1 1 1 1 0 0
     60780      60960 0 0 0 0 0 1 0
     61020      61200 1 1 1 1 1 0 0
     61440      61620 1 1 1 1 1 0 0
     61860      62040 1 1 1 1 1 0 0
     61980      62160 0 0 0 0 0 1 0
     62220      62400 1 1 1 1 1 0 0
     62640      62820 1 1 1 1 1 0 0
     62880      63060 0 0 0 0 0 1 0
     62880      63060 0 0 0 0 0 1 0
     63060      63240 1 1 1 1 1 0 0
     63180      63360 0 0 0 0 0 1 0
     63420      63600 1 1 1 1 1 0 0
     63840      64020 1 1 1 1 1 0 0
     64260      64440 1 1 1 1 1 0 0
     64380      64560 0 0 0 0 0 1 0
     64620      64800 1 1 1 1 1 0 0
     65460      65640 0 0 1 0 0 0 0
     65460      65640 1 1 1 1 1 0 0
     65580      65760 0 0 0 0 0 1 0
     65820      66000 1 1 1 1 1 0 0
     66420      66600 1 1 1 1 1 0 0
     66480      66660 0 0 0 0 0 1 0
     66480      66660 0 0 0 0 0 1 0
     66780      66960 0 0 0 0 0 1 0
     67200      67380 1 1 1 1 1 0 0
     67800      67980 1 1 1 1 1 0 0
     67980      68160 0 0 0 0 0 1 0
     68400      68580 1 1 1 1 1 0 0
     69000      69180 1 1 1 1 1 0 0
     69180      69360 0 0 0 0 0 1 0
     69600      69780 1 1 1 1 1 0 0
     70080      70260 0 0 0 0 0 1 0
     70080      70260 0 0 0 0 0 1 0
     70200      70380 1 1 1 1 1 0 0
     70380      70560 0 0 0 0 0 1 0
     70800      70980 1 1 1 1 1 0 0
     71580      71760 0 0 0 0 0 1 0
     71940      72120 1 1 1 1 1 0 0
     72780      72960 0 0 0 0 0 1 0
     73140      73320 1 1 1 1 1 0 0
     73680      73860 0 0 0 0 0 1 0
     73680      73860 0 0 0 0 0 1 0
     74100      74280 0 0 0 0 0 1 0
     74340      74520 1 1 1 1 1 0 0
     75540      75720 1 1 1 1 1 0 0
     76740      76920 1 1 1 1 1 0 0
     77940      78120 1 1 1 1 1 0 0
     78300      78480 0 0 0 0 0 1 0
     78300      78480 0 0 0 0 0 1 0
     79140      79320 1 1 1 1 1 0 0
     80340      80520 1 1 1 1 1 0 0
     81540      81720 1 1 0 1 0 0 0
     81540      81720 1 1 1 1 1 0 0
     81900      82080 0 0 0 0 0 1 0
     81900      82080 0 0 0 0 0 1 0
     82740      82920 1 1 1 1 1 0 0
     82740      82920 1 1 1 1 0 0 0
     82740      82920 0 0 0 1 0 0 0
     83940      84120 1 1 1 1 1 0 0
     85140      85320 1 1 1 1 1 0 0
     85140      85320 1 1 0 1 0 0 0
     85500      85680 0 0 0 0 0 1 0
     85500      85680 0 0 0 0 0 1 0
     86340        120 1 1 0 1 0 0 0
     86340        120 1 1 1 1 1 0 0
     86340        120 0 0 0 1 0 0 0
196
