       480        660 0 0 0 0 0 1 0
       540        720 1 1 1 1 1 0 0
       540        720 1 1 0 1 0 0 0
      1740       1920 1 1 0 1 0 0 0
      1740       1920 1 1 1 1 1 0 0
      2280       2460 0 0 0 0 0 1 0
      3540       3720 0 0 1 0 1 0 0
      5100       5280 0 0 0 0 0 1 0
     17340      17520 1 1 1 1 1 0 0
     17880      18060 0 0 0 0 0 1 0
     18540      18720 1 1 1 1 1 0 0
     18780      18960 0 0 0 0 0 1 0
     19680      19860 0 0 0 0 0 1 0
     19740      19920 1 1 1 1 1 0 0
     20580      20760 0 0 0 0 0 1 0
     20940      21120 1 1 1 1 1 0 0
     21480      21660 0 0 0 0 0 1 0
     22140      22320 1 1 1 1 1 0 0
     23280      23460 0 0 0 0 0 1 0
     23340      23520 1 1 1 1 1 0 0
     24180      24360 0 0 0 0 0 1 0
     24180      24360 1 1 1 1 1 0 0
     25080      25260 0 0 0 0 0 1 0
     25140      25320 1 1 1 1 1 0 0
     25740      25920 1 1 1 1 1 0 0
     25980      26160 0 0 0 0 0 1 0
     26340      26520 1 1 1 1 1 0 0
     26880      27060 0 0 0 0 0 1 0
     26940      27120 1 1 1 1 1 0 0
     27300      27480 1 1 1 1 1 0 0
     27300      27480 1 1 1 1 1 0 0
     27720      27900 1 1 1 1 1 0 0
     27780      27960 0 0 0 0 0 1 0
     28140      28320 1 1 1 1 1 0 0
     28500      28680 1 1 1 1 1 0 0
     28500      28680 1 1 1 1 1 0 0
     28680      28860 0 0 0 0 0 1 0
     28920      29100 1 1 1 1 1 0 0
     29340      29520 1 1 1 1 1 0 0
     29700      29880 1 1 1 1 1 0 0
     29700      29880 1 1 1 1 1 0 0
     30120      30300 1 1 1 1 1 0 0
     30180      30360 0 0 0 0 0 1 0
     30540      30720 1 1 1 1 1 0 0
     30900      31080 1 1 1 1 1 0 0
     31320      31500 1 1 1 1 1 0 0
     31380      31560 0 0 0 0 0 1 0
     31740      31920 1 1 1 1 1 0 0
     32100      32280 1 1 1 1 1 0 0
     32100      32280 1 1 1 1 1 0 0
     32520      32700 1 1 1 1 1 0 0
     32580      32760 0 0 0 0 0 1 0
     33120      33300 1 1 1 1 1 0 0
     33540      33720 1 1 1 1 1 0 0
     33780      33960 0 0 0 0 0 1 0
     33900      34080 1 1 1 1 1 0 0
     34320      34500 1 1 1 1 1 0 0
     34740      34920 1 1 1 1 1 0 0
     34980      35160 0 0 0 0 0 1 0
     35100      35280 1 1 1 1 1 0 0
     35520      35700 1 1 1 1 1 0 0
     35940      36120 1 1 1 1 1 0 0
     36180      36360 0 0 0 0 0 1 0
     36240      36480 1 1 1 1 1 0 0
     37380      37560 0 0 0 0 0 1 0
     37740      37920 1 1 1 1 1 0 0
     38580      38760 0 0 0 0 0 1 0
     38940      39120 1 1 1 1 1 0 0
     39480      39660 0 0 0 0 0 1 0
     39480      39660 0 0 0 0 0 1 0
     39780      39960 0 0 0 0 0 1 0
     40140      40320 1 1 1 1 1 0 0
     40980      41160 0 0 0 0 0 1 0
     41340      41520 0 0 0 1 0 0 0
     41340      41520 1 1 1 1 1 0 0
     41520      41700 1 0 0 0 0 0 0
     42180      42360 0 0 0 0 0 1 0
     42540      42720 0 0 0 0 1 0 0
     42540      42720 1 0 0 0 0 0 0
     42540      42720 1 0 0 0 0 0 0
     42540      42720 1 1 1 1 1 0 0
     43380      43560 0 0 0 0 0 1 0
     43740      43920 1 1 1 1 1 0 0
     43740      43920 0 0 0 1 0 0 0
     43800      43920 1 0 0 0 0 0 0
     44580      44760 0 0 0 0 0 1 0
     44940      45120 1 0 0 0 0 0 0
     44940      45120 1 1 1 1 1 0 0
     44940      45120 0 0 0 1 0 0 0
     45120      45300 1 0 0 0 0 0 0
     45840      46020 0 0 0 0 0 1 0
     46140      46320 0 0 0 1 0 0 0
     46140      46320 0 0 0 0 1 0 0
     46140      46320 1 0 0 0 0 0 0
     46140      46320 1 0 0 0 0 0 0
     46140      46320 1 1 1 1 1 0 0
     46980      47160 0 0 0 0 0 1 0
     47340      47520 1 1 1 1 1 0 0
     47340      47520 1 0 0 0 0 0 0
     47340      47520 0 0 0 1 0 0 0
     48180      48360 0 0 0 0 0 1 0
     48540      48720 0 0 0 1 0 0 0
     48540      48720 1 1 1 1 1 0 0
     49380      49560 0 0 0 0 0 1 0
     49740      49920 1 1 1 1 1 0 0
     49740      49920 0 0 0 1 0 0 0
     50580      50760 0 0 0 0 0 1 0
     50940      51120 1 1 1 1 1 0 0
     51780      51960 0 0 0 0 0 1 0
     52140      52320 1 1 1 1 1 0 0
     52980      53160 0 0 0 0 0 1 0
     53340      53520 1 1 1 1 1 0 0
     54180      54360 0 0 0 0 0 1 0
     54540      54720 1 1 1 1 1 0 0
     55380      55560 0 0 0 0 0 1 0
     55740      55920 1 1 1 1 1 0 0
     56400      56580 1 1 1 1 1 0 0
     56580      56760 0 0 0 0 0 1 0
     57000      57180 1 1 1 1 1 0 0
     57600      57780 1 1 1 1 1 0 0
     57780      57960 0 0 0 0 0 1 0
     58200      58380 1 1 1 1 1 0 0
     58620      58800 1 1 1 1 1 0 0
     58980      59160 0 0 0 0 0 1 0
     59040      59220 1 1 1 1 1 0 0
     59460      59640 1 1 1 1 1 0 0
     60060      60240 1 1 1 1 1 0 0
     60180      60360 0 0 0 0 0 1 0
     60420      60600 1 1 1 1 1 0 0
     60840      61020 1 1 1 1 1 0 0
     61260      61440 1 1 1 1 1 0 0
     61380      61560 0 0 0 0 0 1 0
     61620      61800 1 1 1 1 1 0 0
     62460      62640 1 1 1 1 1 0 0
     62580      62760 0 0 0 0 0 1 0
     62820      63000 1 1 1 1 1 0 0
     63240      63420 1 1 1 1 1 0 0
     63660      63840 1 1 1 1 1 0 0
     63780      63960 0 0 0 0 0 1 0
     64080      64260 1 1 1 1 1 0 0
     64440      64620 1 1 1 1 1 0 0
     64860      65040 1 1 1 1 1 0 0
     64980      65160 0 0 0 0 0 1 0
     65220      65400 1 1 1 1 1 0 0
     65640      65820 1 1 1 1 1 0 0
     65640      65820 0 1 0 0 0 0 0
     66060      66240 1 1 1 1 1 0 0
     66180      66360 0 0 0 0 0 1 0
     66660      66840 1 1 1 1 1 0 0
     67020      67200 1 1 1 1 1 0 0
     67380      67560 0 0 0 0 0 1 0
     67620      67800 1 1 1 1 1 0 0
     68220      68400 1 1 1 1 1 0 0
     68580      68760 0 0 0 0 0 1 0
     68820      69000 1 1 1 1 1 0 0
     69420      69600 1 1 1 1 1 0 0
     69780      69960 0 0 0 0 0 1 0
     70020      70200 1 1 1 1 1 0 0
     70500      70680 1 1 1 1 1 0 0
     70980      71160 0 0 0 0 0 1 0
     71340      71520 1 1 1 1 1 0 0
     72180      72360 0 0 0 0 0 1 0
     72540      72720 1 1 1 1 1 0 0
     73380      73560 0 0 0 0 0 1 0
     73740      73920 1 1 1 1 1 0 0
     74580      74760 0 0 0 0 0 1 0
     74940      75120 1 1 1 1 1 0 0
     75180      75360 0 0 0 0 0 1 0
     76080      76260 0 0 0 0 0 1 0
     76140      76320 1 1 1 1 1 0 0
     76980      77160 0 0 0 0 0 1 0
     77340      77520 1 1 1 1 1 0 0
     77880      78060 0 0 0 0 0 1 0
     78540      78720 1 1 1 1 1 0 0
     78540      78720 0 0 0 1 0 0 0
     78780      78960 0 0 0 0 0 1 0
     79680      79860 0 0 0 0 0 1 0
     79740      79920 1 1 1 1 1 0 0
     80580      80760 0 0 0 0 0 1 0
     80940      81120 1 1 0 1 0 0 0
     80940      81120 1 1 1 1 1 0 0
     81480      81660 0 0 0 0 0 1 0
     82140      82320 1 1 1 1 1 0 0
     82380      82560 0 0 0 0 0 1 0
     83280      83460 0 0 0 0 0 1 0
     83340      83520 1 1 0 1 0 0 0
     83340      83520 1 1 1 1 1 0 0
     84180      84360 0 0 0 0 0 1 0
     84540      84720 1 1 1 1 1 0 0
     84540      84720 1 1 0 1 0 0 0
     85080      85260 0 0 0 0 0 1 0
     85740      85920 1 1 1 1 1 0 0
     85980      86160 0 0 0 0 0 1 0
193
