       360        480 0 0 0 0 0 1 0
       480        660 1 1 1 1 1 0 0
      1080       1260 0 0 0 1 0 0 0
      1080       1260 1 1 0 1 0 0 0
      1080       1260 1 1 1 1 1 0 0
      1260       1440 0 0 0 0 0 1 0
      1260       1440 0 0 0 0 0 1 0
      1680       1860 1 1 1 1 0 0 0
      1680       1860 1 1 0 1 0 0 0
      1680       1860 1 1 1 1 1 0 0
      2160       2280 0 0 0 0 0 1 0
      2280       2460 1 1 1 1 1 0 0
      2880       3060 1 1 0 1 0 0 0
      2880       3060 1 1 1 1 1 0 0
      3060       3180 0 0 0 0 0 0 0
      3060       3180 0 0 0 0 0 1 0
      3480       3660 0 0 1 0 1 0 0
      3480       3660 0 0 0 1 0 0 0
      3480       3660 1 1 0 1 0 0 0
      3480       3660 1 1 1 1 0 0 0
      3960       4080 0 0 0 0 0 1 0
      4680       4860 0 0 1 0 1 0 0
      4860       4980 0 0 0 0 0 1 0
      5880       6060 0 0 1 0 1 0 0
      6060       6180 0 0 0 0 0 1 0
     17880      18060 1 1 1 1 1 0 0
     18480      18660 1 1 1 1 1 0 0
     18660      18780 0 0 0 0 0 1 0
     19080      19260 1 1 1 1 1 0 0
     19560      19680 0 0 0 0 0 1 0
     19680      19860 1 1 1 1 1 0 0
     20280      20460 1 1 1 1 1 0 0
     20460      20580 0 0 0 0 0 1 0
     20880      21060 1 1 1 1 1 0 0
     21360      21480 0 0 0 0 0 1 0
     21480      21660 1 1 1 1 1 0 0
     22080      22260 1 1 1 1 1 0 0
     22260      22380 0 0 0 0 0 1 0
     22680      22860 0 0 0 0 0 1 0
     22680      22860 0 0 0 0 0 1 0
     22680      22860 1 1 1 1 1 0 0
     23160      23280 0 0 0 0 0 1 0
     23280      23460 1 1 1 1 1 0 0
     23880      24060 1 1 1 1 1 0 0
     24060      24180 0 0 0 0 0 1 0
     24360      24540 1 1 1 1 1 0 0
     24720      24900 1 1 1 1 1 0 0
     24960      25080 0 0 0 0 0 1 0
     25080      25260 1 1 1 1 1 0 0
     25560      25740 1 1 1 1 1 0 0
     25740      25920 1 1 1 1 1 0 0
     25860      25980 0 0 0 0 0 1 0
     26160      26340 1 1 1 1 1 0 0
     26160      26340 0 0 0 0 0 1 0
     26160      26340 0 0 0 0 0 1 0
     26340      26520 1 1 1 1 1 0 0
     26760      26940 1 1 1 1 1 0 0
     26760      26880 0 0 0 0 0 1 0
     26940      27120 1 1 1 1 1 0 0
     27360      27540 1 1 1 1 1 0 0
     27540      27720 1 1 1 1 1 0 0
     27660      27780 0 0 0 0 0 1 0
     27960      28140 1 1 1 1 1 0 0
     28140      28320 1 1 1 1 1 0 0
     28320      28500 1 1 1 1 1 0 0
     28560      28740 1 1 1 1 1 0 0
     28560      28680 0 0 0 0 0 1 0
     28740      28920 1 1 1 1 1 0 0
     28920      29100 1 1 1 1 1 0 0
     29160      29340 1 1 1 1 1 0 0
     29340      29520 1 1 1 1 1 0 0
     29460      29580 0 0 0 0 0 1 0
     29520      29700 1 1 1 1 1 0 0
     29760      29880 0 0 0 0 0 1 0
     29760      29880 0 0 0 0 0 1 0
     29760      29940 1 1 1 1 1 0 0
     29940      30120 1 1 1 1 1 0 0
     30180      30360 1 1 1 1 1 0 0
     30360      30540 1 1 1 1 1 0 0
     30360      30480 0 0 0 0 0 1 0
     30540      30720 1 1 1 1 1 0 0
     30720      30900 1 1 1 1 1 0 0
     30960      31140 1 1 1 1 1 0 0
     31140      31320 1 1 1 1 1 0 0
     31260      31380 0 0 0 0 0 1 0
     31320      31500 1 1 1 1 1 0 0
     31560      31740 1 1 1 1 1 0 0
     31740      31920 1 1 1 1 1 0 0
     31860      31980 0 0 0 0 0 1 0
     31920      32100 1 1 1 1 1 0 0
     32160      32340 1 1 1 1 1 0 0
     32340      32520 1 1 1 1 1 0 0
     32460      32580 0 0 0 0 0 1 0
     32520      32700 1 1 1 1 1 0 0
     32940      33120 1 1 1 1 1 0 0
     33060      33180 0 0 0 0 0 1 0
     33120      33300 1 1 1 1 1 0 0
     33360      33540 0 0 0 0 0 1 0
     33360      33540 0 1 0 0 0 0 0
     33360      33540 1 1 1 1 1 0 0
     33360      33540 0 0 0 0 0 1 0
     33540      33720 1 1 1 1 1 0 0
     33660      33780 0 0 0 0 0 1 0
     33780      33960 1 1 1 1 1 0 0
     33960      34140 1 1 1 1 1 0 0
     34140      34320 1 1 1 1 1 0 0
     34260      34380 0 0 0 0 0 1 0
     34320      34500 1 1 1 1 1 0 0
     34560      34740 1 1 1 1 1 0 0
     34740      34920 1 1 1 1 1 0 0
     34860      34980 0 0 0 0 0 1 0
     34980      35160 1 1 1 1 1 0 0
     35160      35340 1 1 1 1 1 0 0
     35340      35520 1 1 1 1 1 0 0
     35460      35580 0 0 0 0 0 1 0
     35580      35760 1 1 1 1 1 0 0
     35760      35940 1 1 1 1 1 0 0
     35940      36120 1 1 1 1 1 0 0
     36060      36180 0 0 0 0 0 1 0
     36180      36360 1 1 1 1 1 0 0
     36480      36660 1 1 1 1 1 0 0
     36660      36780 0 0 0 0 0 1 0
     36960      37140 0 0 0 0 0 1 0
     36960      37140 0 0 0 0 0 1 0
     37080      37260 1 1 1 1 1 0 0
     37260      37380 0 0 0 0 0 1 0
     37380      37560 1 1 1 1 1 0 0
     37680      37860 0 0 0 1 0 0 0
     37680      37860 1 1 1 1 1 0 0
     37860      37980 0 0 0 0 0 1 0
     38280      38460 0 0 0 1 0 0 0
     38280      38460 1 1 1 1 1 0 0
     38460      38580 0 0 0 0 0 1 0
     38880      39060 0 0 0 0 1 0 0
     38880      39060 0 0 0 1 0 0 0
     38880      39060 1 1 1 1 1 0 0
     39060      39180 0 0 0 0 0 1 0
     39480      39660 1 1 1 1 1 0 0
     39480      39660 0 0 0 1 0 0 0
     39660      39780 0 0 0 0 0 1 0
     40080      40260 0 0 0 1 0 0 0
     40080      40260 1 1 1 1 1 0 0
     40080      40260 1 0 0 0 0 0 0
     40260      40380 0 0 0 0 0 1 0
     40560      40740 0 0 0 0 0 1 0
     40560      40740 0 0 0 0 0 1 0
     40680      40860 1 1 1 1 1 0 0
     40680      40860 1 0 0 0 0 0 0
     40680      40860 1 0 0 0 0 0 0
     40680      40860 0 0 0 1 0 0 0
     40860      40980 0 0 0 0 0 1 0
     41280      41460 1 0 0 0 0 0 0
     41280      41460 1 1 1 1 1 0 0
     41280      41460 0 0 0 1 0 0 0
     41460      41580 0 0 0 0 0 1 0
     41880      42060 1 1 1 1 1 0 0
     41880      42060 0 0 0 1 0 0 0
     41880      42060 1 0 0 0 0 0 0
     42060      42180 0 0 0 0 0 1 0
     42480      42660 1 1 1 1 1 0 0
     42480      42660 1 0 0 0 0 0 0
     42480      42660 0 0 0 1 0 0 0
     42660      42780 0 0 0 0 0 1 0
     43080      43260 0 0 0 1 0 0 0
     43080      43260 1 0 0 0 0 0 0
     43080      43260 1 1 1 1 1 0 0
     43260      43380 0 0 0 0 0 1 0
     43680      43860 0 0 0 1 0 0 0
     43680      43860 1 1 1 1 1 0 0
     43680      43860 1 0 0 0 0 0 0
     43860      43980 0 0 0 0 0 1 0
     44160      44340 0 0 0 0 0 1 0
     44160      44340 0 0 0 0 0 1 0
     44280      44460 1 0 0 0 0 0 0
     44280      44460 1 0 0 0 0 0 0
     44280      44460 1 1 1 1 1 0 0
     44280      44460 0 0 0 1 0 0 0
     44460      44580 0 0 0 0 0 1 0
     44880      45060 0 0 0 1 0 0 0
     44880      45060 1 0 0 0 0 0 0
     44880      45060 1 1 1 1 1 0 0
     45060      45180 0 0 0 0 0 1 0
     45480      45660 1 0 0 0 0 0 0
     45480      45660 0 0 0 1 0 0 0
     45480      45660 1 1 1 1 1 0 0
     45660      45780 0 0 0 0 0 1 0
     46080      46260 0 0 0 1 0 0 0
     46080      46260 1 1 1 1 1 0 0
     46260      46380 0 0 0 0 0 1 0
     46680      46860 1 1 1 1 1 0 0
     46680      46860 0 0 0 1 0 0 0
     46860      46980 0 0 0 0 0 1 0
     47280      47460 0 0 0 1 0 0 0
     47280      47460 1 1 1 1 1 0 0
     47460      47580 0 0 0 0 0 1 0
     47760      47940 0 0 0 0 0 1 0
     47760      47940 0 0 0 0 0 1 0
     47880      48060 1 1 1 1 1 0 0
     48060      48180 0 0 0 0 0 1 0
     48480      48660 1 1 1 1 1 0 0
     48660      48780 0 0 0 0 0 1 0
     49080      49260 1 1 1 1 1 0 0
     49260      49380 0 0 0 0 0 1 0
     49680      49860 1 1 1 1 1 0 0
     49860      49980 0 0 0 0 0 1 0
     50280      50460 1 1 1 1 1 0 0
     50460      50580 0 0 0 0 0 1 0
     50880      51060 1 1 1 1 1 0 0
     51060      51180 0 0 0 0 0 1 0
     51360      51540 0 0 0 0 0 1 0
     51360      51540 0 0 0 0 0 1 0
     51480      51660 1 1 1 1 1 0 0
     51660      51780 0 0 0 0 0 1 0
     52080      52260 1 1 1 1 1 0 0
     52260      52380 0 0 0 0 0 1 0
     52680      52860 1 1 1 1 1 0 0
     52860      52980 0 0 0 0 0 1 0
     53280      53460 1 1 1 1 1 0 0
     53460      53580 0 0 0 0 0 1 0
     53880      54060 1 1 1 1 1 0 0
     54060      54180 0 0 0 0 0 1 0
     54480      54660 1 1 1 1 1 0 0
     54660      54780 0 0 0 0 0 1 0
     54960      55140 0 0 0 0 0 1 0
     54960      55140 0 0 0 0 0 1 0
     55080      55260 1 1 1 1 1 0 0
     55260      55380 0 0 0 0 0 1 0
     55680      55860 1 1 1 1 1 0 0
     55860      55980 0 0 0 0 0 1 0
     56280      56460 1 1 1 1 1 0 0
     56460      56640 1 1 1 1 1 0 0
     56460      56580 0 0 0 0 0 1 0
     56760      56940 0 0 0 0 0 1 0
     56820      57000 1 1 1 1 1 0 0
     57060      57180 0 0 0 0 0 1 0
     57060      57240 1 1 1 1 1 0 0
     57420      57600 1 1 1 1 1 0 0
     57660      57840 1 1 1 1 1 0 0
     57660      57780 0 0 0 0 0 1 0
     58080      58260 1 1 1 1 1 0 0
     58260      58380 0 0 0 0 0 1 0
     58260      58440 1 1 1 1 1 0 0
     58560      58740 0 0 0 0 0 1 0
     58560      58740 0 0 0 0 0 1 0
     58680      58860 1 1 1 1 1 0 0
     58860      58980 0 0 0 0 0 1 0
     58860      59040 1 1 1 1 1 0 0
     59280      59460 1 1 1 1 1 0 0
     59460      59640 1 1 1 1 1 0 0
     59460      59580 0 0 0 0 0 1 0
     59700      59880 1 1 1 1 1 0 0
     59700      59880 1 1 1 1 1 0 0
     59880      60060 1 1 1 1 1 0 0
     60060      60240 1 1 1 1 1 0 0
     60060      60180 0 0 0 0 0 1 0
     60480      60660 1 1 1 1 1 0 0
     60660      60840 1 1 1 1 1 0 0
     60660      60780 0 0 0 0 0 1 0
     60900      61080 1 1 1 1 1 0 0
     61080      61260 1 1 1 1 1 0 0
     61260      61380 0 0 0 0 0 1 0
     61260      61440 1 1 1 1 1 0 0
     61500      61680 1 1 1 1 1 0 0
     61680      61860 1 1 1 1 1 0 0
     61860      62040 1 1 1 1 1 0 0
     61860      61980 0 0 0 0 0 1 0
     62100      62280 1 1 1 1 1 0 0
     62100      62280 1 1 1 1 1 0 0
     62160      62340 0 0 0 0 0 1 0
     62160      62340 0 0 0 0 0 1 0
     62280      62460 1 1 1 1 1 0 0
     62460      62580 0 0 0 0 0 1 0
     62460      62640 1 1 1 1 1 0 0
     62700      62880 1 1 1 1 1 0 0
     62880      63060 1 1 1 1 1 0 0
     63060      63180 0 0 0 0 0 1 0
     63060      63240 1 1 1 1 1 0 0
     63300      63480 1 1 1 1 1 0 0
     63480      63660 1 1 1 1 1 0 0
     63660      63780 0 0 0 0 0 1 0
     63660      63840 1 1 1 1 1 0 0
     63900      64080 1 1 1 1 1 0 0
     64080      64260 1 1 1 1 1 0 0
     64260      64380 0 0 0 0 0 1 0
     64260      64440 1 1 1 1 1 0 0
     64500      64680 1 1 1 1 1 0 0
     64500      64680 1 1 1 1 1 0 0
     64680      64860 1 1 1 1 1 0 0
     64860      64980 0 0 0 0 0 1 0
     64860      65040 1 1 1 1 1 0 0
     65100      65280 1 1 1 1 1 0 0
     65280      65460 1 1 1 1 1 0 0
     65460      65580 0 0 0 0 0 1 0
     65460      65640 1 1 1 1 1 0 0
     65760      65940 0 0 0 0 0 1 0
     65760      65940 0 0 0 0 0 1 0
     65880      66060 1 1 1 1 1 0 0
     66060      66180 0 0 0 0 0 1 0
     66060      66240 1 1 1 1 1 0 0
     66300      66480 1 1 1 1 1 0 0
     66480      66660 1 1 1 1 1 0 0
     66660      66780 0 0 0 0 0 1 0
     66660      66840 1 1 1 1 1 0 0
     67080      67260 1 1 1 1 1 0 0
     67260      67440 1 1 1 1 1 0 0
     67260      67380 0 0 0 0 0 1 0
     67680      67860 1 1 1 1 1 0 0
     67860      68040 1 1 1 1 1 0 0
     67860      67980 0 0 0 0 0 1 0
     68280      68460 1 1 1 1 1 0 0
     68460      68580 0 0 0 0 0 1 0
     68460      68640 1 1 1 1 1 0 0
     68880      69060 1 1 1 1 1 0 0
     69060      69240 1 1 1 1 1 0 0
     69060      69180 0 0 0 0 0 1 0
     69360      69540 0 0 0 0 0 1 0
     69360      69540 0 0 0 0 0 1 0
     69480      69660 1 1 1 1 1 0 0
     69660      69780 0 0 0 0 0 1 0
     69660      69840 1 1 1 1 1 0 0
     70080      70260 1 1 1 1 1 0 0
     70260      70440 1 1 1 1 1 0 0
     70260      70380 0 0 0 0 0 1 0
     70680      70860 1 1 1 1 1 0 0
     70860      70980 0 0 0 0 0 1 0
     70980      71160 1 1 1 1 1 0 0
     71280      71460 1 1 1 1 1 0 0
     71460      71580 0 0 0 0 0 1 0
     71880      72060 1 1 1 1 1 0 0
     72060      72180 0 0 0 0 0 1 0
     72480      72660 1 1 1 1 1 0 0
     72660      72780 0 0 0 0 0 1 0
     72960      73140 0 0 0 0 0 1 0
     72960      73140 0 0 0 0 0 1 0
     73080      73260 0 0 0 1 0 0 0
     73080      73260 1 1 1 1 1 0 0
     73260      73380 0 0 0 0 0 1 0
     73680      73860 1 1 1 1 1 0 0
     73860      73980 0 0 0 0 0 1 0
     74280      74460 1 1 1 1 1 0 0
     74460      74580 0 0 0 0 0 1 0
     74880      75060 1 1 1 1 1 0 0
     75060      75180 0 0 0 0 0 1 0
     75360      75480 0 0 0 0 0 1 0
     75480      75660 1 1 1 1 1 0 0
     75960      76080 0 0 0 0 0 1 0
     76080      76260 1 1 1 1 1 0 0
     76080      76260 1 1 0 1 0 0 0
     76560      76740 0 0 0 0 0 1 0
     76560      76740 0 0 0 0 0 1 0
     76680      76860 1 1 1 1 1 0 0
     76860      76980 0 0 0 0 0 1 0
     77280      77460 1 1 0 1 0 0 0
     77280      77460 1 1 1 1 1 0 0
     77760      77880 0 0 0 0 0 1 0
     77880      78060 0 0 0 0 1 0 0
     77880      78060 1 1 1 1 1 0 0
     77880      78060 1 1 0 1 0 0 0
     78480      78660 1 1 1 1 1 0 0
     78480      78660 1 1 0 1 0 0 0
     78660      78780 0 0 0 0 0 1 0
     79080      79260 1 1 1 1 1 0 0
     79080      79260 1 1 0 1 0 0 0
     79560      79680 0 0 0 0 0 1 0
     79680      79860 1 1 1 1 1 0 0
     80160      80340 0 0 0 0 0 1 0
     80160      80340 0 0 0 0 0 1 0
     80280      80460 1 1 0 1 0 0 0
     80280      80460 1 1 1 1 1 0 0
     80460      80580 0 0 0 0 0 1 0
     80880      81060 1 1 1 1 1 0 0
     80880      81060 1 1 0 1 0 0 0
     81360      81480 0 0 0 0 0 1 0
     81480      81660 1 1 1 1 1 0 0
     82080      82260 1 1 0 1 0 0 0
     82080      82260 1 1 1 1 1 0 0
     82260      82380 0 0 0 0 0 1 0
     82680      82860 1 1 1 1 1 0 0
     82680      82860 1 1 0 1 0 0 0
     83160      83280 0 0 0 0 0 1 0
     83280      83460 1 1 1 1 1 0 0
     83760      83940 0 0 0 0 0 1 0
     83760      83940 0 0 0 0 0 1 0
     83880      84060 1 1 1 1 1 0 0
     83880      84060 1 1 0 1 0 0 0
     84060      84180 0 0 0 0 0 1 0
     84480      84660 1 1 0 1 0 0 0
     84480      84660 1 1 1 1 1 0 0
     84960      85080 0 0 0 0 0 1 0
     85080      85260 1 1 1 1 1 0 0
     85680      85860 1 1 1 1 1 0 0
     85680      85860 1 1 0 1 0 0 0
     85860      85980 0 0 0 0 0 1 0
     86280         60 1 1 0 1 0 0 0
     86280         60 1 1 1 1 1 0 0
     86280         60 1 1 1 1 0 0 0
396
