       780        840 0 0 0 0 0 1 0
       780        840 0 0 0 0 0 1 0
      1140       1200 1 1 1 1 1 0 0
      1140       1200 1 1 0 1 0 0 0
      1200       1320 1 1 1 1 0 0 0
      1620       1740 0 0 0 0 0 1 0
      1680       1740 0 0 0 0 0 1 0
      2940       3000 1 1 1 1 1 0 0
      2940       3000 1 1 1 1 0 0 0
      2940       3000 1 1 0 1 0 0 0
      3420       3540 0 0 0 0 0 1 0
      3480       3540 0 0 0 0 0 1 0
      4140       4200 1 1 0 1 0 0 0
      4140       4200 1 1 1 1 1 0 0
      4380       4440 0 0 0 0 0 1 0
      4380       4440 0 0 0 0 0 1 0
      4740       4800 0 0 1 0 1 0 0
      4740       4800 1 1 0 1 0 0 0
      4740       4800 1 1 1 1 0 0 0
      4800       4860 0 0 0 1 0 0 0
      5220       5340 0 0 0 0 0 1 0
      5280       5340 0 0 0 0 0 1 0
      5940       6000 0 0 1 0 1 0 0
      6180       6240 0 0 0 0 0 1 0
      6180       6240 0 0 0 0 0 1 0
      7140       7200 0 0 1 0 1 0 0
     19140      19200 1 1 1 1 1 0 0
     20820      20940 0 0 0 0 0 1 0
     20940      21000 1 1 1 1 1 0 0
     21060      21120 0 0 0 0 0 1 0
     22620      22740 0 0 0 0 0 1 0
     22740      22800 1 1 1 1 1 0 0
     22860      22920 0 0 0 0 0 1 0
     24480      24540 0 0 0 0 0 1 0
     24540      24600 1 1 1 1 1 0 0
     24660      24720 0 0 0 0 0 1 0
     25620      25680 1 1 1 1 1 0 0
     26280      26340 0 0 0 0 0 1 0
     26340      26400 1 1 1 1 1 0 0
     26460      26520 0 0 0 0 0 1 0
     26820      26880 1 1 1 1 1 0 0
     27420      27480 1 1 1 1 1 0 0
     28020      28080 1 1 1 1 1 0 0
     28080      28140 0 0 0 0 0 1 0
     28260      28320 0 0 0 0 0 1 0
     28620      28680 1 1 1 1 1 0 0
     29220      29280 1 1 1 1 1 0 0
     29820      29880 1 1 1 1 1 0 0
     29880      29940 0 0 0 0 0 1 0
     30060      30120 0 0 0 0 0 1 0
     30420      30480 1 1 1 1 1 0 0
     31020      31080 1 1 1 1 1 0 0
     31620      31680 1 1 1 1 1 0 0
     31680      31740 0 0 0 0 0 1 0
     31860      31920 0 0 0 0 0 1 0
     32220      32280 1 1 1 1 1 0 0
     32820      32880 1 1 1 1 1 0 0
     33420      33480 1 1 1 1 1 0 0
     33780      33840 0 0 0 0 0 1 0
     33780      33840 1 1 1 1 1 0 0
     33840      33900 0 0 0 0 0 1 0
     34380      34440 1 1 1 1 1 0 0
     35220      35280 1 1 1 1 1 0 0
     35580      35640 0 0 0 0 0 1 0
     35760      35880 0 0 0 0 0 1 0
     35820      35880 1 1 1 1 1 0 0
     36420      36480 1 1 1 1 1 0 0
     37020      37080 1 1 1 1 1 0 0
     37380      37440 0 0 0 0 0 1 0
     37440      37500 0 0 0 0 0 1 0
     38940      39000 0 0 0 1 0 0 0
     38940      39000 1 1 1 1 1 0 0
     39180      39240 0 0 0 0 0 1 0
     39240      39300 0 0 0 0 0 0 0
     39240      39300 0 0 0 0 0 1 0
     40740      40800 0 0 0 1 0 0 0
     40740      40800 1 1 1 1 1 0 0
     40980      41040 0 0 0 0 0 1 0
     41040      41100 0 0 0 0 0 1 0
     42540      42600 0 0 0 1 0 0 0
     42540      42600 1 1 1 1 1 0 0
     42540      42600 1 0 0 0 0 0 0
     42780      42840 0 0 0 0 0 1 0
     42840      42900 0 0 0 0 0 1 0
     44340      44400 0 0 0 1 0 0 0
     44340      44400 1 1 1 1 1 0 0
     44340      44400 1 0 0 0 0 0 0
     44580      44640 0 0 0 0 0 1 0
     44700      44760 0 0 0 0 0 1 0
     46140      46200 0 0 0 1 0 0 0
     46140      46200 1 1 1 1 1 0 0
     46140      46200 1 0 0 0 0 0 0
     46380      46440 0 0 0 0 0 1 0
     46440      46500 0 0 0 0 0 1 0
     47940      48000 1 1 1 1 1 0 0
     47940      48000 0 0 0 1 0 0 0
     48180      48240 0 0 0 0 0 1 0
     48240      48300 0 0 0 0 0 1 0
     49740      49800 1 1 1 1 1 0 0
     49980      50040 0 0 0 0 0 1 0
     50040      50100 0 0 0 0 0 1 0
     51540      51600 1 1 1 1 1 0 0
     51780      51840 0 0 0 0 0 1 0
     51840      51900 0 0 0 0 0 1 0
     53340      53400 1 1 1 1 1 0 0
     53580      53640 0 0 0 0 0 1 0
     53640      53700 0 0 0 0 0 1 0
     55140      55200 1 1 1 1 1 0 0
     55380      55440 0 0 0 0 0 1 0
     55440      55500 0 0 0 0 0 1 0
     56940      57000 1 1 1 1 1 0 0
     57180      57240 0 0 0 0 0 1 0
     57240      57300 0 0 0 0 0 1 0
     57720      57780 1 1 1 1 1 0 0
     58320      58380 1 1 1 1 1 0 0
     58920      58980 1 1 1 1 1 0 0
     58980      59040 0 0 0 0 0 1 0
     59100      59160 0 0 0 0 0 1 0
     59520      59580 1 1 1 1 1 0 0
     60120      60180 1 1 1 1 1 0 0
     60720      60780 1 1 1 1 1 0 0
     60780      60840 0 0 0 0 0 1 0
     60840      60900 0 0 0 0 0 1 0
     61320      61380 1 1 1 1 1 0 0
     61920      61980 1 1 1 1 1 0 0
     62520      62580 1 1 1 1 1 0 0
     62580      62640 0 0 0 0 0 1 0
     62760      62880 0 0 0 0 0 1 0
     63120      63180 1 1 1 1 1 0 0
     63720      63780 1 1 1 1 1 0 0
     64320      64380 1 1 1 1 1 0 0
     64380      64440 0 0 0 0 0 1 0
     64560      64680 0 0 0 0 0 1 0
     64920      64980 1 1 1 1 1 0 0
     65520      65580 1 1 1 1 1 0 0
     66120      66180 1 1 1 1 1 0 0
     66180      66240 0 0 0 0 0 1 0
     66240      66300 0 0 0 0 0 1 0
     66720      66780 1 1 1 1 1 0 0
     67320      67380 1 1 1 1 1 0 0
     67920      67980 1 1 1 1 1 0 0
     67980      68040 0 0 0 0 0 1 0
     68100      68160 0 0 0 0 0 1 0
     68520      68580 1 1 1 1 1 0 0
     69120      69180 1 1 1 1 1 0 0
     69720      69780 1 1 1 1 1 0 0
     69780      69840 0 0 0 0 0 1 0
     69900      69960 0 0 0 0 0 1 0
     70320      70380 1 1 1 1 1 0 0
     70920      70980 1 1 1 1 1 0 0
     71520      71580 1 1 1 1 1 0 0
     71580      71640 0 0 0 0 0 1 0
     71700      71760 0 0 0 0 0 1 0
     72240      72300 1 1 1 1 1 0 0
     73140      73200 1 1 1 1 1 0 0
     73380      73440 0 0 0 0 0 1 0
     73500      73560 0 0 0 0 0 1 0
     74940      75000 1 1 1 1 1 0 0
     75180      75240 0 0 0 0 0 1 0
     75300      75360 0 0 0 0 0 1 0
     76680      76740 0 0 0 0 0 1 0
     76740      76800 1 1 1 1 1 0 0
     76860      76920 0 0 0 0 0 1 0
     78180      78240 0 0 0 0 0 1 0
     78180      78240 0 0 0 0 0 1 0
     78540      78600 1 1 1 1 1 0 0
     78540      78600 1 1 0 1 0 0 0
     79980      80040 0 0 0 0 0 1 0
     79980      80040 0 0 0 0 0 1 0
     80340      80400 1 1 0 1 0 0 0
     80340      80400 1 1 1 1 1 0 0
     81780      81840 0 0 0 0 0 1 0
     81780      81840 0 0 0 0 0 1 0
     82140      82200 1 1 1 1 1 0 0
     82140      82200 1 1 0 1 0 0 0
     83580      83640 0 0 0 0 0 1 0
     83580      83640 0 0 0 0 0 1 0
     83940      84000 1 1 0 1 0 0 0
     83940      84000 1 1 1 1 1 0 0
     85380      85440 0 0 0 0 0 1 0
     85380      85440 0 0 0 0 0 1 0
     85740      85800 1 1 1 1 1 0 0
     85740      85800 1 1 0 1 0 0 0
183
