       900       1140 0 0 0 0 0 1 0
      2220       2460 0 0 0 0 0 1 0
     17400      17640 0 0 0 0 0 1 0
     19260      19500 0 0 0 0 0 1 0
     21060      21300 0 0 0 0 0 1 0
     22860      23100 0 0 0 0 0 1 0
     24660      24900 0 0 0 0 0 1 0
     26460      26640 0 0 0 0 0 1 0
     28260      28440 0 0 0 0 0 1 0
     30060      30240 0 0 0 0 0 1 0
     31920      32160 0 0 0 0 0 1 0
     33660      33900 0 0 0 0 0 1 0
     35460      35640 0 0 0 0 0 1 0
     37260      37500 0 0 0 0 0 1 0
     39120      39360 0 0 0 0 0 1 0
     40920      41160 0 0 0 0 0 1 0
     41820      42120 1 0 0 0 0 0 0
     42660      42840 0 0 0 0 0 1 0
     43620      43800 1 0 0 0 0 0 0
     44460      44700 0 0 0 0 0 1 0
     45420      45660 1 0 0 0 0 0 0
     46260      46440 0 0 0 0 0 1 0
     48060      48300 0 0 0 0 0 1 0
     49860      50040 0 0 0 0 0 1 0
     51660      51900 0 0 0 0 0 1 0
     53460      53700 0 0 0 0 0 1 0
     55260      55500 0 0 0 0 0 1 0
     57120      57360 0 0 0 0 0 1 0
     58860      59100 0 0 0 0 0 1 0
     60660      60840 0 0 0 0 0 1 0
     62460      62700 0 0 0 0 0 1 0
     64260      64440 0 0 0 0 0 1 0
     66060      66300 0 0 0 0 0 1 0
     67860      68040 0 0 0 0 0 1 0
     69660      69840 0 0 0 0 0 1 0
     71460      71640 0 0 0 0 0 1 0
     73260      73500 0 0 0 0 0 1 0
     74700      74940 0 0 0 0 0 1 0
     76500      76740 0 0 0 0 0 1 0
     78300      78540 0 0 0 0 0 1 0
     80160      80460 0 0 0 0 0 1 0
     81900      82140 0 0 0 0 0 1 0
     83820      84060 0 0 0 0 0 1 0
     85620      85860 0 0 0 0 0 1 0
44
