     19860      20040 0 0 0 0 0 1 0
     21660      21840 0 0 0 0 0 1 0
     23460      23640 0 0 0 0 0 1 0
     25260      25440 0 0 0 0 0 1 0
     27180      27360 0 0 0 0 0 1 0
     29040      29160 0 0 0 0 0 1 0
     30840      30960 0 0 0 0 0 1 0
     32640      32760 0 0 0 0 0 1 0
     33000      33180 0 0 0 0 0 1 0
     34440      34560 0 0 0 0 0 1 0
     34800      34980 0 0 0 0 0 1 0
     36240      36420 0 0 0 0 0 1 0
     36600      36780 0 0 0 0 0 1 0
     38040      38160 0 0 0 0 0 1 0
     38400      38580 0 0 0 0 0 1 0
     39840      39960 0 0 0 0 0 1 0
     40200      40380 0 0 0 0 0 1 0
     41160      41340 1 0 0 0 0 0 0
     41580      41760 0 0 0 0 0 1 0
     41940      42120 1 0 0 0 0 0 0
     42000      42180 0 0 0 0 0 1 0
     42960      43140 1 0 0 0 0 0 0
     43440      43560 0 0 0 0 0 1 0
     43560      43740 1 0 0 0 0 0 0
     43860      44040 0 0 0 0 0 1 0
     44760      44940 1 0 0 0 0 0 0
     45180      45360 0 0 0 0 0 1 0
     45480      45660 1 0 0 0 0 0 0
     45600      45780 0 0 0 0 0 1 0
     46560      46740 1 0 0 0 0 0 0
     47040      47160 0 0 0 0 0 1 0
     47400      47580 0 0 0 0 0 1 0
     48780      48960 0 0 0 0 0 1 0
     49200      49380 0 0 0 0 0 1 0
     50640      50760 0 0 0 0 0 1 0
     51000      51180 0 0 0 0 0 1 0
     52380      52560 0 0 0 0 0 1 0
     52800      52980 0 0 0 0 0 1 0
     54240      54360 0 0 0 0 0 1 0
     54600      54780 0 0 0 0 0 1 0
     55980      56160 0 0 0 0 0 1 0
     56400      56580 0 0 0 0 0 1 0
     57840      57960 0 0 0 0 0 1 0
     58200      58380 0 0 0 0 0 1 0
     59580      59760 0 0 0 0 0 1 0
     60000      60180 0 0 0 0 0 1 0
     61440      61560 0 0 0 0 0 1 0
     61800      61980 0 0 0 0 0 1 0
     63180      63360 0 0 0 0 0 1 0
     63600      63780 0 0 0 0 0 1 0
     65040      65160 0 0 0 0 0 1 0
     65400      65580 0 0 0 0 0 1 0
     66780      66960 0 0 0 0 0 1 0
     67200      67380 0 0 0 0 0 1 0
     68640      68760 0 0 0 0 0 1 0
     69000      69180 0 0 0 0 0 1 0
     70380      70560 0 0 0 0 0 1 0
     70800      70980 0 0 0 0 0 1 0
     72240      72360 0 0 0 0 0 1 0
     72600      72780 0 0 0 0 0 1 0
     73980      74160 0 0 0 0 0 1 0
     74400      74580 0 0 0 0 0 1 0
     75840      75960 0 0 0 0 0 1 0
     76200      76380 0 0 0 0 0 1 0
     77100      77280 0 0 0 0 0 1 0
     78900      79080 0 0 0 0 0 1 0
     80700      80880 0 0 0 0 0 1 0
     82500      82680 0 0 0 0 0 1 0
     84300      84480 0 0 0 0 0 1 0
     86100      86280 0 0 0 0 0 1 0
70
