       420        600 1 1 1 1 1 0 0
       420        600 1 1 0 1 0 0 0
       900       1140 0 0 0 0 0 1 0
      1260       1440 1 1 0 1 0 0 0
      1260       1440 1 1 1 1 1 0 0
      2220       2460 0 0 0 0 0 1 0
      2220       2400 0 0 1 0 1 0 0
      3060       3240 0 0 1 0 1 0 0
     16620      16800 1 1 1 1 1 0 0
     17400      17640 0 0 0 0 0 1 0
     18420      18600 1 1 1 1 1 0 0
     19260      19440 0 0 0 0 0 1 0
     20220      20400 1 1 1 1 1 0 0
     21060      21240 0 0 0 0 0 1 0
     22020      22200 1 1 1 1 1 0 0
     22860      23040 0 0 0 0 0 1 0
     22860      23040 1 1 1 1 1 0 0
     23820      24000 1 1 1 1 1 0 0
     24420      24600 1 1 1 1 1 0 0
     24660      24840 0 0 0 0 0 1 0
     25020      25200 1 1 1 1 1 0 0
     25620      25800 1 1 1 1 1 0 0
     26220      26400 1 1 1 1 1 0 0
     26460      26640 0 0 0 0 0 1 0
     26820      27000 1 1 1 1 1 0 0
     27420      27600 1 1 1 1 1 0 0
     28020      28200 1 1 1 1 1 0 0
     28260      28440 0 0 0 0 0 1 0
     28620      28800 1 1 1 1 1 0 0
     29220      29400 1 1 1 1 1 0 0
     29820      30000 1 1 1 1 1 0 0
     30060      30240 0 0 0 0 0 1 0
     30420      30600 1 1 1 1 1 0 0
     31020      31200 1 1 1 1 1 0 0
     31620      31800 1 1 1 1 1 0 0
     31860      32040 0 0 0 0 0 1 0
     32220      32400 1 1 1 1 1 0 0
     32820      33000 1 1 1 1 1 0 0
     33420      33600 1 1 1 1 1 0 0
     33660      33840 0 0 0 0 0 1 0
     34020      34200 1 1 1 1 1 0 0
     34620      34800 1 1 1 1 1 0 0
     35220      35400 1 1 1 1 1 0 0
     35460      35640 0 0 0 0 0 1 0
     36420      36600 1 1 1 1 1 0 0
     37260      37440 0 0 0 0 0 1 0
     38220      38400 1 1 1 1 1 0 0
     39060      39240 0 0 0 0 0 1 0
     40020      40200 0 0 0 1 0 0 0
     40020      40200 1 1 1 1 1 0 0
     40020      40200 1 0 0 0 0 0 0
     40860      41040 0 0 0 0 0 1 0
     41820      42000 1 1 1 1 1 0 0
     41820      42000 0 0 0 1 0 0 0
     41820      42000 1 0 0 0 0 0 0
     42660      42840 0 0 0 0 0 1 0
     43620      43800 1 1 1 1 1 0 0
     43620      43800 1 0 0 0 0 0 0
     43680      43860 0 0 0 1 0 0 0
     44460      44700 0 0 0 0 0 1 0
     45420      45600 1 0 0 0 0 0 0
     45420      45600 0 0 0 1 0 0 0
     45420      45600 1 1 1 1 1 0 0
     46260      46440 0 0 0 0 0 1 0
     47220      47400 1 1 1 1 1 0 0
     47220      47400 0 0 0 1 0 0 0
     48060      48240 0 0 0 0 0 1 0
     49020      49200 1 1 1 1 1 0 0
     49020      49200 0 0 0 1 0 0 0
     49860      50040 0 0 0 0 0 1 0
     50820      51000 1 1 1 1 1 0 0
     51660      51840 0 0 0 0 0 1 0
     52620      52800 1 1 1 1 1 0 0
     53460      53640 0 0 0 0 0 1 0
     54420      54600 1 1 1 1 1 0 0
     55080      55260 1 1 1 1 1 0 0
     55260      55440 0 0 0 0 0 1 0
     55680      55860 1 1 1 1 1 0 0
     56280      56460 1 1 1 1 1 0 0
     56880      57060 1 1 1 1 1 0 0
     57060      57240 0 0 0 0 0 1 0
     57480      57660 1 1 1 1 1 0 0
     58080      58260 1 1 1 1 1 0 0
     58680      58860 1 1 1 1 1 0 0
     58860      59040 0 0 0 0 0 1 0
     59280      59460 1 1 1 1 1 0 0
     59880      60060 1 1 1 1 1 0 0
     60480      60660 1 1 1 1 1 0 0
     60660      60840 0 0 0 0 0 1 0
     61080      61260 1 1 1 1 1 0 0
     61680      61860 1 1 1 1 1 0 0
     62280      62460 1 1 1 1 1 0 0
     62460      62640 0 0 0 0 0 1 0
     62880      63060 1 1 1 1 1 0 0
     63480      63660 1 1 1 1 1 0 0
     64080      64320 0 0 1 0 0 0 0
     64080      64260 1 1 1 1 1 0 0
     64260      64440 0 0 0 0 0 1 0
     64680      64860 1 1 1 1 1 0 0
     65280      65460 1 1 1 1 1 0 0
     65880      66060 1 1 1 1 1 0 0
     66060      66240 0 0 0 0 0 1 0
     66480      66660 1 1 1 1 1 0 0
     67080      67260 1 1 1 1 1 0 0
     67680      67860 1 1 1 1 1 0 0
     67860      68040 0 0 0 0 0 1 0
     68280      68460 1 1 1 1 1 0 0
     68880      69060 1 1 1 1 1 0 0
     69480      69660 1 1 1 1 1 0 0
     69660      69840 0 0 0 0 0 1 0
     70620      70800 1 1 1 1 1 0 0
     71460      71640 0 0 0 0 0 1 0
     72420      72600 1 1 1 1 1 0 0
     73260      73440 0 0 0 0 0 1 0
     74220      74400 1 1 1 1 1 0 0
     74700      74940 0 0 0 0 0 1 0
     76020      76200 1 1 1 1 1 0 0
     76500      76740 0 0 0 0 0 1 0
     77820      78000 1 1 1 1 1 0 0
     78300      78540 0 0 0 0 0 1 0
     79620      79800 1 1 0 1 0 0 0
     79620      79800 1 1 1 1 1 0 0
     80100      80340 0 0 0 0 0 1 0
     81420      81600 1 1 1 1 1 0 0
     81420      81600 1 1 1 1 0 0 0
     81420      81600 0 0 0 1 0 0 0
     81900      82140 0 0 0 0 0 1 0
     83220      83400 1 1 0 1 0 0 0
     83220      83400 1 1 1 1 1 0 0
     83700      83940 0 0 0 0 0 1 0
     85020      85200 1 1 1 1 1 0 0
     85020      85200 1 1 0 1 0 0 0
     85020      85200 0 0 0 1 0 0 0
     85500      85740 0 0 0 0 0 1 0
134
