       600        780 0 0 0 0 0 1 0
      1500       1680 0 0 0 0 0 1 0
      3300       3480 0 0 0 0 0 1 0
      4200       4380 0 0 0 0 0 1 0
      5100       5280 0 0 0 0 0 1 0
      6000       6180 0 0 0 0 0 1 0
     20880      21060 0 0 0 0 0 1 0
     22680      22860 0 0 0 0 0 1 0
     24480      24660 0 0 0 0 0 1 0
     26280      26460 0 0 0 0 0 1 0
     28080      28260 0 0 0 0 0 1 0
     29880      30060 0 0 0 0 0 1 0
     31680      31860 0 0 0 0 0 1 0
     33660      33840 0 0 0 0 0 1 0
     35640      35760 0 0 0 0 0 1 0
     37260      37440 0 0 0 0 0 1 0
     39060      39240 0 0 0 0 0 0 0
     39060      39240 0 0 0 0 0 1 0
     40860      41040 0 0 0 0 0 1 0
     42360      42540 1 0 0 0 0 0 0
     42660      42840 0 0 0 0 0 1 0
     44160      44340 1 0 0 0 0 0 0
     44520      44700 0 0 0 0 0 1 0
     45960      46140 1 0 0 0 0 0 0
     46260      46440 0 0 0 0 0 1 0
     48060      48240 0 0 0 0 0 1 0
     49860      50040 0 0 0 0 0 1 0
     51660      51840 0 0 0 0 0 1 0
     53460      53640 0 0 0 0 0 1 0
     55260      55440 0 0 0 0 0 1 0
     57060      57240 0 0 0 0 0 1 0
     58920      59100 0 0 0 0 0 1 0
     60660      60840 0 0 0 0 0 1 0
     62640      62760 0 0 0 0 0 1 0
     64440      64560 0 0 0 0 0 1 0
     66060      66240 0 0 0 0 0 1 0
     67920      68100 0 0 0 0 0 1 0
     69720      69900 0 0 0 0 0 1 0
     71520      71700 0 0 0 0 0 1 0
     73320      73500 0 0 0 0 0 1 0
     75120      75300 0 0 0 0 0 1 0
     76680      76860 0 0 0 0 0 1 0
     78000      78180 0 0 0 0 0 1 0
     79800      79980 0 0 0 0 0 1 0
     81600      81780 0 0 0 0 0 1 0
     83400      83580 0 0 0 0 0 1 0
     85200      85380 0 0 0 0 0 1 0
47
