       360        540 1 1 0 1 0 0 0
       360        540 1 1 1 1 1 0 0
      2160       2340 1 1 1 1 1 0 0
      2160       2340 0 0 0 1 0 0 0
      2160       2340 1 1 0 1 0 0 0
     19560      19740 1 1 1 1 1 0 0
     19800      19980 0 0 0 0 0 1 0
     20160      20340 1 1 1 1 1 0 0
     21360      21540 1 1 1 1 1 0 0
     21600      21780 0 0 0 0 0 1 0
     21960      22140 1 1 1 1 1 0 0
     23160      23340 1 1 1 1 1 0 0
     23400      23580 0 0 0 0 0 1 0
     23760      23940 1 1 1 1 1 0 0
     24960      25140 1 1 1 1 1 0 0
     25200      25380 0 0 0 0 0 1 0
     26820      27060 1 1 1 1 1 0 0
     27000      27180 0 0 0 0 0 1 0
     28800      28980 0 0 0 0 0 1 0
     30600      30780 0 0 0 0 0 1 0
     32400      32580 0 0 0 0 0 1 0
     33000      33180 0 0 0 0 0 1 0
     34200      34380 0 0 0 0 0 1 0
     34620      34800 1 1 1 1 1 0 0
     34800      34980 0 0 0 0 0 1 0
     36000      36180 0 0 0 0 0 1 0
     36600      36780 0 0 0 0 0 1 0
     37560      37740 1 1 1 1 1 0 0
     37800      37980 0 0 0 0 0 1 0
     38160      38340 1 1 1 1 1 0 0
     38400      38580 0 0 0 0 0 1 0
     39360      39540 0 0 0 1 0 0 0
     39360      39540 1 1 1 1 1 0 0
     39600      39780 0 0 0 0 0 1 0
     39960      40140 0 0 0 0 1 0 0
     39960      40140 1 1 1 1 1 0 0
     39960      40140 0 0 0 1 0 0 0
     40200      40380 0 0 0 0 0 1 0
     41160      41340 1 1 1 1 1 0 0
     41160      41340 0 0 0 1 0 0 0
     41400      41580 0 0 0 0 0 1 0
     41760      41940 0 0 0 1 0 0 0
     41760      41940 1 1 1 1 1 0 0
     41880      42060 1 0 0 0 0 0 0
     42000      42180 0 0 0 0 0 1 0
     42960      43140 1 1 1 1 1 0 0
     42960      43140 0 0 0 1 0 0 0
     43200      43380 0 0 0 0 0 1 0
     43560      43740 1 1 1 1 1 0 0
     43560      43740 0 0 0 1 0 0 0
     43800      43980 0 0 0 0 0 1 0
     44760      44940 1 1 1 1 1 0 0
     44760      44940 0 0 0 1 0 0 0
     45000      45180 0 0 0 0 0 1 0
     45360      45540 1 1 1 1 1 0 0
     45360      45540 0 0 0 1 0 0 0
     45480      45660 1 0 0 0 0 0 0
     45600      45780 0 0 0 0 0 1 0
     46560      46740 0 0 0 1 0 0 0
     46560      46740 1 1 1 1 1 0 0
     46800      46980 0 0 0 0 0 1 0
     47160      47340 0 0 0 1 0 0 0
     47160      47340 1 1 1 1 1 0 0
     47400      47580 0 0 0 0 0 1 0
     48360      48540 1 1 1 1 1 0 0
     48360      48540 0 0 0 1 0 0 0
     48600      48780 0 0 0 0 0 1 0
     48960      49140 1 1 1 1 1 0 0
     49200      49380 0 0 0 0 0 1 0
     50160      50340 1 1 1 1 1 0 0
     50400      50580 0 0 0 0 0 1 0
     50760      50940 1 1 1 1 1 0 0
     51000      51180 0 0 0 0 0 1 0
     51960      52140 1 1 1 1 1 0 0
     52200      52380 0 0 0 0 0 1 0
     52560      52740 1 1 1 1 1 0 0
     52800      52980 0 0 0 0 0 1 0
     53760      53940 1 1 1 1 1 0 0
     54000      54180 0 0 0 0 0 1 0
     54360      54540 1 1 1 1 1 0 0
     54600      54780 0 0 0 0 0 1 0
     55560      55740 1 1 1 1 1 0 0
     55800      55980 0 0 0 0 0 1 0
     56160      56340 1 1 1 1 1 0 0
     56400      56580 0 0 0 0 0 1 0
     57360      57540 1 1 1 1 1 0 0
     57600      57780 0 0 0 0 0 1 0
     58200      58380 0 0 0 0 0 1 0
     59400      59580 0 0 0 0 0 1 0
     60000      60180 0 0 0 0 0 1 0
     61200      61380 0 0 0 0 0 1 0
     61800      61980 0 0 0 0 0 1 0
     63000      63180 0 0 0 0 0 1 0
     63600      63780 0 0 0 0 0 1 0
     64800      64980 0 0 0 0 0 1 0
     65400      65580 0 0 0 0 0 1 0
     66600      66780 0 0 0 0 0 1 0
     67200      67380 0 0 0 0 0 1 0
     68400      68580 0 0 0 0 0 1 0
     69000      69180 0 0 0 0 0 1 0
     70200      70380 0 0 0 0 0 1 0
     70800      70980 0 0 0 0 0 1 0
     72000      72180 0 0 0 0 0 1 0
     72360      72540 1 1 1 1 1 0 0
     72600      72780 0 0 0 0 0 1 0
     73560      73740 1 1 1 1 1 0 0
     73800      73980 0 0 0 0 0 1 0
     74160      74340 1 1 1 1 1 0 0
     74160      74340 0 0 0 1 0 0 0
     74400      74580 0 0 0 0 0 1 0
     75360      75540 1 1 1 1 1 0 0
     75600      75780 0 0 0 0 0 1 0
     75960      76140 1 1 1 1 1 0 0
     76200      76380 0 0 0 0 0 1 0
     77100      77280 0 0 0 0 0 1 0
     77160      77340 1 1 0 1 0 0 0
     77160      77340 1 1 1 1 1 0 0
     77760      77940 1 1 1 1 1 0 0
     78900      79080 0 0 0 0 0 1 0
     78960      79140 1 1 1 1 1 0 0
     78960      79140 0 0 0 0 1 0 0
     78960      79140 1 1 0 1 0 0 0
     79560      79740 1 1 0 1 0 0 0
     79560      79740 1 1 1 1 1 0 0
     80700      80880 0 0 0 0 0 1 0
     81360      81540 1 1 1 1 1 0 0
     81360      81540 1 1 0 1 0 0 0
     82500      82680 0 0 0 0 0 1 0
     83160      83340 1 1 0 1 0 0 0
     83160      83340 1 1 1 1 1 0 0
     84300      84480 0 0 0 0 0 1 0
     84960      85140 1 1 0 1 0 0 0
     84960      85140 1 1 1 1 1 0 0
     86100      86280 0 0 0 0 0 1 0
134
