       300        720 0 0 0 0 0 1 0
      1200       1560 0 0 0 0 0 1 0
      2460       2820 0 0 0 0 0 1 0
      3960       4320 0 0 0 0 0 1 0
     16740      17100 0 0 0 0 0 1 0
     17640      18000 0 0 0 0 0 1 0
     18540      18900 0 0 0 0 0 1 0
     19500      19800 0 0 0 0 0 1 0
     20340      20700 0 0 0 0 0 1 0
     21300      21600 0 0 0 0 0 1 0
     22140      22500 0 0 0 0 0 1 0
     23100      23400 0 0 0 0 0 1 0
     23940      24360 0 0 0 0 0 1 0
     24900      25140 0 0 0 0 0 1 0
     25740      26100 0 0 0 0 0 1 0
     26640      27000 0 0 0 0 0 1 0
     27540      27900 0 0 0 0 0 1 0
     28440      28800 0 0 0 0 0 1 0
     29100      29520 0 0 0 0 0 1 0
     29640      29940 0 0 0 0 0 1 0
     30240      30600 0 0 0 0 0 1 0
     30900      31320 0 0 0 0 0 1 0
     31440      31800 0 0 0 0 0 1 0
     32160      32460 0 0 0 0 0 1 0
     32700      33120 0 0 0 0 0 1 0
     33240      33600 0 0 0 0 0 1 0
     33900      34260 0 0 0 0 0 1 0
     34500      34920 0 0 0 0 0 1 0
     35040      35400 0 0 0 0 0 1 0
     35640      36000 0 0 0 0 0 1 0
     36300      36720 0 0 0 0 0 1 0
     36840      37200 0 0 0 0 0 1 0
     37500      37860 0 0 0 0 0 1 0
     38160      38580 0 0 0 0 0 1 0
     38640      39000 0 0 0 0 0 1 0
     39360      39660 0 0 0 0 0 1 0
     39900      40320 0 0 0 0 0 1 0
     40440      40800 0 0 0 0 0 1 0
     41160      41460 0 0 0 0 0 1 0
     41700      42120 0 0 0 0 0 1 0
     42240      42600 0 0 0 0 0 1 0
     42840      43200 0 0 0 0 0 1 0
     43500      43920 0 0 0 0 0 1 0
     44040      44400 0 0 0 0 0 1 0
     44700      45060 0 0 0 0 0 1 0
     45300      45720 0 0 0 0 0 1 0
     45840      46200 0 0 0 0 0 1 0
     46440      46800 0 0 0 0 0 1 0
     47100      47520 0 0 0 0 0 1 0
     47640      48000 0 0 0 0 0 1 0
     48300      48660 0 0 0 0 0 1 0
     48900      49320 0 0 0 0 0 1 0
     49440      49800 0 0 0 0 0 1 0
     50040      50400 0 0 0 0 0 1 0
     50700      51120 0 0 0 0 0 1 0
     51240      51600 0 0 0 0 0 1 0
     51900      52260 0 0 0 0 0 1 0
     52500      52920 0 0 0 0 0 1 0
     53040      53400 0 0 0 0 0 1 0
     53700      54000 0 0 0 0 0 1 0
     54300      54720 0 0 0 0 0 1 0
     54840      55200 0 0 0 0 0 1 0
     55500      55860 0 0 0 0 0 1 0
     56100      56520 0 0 0 0 0 1 0
     56640      57000 0 0 0 0 0 1 0
     57360      57660 0 0 0 0 0 1 0
     57900      58320 0 0 0 0 0 1 0
     58440      58800 0 0 0 0 0 1 0
     59100      59460 0 0 0 0 0 1 0
     59700      60120 0 0 0 0 0 1 0
     60240      60600 0 0 0 0 0 1 0
     60840      61200 0 0 0 0 0 1 0
     61500      61920 0 0 0 0 0 1 0
     62040      62400 0 0 0 0 0 1 0
     62700      63060 0 0 0 0 0 1 0
     63300      63720 0 0 0 0 0 1 0
     63840      64200 0 0 0 0 0 1 0
     64440      64800 0 0 0 0 0 1 0
     65160      65580 0 0 0 0 0 1 0
     65640      66000 0 0 0 0 0 1 0
     66300      66660 0 0 0 0 0 1 0
     66900      67320 0 0 0 0 0 1 0
     67440      67800 0 0 0 0 0 1 0
     68040      68400 0 0 0 0 0 1 0
     68700      69120 0 0 0 0 0 1 0
     69240      69600 0 0 0 0 0 1 0
     69960      70260 0 0 0 0 0 1 0
     70500      70920 0 0 0 0 0 1 0
     71040      71400 0 0 0 0 0 1 0
     71640      72000 0 0 0 0 0 1 0
     72300      72720 0 0 0 0 0 1 0
     73020      73320 0 0 0 0 0 1 0
     73500      73860 0 0 0 0 0 1 0
     74100      74580 0 0 0 0 0 1 0
     75000      75420 0 0 0 0 0 1 0
     75900      76320 0 0 0 0 0 1 0
     76800      77220 0 0 0 0 0 1 0
     77700      78120 0 0 0 0 0 1 0
     78600      79020 0 0 0 0 0 1 0
     79500      79920 0 0 0 0 0 1 0
     80460      80820 0 0 0 0 0 1 0
     81300      81780 0 0 0 0 0 1 0
     82140      82560 0 0 0 0 0 1 0
     83100      83520 0 0 0 0 0 1 0
     84060      84420 0 0 0 0 0 1 0
     84900      85320 0 0 0 0 0 1 0
     85860      86220 0 0 0 0 0 1 0
107
