       600        780 0 0 0 0 0 1 0
       960       1140 1 1 1 1 1 0 0
       960       1140 1 1 0 1 0 0 0
      1080       1200 1 1 1 1 0 0 0
      1500       1620 0 0 0 0 0 1 0
      2760       2940 1 1 0 1 0 0 0
      2760       2940 1 1 1 1 1 0 0
      2760       2940 1 1 1 1 0 0 0
      3300       3420 0 0 0 0 0 1 0
      3960       4140 1 1 1 1 1 0 0
      3960       4140 1 1 0 1 0 0 0
      4200       4380 0 0 0 0 0 1 0
      4560       4740 0 0 1 0 1 0 0
      4560       4740 1 1 1 1 0 0 0
      4560       4740 1 1 0 1 0 0 0
      4620       4800 0 0 0 1 0 0 0
      5100       5220 0 0 0 0 0 1 0
      5760       5940 0 0 1 0 1 0 0
      6000       6180 0 0 0 0 0 1 0
      6960       7140 0 0 1 0 1 0 0
     18960      19140 1 1 1 1 1 0 0
     20700      20820 0 0 0 0 0 1 0
     20760      20940 1 1 1 1 1 0 0
     22500      22620 0 0 0 0 0 1 0
     22560      22740 1 1 1 1 1 0 0
     24300      24480 0 0 0 0 0 1 0
     24360      24540 1 1 1 1 1 0 0
     25440      25620 1 1 1 1 1 0 0
     26100      26280 0 0 0 0 0 1 0
     26160      26340 1 1 1 1 1 0 0
     26640      26820 1 1 1 1 1 0 0
     27240      27420 1 1 1 1 1 0 0
     27840      28020 1 1 1 1 1 0 0
     27900      28080 0 0 0 0 0 1 0
     28440      28620 1 1 1 1 1 0 0
     29040      29220 1 1 1 1 1 0 0
     29640      29820 1 1 1 1 1 0 0
     29700      29880 0 0 0 0 0 1 0
     30240      30420 1 1 1 1 1 0 0
     30840      31020 1 1 1 1 1 0 0
     31440      31620 1 1 1 1 1 0 0
     31500      31680 0 0 0 0 0 1 0
     32040      32220 1 1 1 1 1 0 0
     32640      32820 1 1 1 1 1 0 0
     33240      33420 1 1 1 1 1 0 0
     33600      33780 1 1 1 1 1 0 0
     33600      33780 0 0 0 0 0 1 0
     34200      34380 1 1 1 1 1 0 0
     35040      35220 1 1 1 1 1 0 0
     35400      35580 0 0 0 0 0 1 0
     35640      35820 1 1 1 1 1 0 0
     36240      36420 1 1 1 1 1 0 0
     36840      37020 1 1 1 1 1 0 0
     37200      37380 0 0 0 0 0 1 0
     38760      38940 1 1 1 1 1 0 0
     38760      38940 0 0 0 1 0 0 0
     39000      39180 0 0 0 0 0 1 0
     40560      40740 1 1 1 1 1 0 0
     40560      40740 0 0 0 1 0 0 0
     40800      40980 0 0 0 0 0 1 0
     42360      42540 0 0 0 1 0 0 0
     42360      42540 1 1 1 1 1 0 0
     42600      42780 0 0 0 0 0 1 0
     44160      44340 0 0 0 1 0 0 0
     44160      44340 1 1 1 1 1 0 0
     44400      44580 0 0 0 0 0 1 0
     45960      46140 1 1 1 1 1 0 0
     45960      46140 0 0 0 1 0 0 0
     46200      46380 0 0 0 0 0 1 0
     47760      47940 0 0 0 1 0 0 0
     47760      47940 1 1 1 1 1 0 0
     48000      48180 0 0 0 0 0 1 0
     49560      49740 1 1 1 1 1 0 0
     49800      49980 0 0 0 0 0 1 0
     51360      51540 1 1 1 1 1 0 0
     51600      51780 0 0 0 0 0 1 0
     53160      53340 1 1 1 1 1 0 0
     53400      53580 0 0 0 0 0 1 0
     54960      55140 1 1 1 1 1 0 0
     55200      55380 0 0 0 0 0 1 0
     56760      56940 1 1 1 1 1 0 0
     57000      57180 0 0 0 0 0 1 0
     57540      57720 1 1 1 1 1 0 0
     58140      58320 1 1 1 1 1 0 0
     58740      58920 1 1 1 1 1 0 0
     58800      58980 0 0 0 0 0 1 0
     59340      59520 1 1 1 1 1 0 0
     59940      60120 1 1 1 1 1 0 0
     60540      60720 1 1 1 1 1 0 0
     60600      60780 0 0 0 0 0 1 0
     61140      61320 1 1 1 1 1 0 0
     61740      61920 1 1 1 1 1 0 0
     62340      62520 1 1 1 1 1 0 0
     62400      62580 0 0 0 0 0 1 0
     62940      63120 1 1 1 1 1 0 0
     63540      63720 1 1 1 1 1 0 0
     64140      64320 1 1 1 1 1 0 0
     64200      64380 0 0 0 0 0 1 0
     64740      64920 1 1 1 1 1 0 0
     65340      65520 1 1 1 1 1 0 0
     65940      66120 1 1 1 1 1 0 0
     66000      66180 0 0 0 0 0 1 0
     66540      66720 1 1 1 1 1 0 0
     67140      67320 1 1 1 1 1 0 0
     67740      67920 1 1 1 1 1 0 0
     67800      67980 0 0 0 0 0 1 0
     68340      68520 1 1 1 1 1 0 0
     68940      69120 1 1 1 1 1 0 0
     69540      69720 1 1 1 1 1 0 0
     69600      69780 0 0 0 0 0 1 0
     70140      70320 1 1 1 1 1 0 0
     70740      70920 1 1 1 1 1 0 0
     71340      71520 1 1 1 1 1 0 0
     71400      71580 0 0 0 0 0 1 0
     72060      72240 1 1 1 1 1 0 0
     72960      73140 1 1 1 1 1 0 0
     73200      73380 0 0 0 0 0 1 0
     74760      74940 1 1 1 1 1 0 0
     75000      75180 0 0 0 0 0 1 0
     76500      76680 0 0 0 0 0 1 0
     76560      76740 1 1 1 1 1 0 0
     78000      78180 0 0 0 0 0 1 0
     78360      78540 1 1 0 1 0 0 0
     78360      78540 1 1 1 1 1 0 0
     79800      79980 0 0 0 0 0 1 0
     80160      80340 1 1 1 1 1 0 0
     80160      80340 1 1 0 1 0 0 0
     81600      81780 0 0 0 0 0 1 0
     81960      82140 1 1 1 1 1 0 0
     81960      82140 1 1 0 1 0 0 0
     83400      83580 0 0 0 0 0 1 0
     83760      83940 1 1 1 1 1 0 0
     83760      83940 1 1 0 1 0 0 0
     85200      85380 0 0 0 0 0 1 0
     85560      85740 1 1 0 1 0 0 0
     85560      85740 1 1 1 1 1 0 0
136
