       240        600 0 0 0 0 0 1 0
       600        960 1 1 0 1 0 0 0
       600        960 1 1 1 1 1 0 0
      1140       1500 0 0 0 0 0 1 0
      1440       1800 1 1 1 1 1 0 0
      1440       1800 1 1 0 1 0 0 0
      2400       2760 0 0 1 0 1 0 0
      2460       2820 0 0 0 0 0 1 0
      3240       3600 0 0 1 0 1 0 0
      3960       4320 0 0 0 0 0 1 0
     16200      16560 1 1 1 1 1 0 0
     16740      17100 0 0 0 0 0 1 0
     16800      17160 1 1 1 1 1 0 0
     17400      17760 1 1 1 1 1 0 0
     17640      18000 0 0 0 0 0 1 0
     18000      18360 1 1 1 1 1 0 0
     18120      18480 0 0 0 0 0 1 0
     18120      18480 0 0 0 0 0 1 0
     18540      18900 0 0 0 0 0 1 0
     18600      18960 1 1 1 1 1 0 0
     19200      19560 1 1 1 1 1 0 0
     19440      19800 0 0 0 0 0 1 0
     19800      20160 1 1 1 1 1 0 0
     20340      20700 0 0 0 0 0 1 0
     20400      20760 1 1 1 1 1 0 0
     21000      21360 1 1 1 1 1 0 0
     21240      21600 0 0 0 0 0 1 0
     21600      21960 1 1 1 1 1 0 0
     22140      22500 0 0 0 0 0 1 0
     22200      22560 1 1 1 1 1 0 0
     22620      22980 1 1 1 1 1 0 0
     23040      23400 0 0 0 0 0 1 0
     23040      23400 1 1 1 1 1 0 0
     23580      23940 1 1 1 1 1 0 0
     23940      24300 0 0 0 0 0 1 0
     24000      24360 1 1 1 1 1 0 0
     24420      24780 1 1 1 1 1 0 0
     24600      24960 1 1 1 1 1 0 0
     24840      25200 0 0 0 0 0 1 0
     25200      25560 1 1 1 1 1 0 0
     25380      25740 1 1 1 1 1 0 0
     25740      26100 0 0 0 0 0 1 0
     25800      26160 1 1 1 1 1 0 0
     26400      26760 1 1 1 1 1 0 0
     26580      26940 1 1 1 1 1 0 0
     26640      27000 0 0 0 0 0 1 0
     27000      27360 1 1 1 1 1 0 0
     27180      27540 1 1 1 1 1 0 0
     27540      27900 0 0 0 0 0 1 0
     27600      27960 1 1 1 1 1 0 0
     27780      28140 1 1 1 1 1 0 0
     28200      28560 1 1 1 1 1 0 0
     28380      28740 1 1 1 1 1 0 0
     28440      28800 0 0 0 0 0 1 0
     28800      29160 1 1 1 1 1 0 0
     28980      29340 1 1 1 1 1 0 0
     29040      29400 0 0 0 0 0 1 0
     29400      29760 1 1 1 1 1 0 0
     29580      29940 1 1 1 1 1 0 0
     29640      30000 0 0 0 0 0 1 0
     30000      30360 1 1 1 1 1 0 0
     30180      30540 1 1 1 1 1 0 0
     30240      30600 0 0 0 0 0 1 0
     30600      30960 1 1 1 1 1 0 0
     30780      31140 1 1 1 1 1 0 0
     30840      31200 0 0 0 0 0 1 0
     31200      31560 1 1 1 1 1 0 0
     31380      31740 1 1 1 1 1 0 0
     31440      31800 0 0 0 0 0 1 0
     31800      32160 1 1 1 1 1 0 0
     31980      32340 1 1 1 1 1 0 0
     32040      32400 0 0 0 0 0 1 0
     32400      32760 1 1 1 1 1 0 0
     32580      32940 1 1 1 1 1 0 0
     32640      33000 0 0 0 0 0 1 0
     33000      33360 1 1 1 1 1 0 0
     33180      33540 1 1 1 1 1 0 0
     33240      33600 0 0 0 0 0 1 0
     33600      33960 1 1 1 1 1 0 0
     33780      34140 1 1 1 1 1 0 0
     33840      34200 0 0 0 0 0 1 0
     34200      34560 1 1 1 1 1 0 0
     34380      34740 1 1 1 1 1 0 0
     34440      34800 0 0 0 0 0 1 0
     34800      35160 1 1 1 1 1 0 0
     35040      35400 0 0 0 0 0 1 0
     35400      35760 1 1 1 1 1 0 0
     35640      36000 0 0 0 0 0 1 0
     36000      36360 1 1 1 1 1 0 0
     36240      36600 0 0 0 0 0 1 0
     36600      36960 1 1 1 1 1 0 0
     36840      37200 0 0 0 0 0 1 0
     37200      37560 1 1 1 1 1 0 0
     37440      37800 0 0 0 0 0 1 0
     37800      38160 1 1 1 1 1 0 0
     38040      38400 0 0 0 0 0 1 0
     38400      38760 1 1 1 1 1 0 0
     38640      39000 0 0 0 0 0 1 0
     39000      39360 1 1 1 1 1 0 0
     39240      39600 0 0 0 0 0 1 0
     39600      39960 1 1 1 1 1 0 0
     39840      40200 0 0 0 0 0 1 0
     40200      40560 1 1 1 1 1 0 0
     40200      40560 0 0 0 1 0 0 0
     40320      40800 1 0 0 0 0 0 0
     40440      40800 0 0 0 0 0 1 0
     40800      41160 0 0 0 1 0 0 0
     40800      41160 1 1 1 1 1 0 0
     41040      41400 0 0 0 0 0 1 0
     41400      41820 1 0 0 0 0 0 0
     41400      41760 1 1 1 1 1 0 0
     41400      41760 0 0 0 0 1 0 0
     41640      42000 0 0 0 0 0 1 0
     42000      42360 1 1 1 1 1 0 0
     42000      42360 0 0 0 1 0 0 0
     42120      42600 1 0 0 0 0 0 0
     42240      42600 0 0 0 0 0 1 0
     42600      42960 0 0 0 1 0 0 0
     42600      42960 1 1 1 1 1 0 0
     42840      43200 0 0 0 0 0 1 0
     43200      43560 1 1 1 1 1 0 0
     43200      43560 0 0 0 0 1 0 0
     43440      43800 0 0 0 0 0 1 0
     43800      44160 1 1 1 1 1 0 0
     43860      44160 0 0 0 1 0 0 0
     43920      44400 1 0 0 0 0 0 0
     44040      44400 0 0 0 0 0 1 0
     44400      44760 1 1 1 1 1 0 0
     44400      44760 0 0 0 1 0 0 0
     44700      45060 0 0 0 0 0 1 0
     45000      45360 0 0 0 1 0 0 0
     45000      45420 1 0 0 0 0 0 0
     45000      45360 1 1 1 1 1 0 0
     45060      45420 0 0 0 0 1 0 0
     45240      45600 0 0 0 0 0 1 0
     45600      45960 1 1 1 1 1 0 0
     45600      45960 0 0 0 1 0 0 0
     45720      46200 1 0 0 0 0 0 0
     45840      46200 0 0 0 0 0 1 0
     46200      46560 1 1 1 1 1 0 0
     46200      46560 0 0 0 1 0 0 0
     46440      46800 0 0 0 0 0 1 0
     46800      47160 0 0 0 1 0 0 0
     46800      47160 1 1 1 1 1 0 0
     47040      47400 0 0 0 0 0 1 0
     47400      47760 0 0 0 1 0 0 0
     47400      47760 1 1 1 1 1 0 0
     47640      48000 0 0 0 0 0 1 0
     48000      48360 1 1 1 1 1 0 0
     48000      48360 0 0 0 1 0 0 0
     48240      48600 0 0 0 0 0 1 0
     48600      48960 1 1 1 1 1 0 0
     48600      48960 0 0 0 1 0 0 0
     48840      49200 0 0 0 0 0 1 0
     49200      49560 1 1 1 1 1 0 0
     49200      49560 0 0 0 1 0 0 0
     49440      49800 0 0 0 0 0 1 0
     49800      50160 1 1 1 1 1 0 0
     50040      50400 0 0 0 0 0 1 0
     50400      50760 1 1 1 1 1 0 0
     50640      51000 0 0 0 0 0 1 0
     51000      51360 1 1 1 1 1 0 0
     51240      51600 0 0 0 0 0 1 0
     51600      51960 1 1 1 1 1 0 0
     51840      52200 0 0 0 0 0 1 0
     52200      52560 1 1 1 1 1 0 0
     52440      52800 0 0 0 0 0 1 0
     52800      53160 1 1 1 1 1 0 0
     53040      53400 0 0 0 0 0 1 0
     53400      53760 1 1 1 1 1 0 0
     53640      54000 0 0 0 0 0 1 0
     54000      54360 1 1 1 1 1 0 0
     54240      54600 0 0 0 0 0 1 0
     54600      54960 1 1 1 1 1 0 0
     54840      55200 0 0 0 0 0 1 0
     55260      55620 1 1 1 1 1 0 0
     55440      55800 0 0 0 0 0 1 0
     55860      56220 1 1 1 1 1 0 0
     56040      56400 0 0 0 0 0 1 0
     56460      56820 1 1 1 1 1 0 0
     56640      57000 0 0 0 0 0 1 0
     57060      57420 1 1 1 1 1 0 0
     57240      57600 0 0 0 0 0 1 0
     57660      58020 1 1 1 1 1 0 0
     57840      58200 0 0 0 0 0 1 0
     58260      58680 1 1 1 1 1 0 0
     58440      58800 0 0 0 0 0 1 0
     58860      59280 1 1 1 1 1 0 0
     59040      59400 0 0 0 0 0 1 0
     59460      59880 1 1 1 1 1 0 0
     59640      60000 0 0 0 0 0 1 0
     60060      60480 1 1 1 1 1 0 0
     60240      60600 0 0 0 0 0 1 0
     60660      61080 1 1 1 1 1 0 0
     60840      61200 0 0 0 0 0 1 0
     61260      61680 1 1 1 1 1 0 0
     61500      61800 0 0 0 0 0 1 0
     61860      62280 1 1 1 1 1 0 0
     62040      62400 0 0 0 0 0 1 0
     62460      62880 1 1 1 1 1 0 0
     62640      63000 0 0 0 0 0 1 0
     63060      63480 1 1 1 1 1 0 0
     63240      63600 0 0 0 0 0 1 0
     63660      64080 1 1 1 1 1 0 0
     63840      64200 0 0 0 0 0 1 0
     64260      64680 1 1 1 1 1 0 0
     64320      64680 0 0 1 0 0 0 0
     64440      64800 0 0 0 0 0 1 0
     64860      65280 1 1 1 1 1 0 0
     65040      65400 0 0 0 0 0 1 0
     65460      65880 1 1 1 1 1 0 0
     65640      66000 0 0 0 0 0 1 0
     66060      66420 1 1 1 1 1 0 0
     66240      66600 0 0 0 0 0 1 0
     66660      67020 1 1 1 1 1 0 0
     66840      67200 0 0 0 0 0 1 0
     67260      67620 1 1 1 1 1 0 0
     67440      67800 0 0 0 0 0 1 0
     67860      68220 1 1 1 1 1 0 0
     68040      68400 0 0 0 0 0 1 0
     68460      68820 1 1 1 1 1 0 0
     68640      69000 0 0 0 0 0 1 0
     69060      69420 1 1 1 1 1 0 0
     69240      69600 0 0 0 0 0 1 0
     69660      70020 1 1 1 1 1 0 0
     69840      70200 0 0 0 0 0 1 0
     70200      70560 1 1 1 1 1 0 0
     70440      70800 0 0 0 0 0 1 0
     70800      71160 1 1 1 1 1 0 0
     71040      71400 0 0 0 0 0 1 0
     71400      71760 1 1 1 1 1 0 0
     71640      72000 0 0 0 0 0 1 0
     72000      72360 1 1 1 1 1 0 0
     72240      72600 0 0 0 0 0 1 0
     72600      72960 1 1 1 1 1 0 0
     72960      73320 0 0 0 0 0 1 0
     73200      73560 1 1 1 1 1 0 0
     73440      73800 0 0 0 0 0 1 0
     73800      74160 1 1 1 1 1 0 0
     74040      74400 0 0 0 0 0 1 0
     74400      74760 1 1 1 1 1 0 0
     74940      75300 0 0 0 0 0 1 0
     75000      75360 1 1 1 1 1 0 0
     75600      75960 1 1 1 1 1 0 0
     75840      76200 0 0 0 0 0 1 0
     76200      76560 1 1 1 1 1 0 0
     76740      77100 0 0 0 0 0 1 0
     76800      77160 1 1 1 1 1 0 0
     77400      77760 1 1 1 1 1 0 0
     77460      77820 0 0 0 1 0 0 0
     77640      78000 0 0 0 0 0 1 0
     78000      78360 1 1 1 1 1 0 0
     78540      78900 0 0 0 0 0 1 0
     78600      78960 1 1 1 1 1 0 0
     79200      79560 1 1 1 1 1 0 0
     79440      79800 0 0 0 0 0 1 0
     79800      80160 1 1 0 1 0 0 0
     79800      80160 1 1 1 1 1 0 0
     80340      80700 0 0 0 0 0 1 0
     80400      80760 1 1 1 1 1 0 0
     80400      80760 1 1 0 1 0 0 0
     81240      81600 0 0 0 0 0 1 0
     81600      81960 1 1 1 1 1 0 0
     81600      81960 1 1 1 1 0 0 0
     81600      81960 0 0 0 1 0 0 0
     82140      82500 0 0 0 0 0 1 0
     82200      82560 1 1 1 1 1 0 0
     82200      82560 1 1 0 1 0 0 0
     83040      83400 0 0 0 0 0 1 0
     83400      83760 1 1 1 1 1 0 0
     83400      83760 1 1 0 1 0 0 0
     83940      84300 0 0 0 0 0 1 0
     84000      84360 1 1 1 1 1 0 0
     84000      84360 1 1 0 1 0 0 0
     84840      85200 0 0 0 0 0 1 0
     85200      85560 1 1 1 1 1 0 0
     85200      85560 0 0 0 1 0 0 0
     85200      85560 1 1 0 1 0 0 0
     85740      86100 0 0 0 0 0 1 0
     85800      86160 1 1 0 1 0 0 0
     85800      86160 1 1 1 1 1 0 0
281
