         0        240 0 0 0 0 0 1 0
      3720       3960 0 0 0 0 0 1 0
     16500      16740 0 0 0 0 0 1 0
     17940      18180 0 0 0 0 0 1 0
     18300      18540 0 0 0 0 0 1 0
     20100      20340 0 0 0 0 0 1 0
     21900      22140 0 0 0 0 0 1 0
     23700      23940 0 0 0 0 0 1 0
     25500      25740 0 0 0 0 0 1 0
     27300      27540 0 0 0 0 0 1 0
     28800      29040 0 0 0 0 0 1 0
     29400      29640 0 0 0 0 0 1 0
     30600      30840 0 0 0 0 0 1 0
     31200      31440 0 0 0 0 0 1 0
     32400      32640 0 0 0 0 0 1 0
     33000      33240 0 0 0 0 0 1 0
     34200      34440 0 0 0 0 0 1 0
     34800      35040 0 0 0 0 0 1 0
     36000      36240 0 0 0 0 0 1 0
     36600      36840 0 0 0 0 0 1 0
     37860      38160 0 0 0 0 0 1 0
     38400      38640 0 0 0 0 0 1 0
     39600      39840 0 0 0 0 0 1 0
     40200      40440 0 0 0 0 0 1 0
     41220      41400 1 0 0 0 0 0 0
     41400      41640 0 0 0 0 0 1 0
     42000      42240 0 0 0 0 0 1 0
     42420      42720 1 0 0 0 0 0 0
     43020      43200 1 0 0 0 0 0 0
     43200      43440 0 0 0 0 0 1 0
     43800      44040 0 0 0 0 0 1 0
     44220      44400 1 0 0 0 0 0 0
     44820      45000 1 0 0 0 0 0 0
     45000      45240 0 0 0 0 0 1 0
     45600      45840 0 0 0 0 0 1 0
     46020      46200 1 0 0 0 0 0 0
     46620      46800 1 0 0 0 0 0 0
     46800      47040 0 0 0 0 0 1 0
     47400      47640 0 0 0 0 0 1 0
     48600      48840 0 0 0 0 0 1 0
     49200      49440 0 0 0 0 0 1 0
     50400      50640 0 0 0 0 0 1 0
     51000      51240 0 0 0 0 0 1 0
     52200      52440 0 0 0 0 0 1 0
     52800      53040 0 0 0 0 0 1 0
     54000      54240 0 0 0 0 0 1 0
     54600      54840 0 0 0 0 0 1 0
     55800      56040 0 0 0 0 0 1 0
     56400      56640 0 0 0 0 0 1 0
     57600      57840 0 0 0 0 0 1 0
     58200      58440 0 0 0 0 0 1 0
     59400      59640 0 0 0 0 0 1 0
     60000      60240 0 0 0 0 0 1 0
     61200      61440 0 0 0 0 0 1 0
     61800      62040 0 0 0 0 0 1 0
     63000      63240 0 0 0 0 0 1 0
     63600      63840 0 0 0 0 0 1 0
     64860      65100 0 0 0 0 0 1 0
     65400      65640 0 0 0 0 0 1 0
     66600      66840 0 0 0 0 0 1 0
     67200      67440 0 0 0 0 0 1 0
     68400      68640 0 0 0 0 0 1 0
     69000      69240 0 0 0 0 0 1 0
     70200      70440 0 0 0 0 0 1 0
     70800      71040 0 0 0 0 0 1 0
     72000      72240 0 0 0 0 0 1 0
     72780      73020 0 0 0 0 0 1 0
     73800      74040 0 0 0 0 0 1 0
     75600      75840 0 0 0 0 0 1 0
     77400      77640 0 0 0 0 0 1 0
     79200      79440 0 0 0 0 0 1 0
     81000      81240 0 0 0 0 0 1 0
     82800      83040 0 0 0 0 0 1 0
     84600      84840 0 0 0 0 0 1 0
74
