       360        420 1 1 1 1 1 0 0
       360        420 1 1 0 1 0 0 0
       840        900 0 0 0 0 0 1 0
       840        900 0 0 0 0 0 1 0
      1200       1260 1 1 1 1 1 0 0
      1200       1260 1 1 0 1 0 0 0
      2160       2220 0 0 0 0 0 1 0
      2160       2220 0 0 1 0 1 0 0
      2160       2220 0 0 0 0 0 1 0
      3000       3060 0 0 1 0 1 0 0
     16560      16620 1 1 1 1 1 0 0
     17340      17400 0 0 0 0 0 1 0
     17340      17400 0 0 0 0 0 1 0
     18360      18420 1 1 1 1 1 0 0
     19200      19260 0 0 0 0 0 1 0
     19200      19260 0 0 0 0 0 1 0
     20160      20220 1 1 1 1 1 0 0
     21000      21060 0 0 0 0 0 1 0
     21000      21060 0 0 0 0 0 1 0
     21960      22020 1 1 1 1 1 0 0
     22800      22860 0 0 0 0 0 1 0
     22800      22860 0 0 0 0 0 1 0
     22800      22860 1 1 1 1 1 0 0
     23760      23820 1 1 1 1 1 0 0
     24360      24420 1 1 1 1 1 0 0
     24600      24660 0 0 0 0 0 1 0
     24600      24660 0 0 0 0 0 1 0
     24960      25020 1 1 1 1 1 0 0
     25560      25620 1 1 1 1 1 0 0
     26160      26220 1 1 1 1 1 0 0
     26400      26460 0 0 0 0 0 1 0
     26400      26460 0 0 0 0 0 1 0
     26760      26820 1 1 1 1 1 0 0
     27360      27420 1 1 1 1 1 0 0
     27960      28020 1 1 1 1 1 0 0
     28200      28260 0 0 0 0 0 1 0
     28200      28260 0 0 0 0 0 1 0
     28560      28620 1 1 1 1 1 0 0
     29160      29220 1 1 1 1 1 0 0
     29760      29820 1 1 1 1 1 0 0
     30000      30060 0 0 0 0 0 1 0
     30000      30060 0 0 0 0 0 1 0
     30360      30420 1 1 1 1 1 0 0
     30960      31020 1 1 1 1 1 0 0
     31560      31620 1 1 1 1 1 0 0
     31800      31860 0 0 0 0 0 1 0
     31800      31860 0 0 0 0 0 1 0
     32160      32220 1 1 1 1 1 0 0
     32760      32820 1 1 1 1 1 0 0
     33360      33420 1 1 1 1 1 0 0
     33600      33660 0 0 0 0 0 1 0
     33600      33660 0 0 0 0 0 1 0
     33960      34020 1 1 1 1 1 0 0
     34560      34620 1 1 1 1 1 0 0
     35160      35220 1 1 1 1 1 0 0
     35400      35460 0 0 0 0 0 1 0
     35400      35460 0 0 0 0 0 1 0
     36360      36420 1 1 1 1 1 0 0
     37200      37260 0 0 0 0 0 1 0
     37200      37260 0 0 0 0 0 1 0
     38160      38220 1 1 1 1 1 0 0
     39000      39060 0 0 0 0 0 1 0
     39000      39060 0 0 0 0 0 1 0
     39960      40020 0 0 0 1 0 0 0
     39960      40020 1 0 0 0 0 0 0
     39960      40020 1 1 1 1 1 0 0
     40800      40860 0 0 0 0 0 1 0
     40800      40860 0 0 0 0 0 1 0
     41760      41820 1 0 0 0 0 0 0
     41760      41820 1 0 0 0 0 0 0
     41760      41820 0 0 0 1 0 0 0
     41760      41820 1 1 1 1 1 0 0
     42600      42660 0 0 0 0 0 1 0
     42600      42660 0 0 0 0 0 1 0
     43560      43620 1 0 0 0 0 0 0
     43560      43620 1 0 0 0 0 0 0
     43560      43620 1 1 1 1 1 0 0
     43620      43680 0 0 0 1 0 0 0
     44400      44460 0 0 0 0 0 1 0
     44400      44460 0 0 0 0 0 1 0
     45360      45420 0 0 0 1 0 0 0
     45360      45420 1 1 1 1 1 0 0
     45360      45420 1 0 0 0 0 0 0
     45360      45420 1 0 0 0 0 0 0
     46200      46260 0 0 0 0 0 1 0
     46200      46260 0 0 0 0 0 1 0
     47160      47220 1 1 1 1 1 0 0
     47160      47220 0 0 0 1 0 0 0
     48000      48060 0 0 0 0 0 1 0
     48000      48060 0 0 0 0 0 1 0
     48960      49020 0 0 0 1 0 0 0
     48960      49020 1 1 1 1 1 0 0
     49800      49860 0 0 0 0 0 1 0
     49800      49860 0 0 0 0 0 1 0
     50760      50820 1 1 1 1 1 0 0
     51600      51660 0 0 0 0 0 1 0
     51600      51660 0 0 0 0 0 1 0
     52560      52620 1 1 1 1 1 0 0
     53400      53460 0 0 0 0 0 1 0
     53400      53460 0 0 0 0 0 1 0
     54360      54420 1 1 1 1 1 0 0
     55020      55080 1 1 1 1 1 0 0
     55200      55260 0 0 0 0 0 1 0
     55200      55260 0 0 0 0 0 1 0
     55620      55680 1 1 1 1 1 0 0
     56220      56280 1 1 1 1 1 0 0
     56820      56880 1 1 1 1 1 0 0
     57000      57060 0 0 0 0 0 1 0
     57000      57060 0 0 0 0 0 1 0
     57420      57480 1 1 1 1 1 0 0
     58020      58080 1 1 1 1 1 0 0
     58620      58680 1 1 1 1 1 0 0
     58800      58860 0 0 0 0 0 1 0
     58800      58860 0 0 0 0 0 1 0
     59220      59280 1 1 1 1 1 0 0
     59820      59880 1 1 1 1 1 0 0
     60420      60480 1 1 1 1 1 0 0
     60600      60660 0 0 0 0 0 1 0
     60600      60660 0 0 0 0 0 1 0
     61020      61080 1 1 1 1 1 0 0
     61620      61680 1 1 1 1 1 0 0
     62220      62280 1 1 1 1 1 0 0
     62400      62460 0 0 0 0 0 1 0
     62400      62460 0 0 0 0 0 1 0
     62820      62880 1 1 1 1 1 0 0
     63420      63480 1 1 1 1 1 0 0
     64020      64080 0 0 1 0 0 0 0
     64020      64080 1 1 1 1 1 0 0
     64200      64260 0 0 0 0 0 1 0
     64200      64260 0 0 0 0 0 1 0
     64620      64680 1 1 1 1 1 0 0
     65220      65280 1 1 1 1 1 0 0
     65820      65880 1 1 1 1 1 0 0
     66000      66060 0 0 0 0 0 1 0
     66000      66060 0 0 0 0 0 1 0
     66420      66480 1 1 1 1 1 0 0
     67020      67080 1 1 1 1 1 0 0
     67620      67680 1 1 1 1 1 0 0
     67800      67860 0 0 0 0 0 1 0
     67800      67860 0 0 0 0 0 1 0
     68220      68280 1 1 1 1 1 0 0
     68820      68880 1 1 1 1 1 0 0
     69420      69480 1 1 1 1 1 0 0
     69600      69660 0 0 0 0 0 1 0
     69600      69660 0 0 0 0 0 1 0
     70560      70620 1 1 1 1 1 0 0
     71400      71460 0 0 0 0 0 1 0
     71400      71460 0 0 0 0 0 1 0
     72360      72420 1 1 1 1 1 0 0
     73200      73260 0 0 0 0 0 1 0
     73200      73260 0 0 0 0 0 1 0
     74160      74220 1 1 1 1 1 0 0
     74640      74700 0 0 0 0 0 1 0
     74640      74700 0 0 0 0 0 1 0
     75960      76020 1 1 1 1 1 0 0
     76440      76500 0 0 0 0 0 1 0
     76440      76500 0 0 0 0 0 1 0
     77760      77820 1 1 1 1 1 0 0
     78240      78300 0 0 0 0 0 1 0
     78240      78300 0 0 0 0 0 1 0
     79560      79620 1 1 0 1 0 0 0
     79560      79620 1 1 1 1 1 0 0
     80040      80100 0 0 0 0 0 1 0
     80040      80100 0 0 0 0 0 1 0
     81360      81420 1 1 1 1 0 0 0
     81360      81420 1 1 1 1 1 0 0
     81360      81420 0 0 0 1 0 0 0
     81840      81900 0 0 0 0 0 1 0
     81840      81900 0 0 0 0 0 1 0
     83160      83220 1 1 0 1 0 0 0
     83160      83220 1 1 1 1 1 0 0
     83640      83700 0 0 0 0 0 1 0
     83700      83760 0 0 0 0 0 1 0
     84960      85020 0 0 0 1 0 0 0
     84960      85020 1 1 1 1 1 0 0
     84960      85020 1 1 0 1 0 0 0
     85440      85500 0 0 0 0 0 1 0
     85500      85560 0 0 0 0 0 1 0
178
