       840        960 0 0 0 0 0 1 0
       840        960 0 0 0 0 0 1 0
      1200       1320 1 1 1 1 1 0 0
      1320       1440 1 1 1 1 0 0 0
      1740       1860 0 0 0 0 0 1 0
      1740       1860 0 0 0 0 0 1 0
      3000       3120 1 1 1 1 0 0 0
      3000       3120 1 1 1 1 1 0 0
      3540       3660 0 0 0 0 0 1 0
      3540       3660 0 0 0 0 0 1 0
      4200       4320 1 1 1 1 1 0 0
      4440       4560 0 0 0 0 0 1 0
      4440       4560 0 0 0 0 0 1 0
      4800       4920 0 0 1 0 1 0 0
      4800       4920 1 1 1 1 0 0 0
      4860       4980 0 0 0 1 0 0 0
      5340       5460 0 0 0 0 0 1 0
      5340       5460 0 0 0 0 0 1 0
      6000       6180 0 0 1 0 1 0 0
      6240       6360 0 0 0 0 0 1 0
      6240       6360 0 0 0 0 0 1 0
      7200       7380 0 0 1 0 1 0 0
     19200      19320 1 1 1 1 1 0 0
     20940      21060 0 0 0 0 0 1 0
     21000      21120 1 1 1 1 1 0 0
     21120      21240 0 0 0 0 0 1 0
     22740      22860 0 0 0 0 0 1 0
     22800      22920 1 1 1 1 1 0 0
     22920      23040 0 0 0 0 0 1 0
     24540      24660 0 0 0 0 0 1 0
     24600      24720 1 1 1 1 1 0 0
     24720      24840 0 0 0 0 0 1 0
     26340      26460 0 0 0 0 0 1 0
     26400      26520 1 1 1 1 1 0 0
     26520      26640 0 0 0 0 0 1 0
     28140      28260 0 0 0 0 0 1 0
     28320      28440 0 0 0 0 0 1 0
     29940      30060 0 0 0 0 0 1 0
     30120      30240 0 0 0 0 0 1 0
     31740      31860 0 0 0 0 0 1 0
     31920      32040 0 0 0 0 0 1 0
     33840      33960 0 0 0 0 0 1 0
     33900      34020 0 0 0 0 0 1 0
     35280      35460 1 1 1 1 1 0 0
     35640      35760 0 0 0 0 0 1 0
     35880      35940 0 0 0 0 0 1 0
     37440      37560 0 0 0 0 0 1 0
     37500      37620 0 0 0 0 0 1 0
     39000      39120 1 1 1 1 1 0 0
     39240      39360 0 0 0 0 0 1 0
     39300      39420 0 0 0 0 0 1 0
     39300      39420 0 0 0 0 0 0 0
     40800      40920 1 1 1 1 1 0 0
     41040      41160 0 0 0 0 0 1 0
     41100      41220 0 0 0 0 0 1 0
     42600      42720 1 0 0 0 0 0 0
     42600      42720 1 1 1 1 1 0 0
     42840      42960 0 0 0 0 0 1 0
     42900      43020 0 0 0 0 0 1 0
     44400      44520 1 0 0 0 0 0 0
     44400      44520 1 1 1 1 1 0 0
     44640      44760 0 0 0 0 0 1 0
     44760      44880 0 0 0 0 0 1 0
     46200      46320 1 1 1 1 1 0 0
     46200      46320 1 0 0 0 0 0 0
     46440      46560 0 0 0 0 0 1 0
     46500      46620 0 0 0 0 0 1 0
     48000      48120 1 1 1 1 1 0 0
     48240      48360 0 0 0 0 0 1 0
     48300      48420 0 0 0 0 0 1 0
     49800      49920 1 1 1 1 1 0 0
     50040      50160 0 0 0 0 0 1 0
     50100      50220 0 0 0 0 0 1 0
     51600      51720 1 1 1 1 1 0 0
     51840      51960 0 0 0 0 0 1 0
     51900      52020 0 0 0 0 0 1 0
     53400      53520 1 1 1 1 1 0 0
     53640      53760 0 0 0 0 0 1 0
     53700      53820 0 0 0 0 0 1 0
     55200      55320 1 1 1 1 1 0 0
     55440      55560 0 0 0 0 0 1 0
     55500      55620 0 0 0 0 0 1 0
     57000      57120 1 1 1 1 1 0 0
     57240      57360 0 0 0 0 0 1 0
     57300      57420 0 0 0 0 0 1 0
     59040      59160 0 0 0 0 0 1 0
     59160      59280 0 0 0 0 0 1 0
     60840      60960 0 0 0 0 0 1 0
     60900      61020 0 0 0 0 0 1 0
     62640      62760 0 0 0 0 0 1 0
     62880      62940 0 0 0 0 0 1 0
     64440      64560 0 0 0 0 0 1 0
     64680      64740 0 0 0 0 0 1 0
     66240      66360 0 0 0 0 0 1 0
     66300      66420 0 0 0 0 0 1 0
     68040      68160 0 0 0 0 0 1 0
     68160      68280 0 0 0 0 0 1 0
     69840      69960 0 0 0 0 0 1 0
     69960      70080 0 0 0 0 0 1 0
     71640      71760 0 0 0 0 0 1 0
     71760      71880 0 0 0 0 0 1 0
     73200      73320 1 1 1 1 1 0 0
     73440      73560 0 0 0 0 0 1 0
     73560      73680 0 0 0 0 0 1 0
     75000      75120 1 1 1 1 1 0 0
     75240      75360 0 0 0 0 0 1 0
     75360      75480 0 0 0 0 0 1 0
     76740      76860 0 0 0 0 0 1 0
     76800      76920 1 1 1 1 1 0 0
     76920      77040 0 0 0 0 0 1 0
     78240      78360 0 0 0 0 0 1 0
     78240      78360 0 0 0 0 0 1 0
     78600      78720 1 1 1 1 1 0 0
     80040      80160 0 0 0 0 0 1 0
     80040      80160 0 0 0 0 0 1 0
     80400      80520 1 1 1 1 1 0 0
     81840      81960 0 0 0 0 0 1 0
     81840      81960 0 0 0 0 0 1 0
     82200      82320 1 1 1 1 1 0 0
     83640      83760 0 0 0 0 0 1 0
     83640      83760 0 0 0 0 0 1 0
     84000      84120 1 1 1 1 1 0 0
     85440      85560 0 0 0 0 0 1 0
     85440      85560 0 0 0 0 0 1 0
     85800      85920 1 1 1 1 1 0 0
125
