     17400      17940 1 1 1 1 1 0 0
     17400      17940 0 0 0 0 1 0 0
     21000      21540 1 1 1 1 1 0 0
     23220      23760 0 0 0 0 0 1 0
     23220      23760 0 0 0 0 0 1 0
     23520      24120 1 1 1 1 1 0 0
     24780      25320 1 1 1 1 1 0 0
     24900      25440 0 0 0 0 0 1 0
     25920      26520 1 1 1 1 1 0 0
     25920      26520 1 1 1 1 1 0 0
     26580      27120 1 1 1 1 1 0 0
     27120      27720 1 1 1 1 1 0 0
     27120      27720 1 1 1 1 1 0 0
     27780      28320 1 1 1 1 1 0 0
     28320      28920 1 1 1 1 1 0 0
     28320      28920 1 1 1 1 1 0 0
     28980      29580 0 0 0 0 0 1 0
     28980      29580 0 0 0 0 0 1 0
     28980      29520 1 1 1 1 1 0 0
     29520      30120 1 1 1 1 1 0 0
     30180      30720 1 1 1 1 1 0 0
     30720      31320 1 1 1 1 1 0 0
     30720      31320 1 1 1 1 1 0 0
     31380      31920 1 1 1 1 1 0 0
     31920      32520 1 1 1 1 1 0 0
     32580      33180 0 0 0 0 0 1 0
     32580      33180 0 0 0 0 0 1 0
     32580      33120 1 1 1 1 1 0 0
     33120      33720 1 1 1 1 1 0 0
     33120      33720 1 1 1 1 1 0 0
     33780      34320 1 1 1 1 1 0 0
     34920      35460 1 1 1 1 1 0 0
     36240      36840 0 0 0 0 0 1 0
     36240      36840 0 0 0 0 0 1 0
     37980      38580 0 0 0 0 0 1 0
     37980      38580 0 0 0 0 0 1 0
     39780      40380 0 0 0 0 0 1 0
     39780      40380 0 0 0 0 0 1 0
     43380      43980 0 0 0 0 0 1 0
     43380      43980 0 0 0 0 0 1 0
     47040      47640 0 0 0 0 0 1 0
     47040      47640 0 0 0 0 0 1 0
     50580      51180 0 0 0 0 0 1 0
     50580      51180 0 0 0 0 0 1 0
     54180      54780 0 0 0 0 0 1 0
     54180      54780 0 0 0 0 0 1 0
     54720      55320 1 1 1 1 1 0 0
     55440      56040 1 1 1 1 1 0 0
     55860      56400 1 1 1 1 1 0 0
     56040      56640 1 1 1 1 1 0 0
     56520      57120 1 1 1 1 1 0 0
     57240      57780 1 1 1 1 1 0 0
     57660      58260 1 1 1 1 1 0 0
     57840      58440 1 1 1 1 1 0 0
     57840      58440 0 0 0 0 0 1 0
     57840      58440 0 0 0 0 0 1 0
     58440      59040 1 1 1 1 1 0 0
     58860      59460 1 1 1 1 1 0 0
     59040      59640 1 1 1 1 1 0 0
     59460      60060 1 1 1 1 1 0 0
     59640      60240 1 1 1 1 1 0 0
     60060      60660 1 1 1 1 1 0 0
     60240      60840 1 1 1 1 1 0 0
     60840      61440 1 1 1 1 1 0 0
     61260      61860 1 1 1 1 1 0 0
     61380      61980 0 0 0 0 0 1 0
     61380      61980 0 0 0 0 0 1 0
     61440      62040 1 1 1 1 1 0 0
     61800      62460 1 1 1 1 1 0 0
     62040      62640 1 1 1 1 1 0 0
     62400      63060 1 1 1 1 1 0 0
     62640      63300 1 1 1 1 1 0 0
     63060      63660 1 1 1 1 1 0 0
     63240      63840 1 1 1 1 1 0 0
     63840      64440 1 1 1 1 1 0 0
     64200      64860 1 1 1 1 1 0 0
     64200      64860 0 1 0 0 0 0 0
     64440      65040 1 1 1 1 1 0 0
     64980      65580 0 0 0 0 0 1 0
     64980      65580 0 0 0 0 0 1 0
     65040      65640 1 1 1 1 1 0 0
     65640      66240 1 1 1 1 1 0 0
     66240      66840 1 1 1 1 1 0 0
     66840      67440 1 1 1 1 1 0 0
     67440      68040 1 1 1 1 1 0 0
     68040      68640 1 1 1 1 1 0 0
     68580      69180 0 0 0 0 0 1 0
     68580      69180 0 0 0 0 0 1 0
     68640      69240 1 1 1 1 1 0 0
     69120      69720 1 1 1 1 1 0 0
     72180      72780 0 0 0 0 0 1 0
     72180      72780 0 0 0 0 0 1 0
     76920      77460 0 0 0 0 0 1 0
     76920      77460 0 0 0 0 0 1 0
     80520      81060 0 0 0 0 0 1 0
     80520      81060 0 0 0 0 0 1 0
     84120      84660 0 0 0 0 0 1 0
     84120      84660 0 0 0 0 0 1 0
98
