      1320       1440 1 1 0 1 0 0 0
      3120       3240 1 1 0 1 0 0 0
      4320       4500 1 1 0 1 0 0 0
      4920       5040 1 1 0 1 0 0 0
     25860      25980 1 1 1 1 1 0 0
     27060      27180 1 1 1 1 1 0 0
     27660      27780 1 1 1 1 1 0 0
     28260      28380 1 1 1 1 1 0 0
     28860      28980 1 1 1 1 1 0 0
     29460      29580 1 1 1 1 1 0 0
     30060      30180 1 1 1 1 1 0 0
     30660      30780 1 1 1 1 1 0 0
     31260      31380 1 1 1 1 1 0 0
     31860      31980 1 1 1 1 1 0 0
     32460      32580 1 1 1 1 1 0 0
     33060      33180 1 1 1 1 1 0 0
     33660      33780 1 1 1 1 1 0 0
     34020      34140 1 1 1 1 1 0 0
     34620      34740 1 1 1 1 1 0 0
     36060      36180 1 1 1 1 1 0 0
     36660      36780 1 1 1 1 1 0 0
     37260      37380 1 1 1 1 1 0 0
     39120      39240 0 0 0 1 0 0 0
     40920      41040 0 0 0 1 0 0 0
     42720      42840 0 0 0 1 0 0 0
     44520      44640 0 0 0 1 0 0 0
     46320      46440 0 0 0 1 0 0 0
     48120      48240 0 0 0 1 0 0 0
     57960      58080 1 1 1 1 1 0 0
     58560      58680 1 1 1 1 1 0 0
     59160      59280 1 1 1 1 1 0 0
     59760      59880 1 1 1 1 1 0 0
     60360      60480 1 1 1 1 1 0 0
     60960      61080 1 1 1 1 1 0 0
     61560      61680 1 1 1 1 1 0 0
     62160      62280 1 1 1 1 1 0 0
     62760      62880 1 1 1 1 1 0 0
     63360      63480 1 1 1 1 1 0 0
     63960      64080 1 1 1 1 1 0 0
     64560      64680 1 1 1 1 1 0 0
     65160      65280 1 1 1 1 1 0 0
     65760      65880 1 1 1 1 1 0 0
     66360      66480 1 1 1 1 1 0 0
     66960      67080 1 1 1 1 1 0 0
     67560      67680 1 1 1 1 1 0 0
     68160      68280 1 1 1 1 1 0 0
     68760      68880 1 1 1 1 1 0 0
     69360      69480 1 1 1 1 1 0 0
     69960      70080 1 1 1 1 1 0 0
     70560      70680 1 1 1 1 1 0 0
     71160      71280 1 1 1 1 1 0 0
     71760      71880 1 1 1 1 1 0 0
     72480      72600 1 1 1 1 1 0 0
     78720      78840 1 1 0 1 0 0 0
     80520      80640 1 1 0 1 0 0 0
     82320      82440 1 1 0 1 0 0 0
     84120      84240 1 1 0 1 0 0 0
     85920      86040 1 1 0 1 0 0 0
58
