         0        240 0 0 0 0 0 1 0
      3720       3960 0 0 0 0 0 1 0
     16020      16200 1 1 1 1 1 0 0
     16500      16740 0 0 0 0 0 1 0
     17220      17400 1 1 1 1 1 0 0
     17820      18000 1 1 1 1 1 0 0
     17880      18120 0 0 0 0 0 1 0
     17880      18120 0 0 0 0 0 1 0
     18300      18540 0 0 0 0 0 1 0
     19020      19200 1 1 1 1 1 0 0
     19620      19800 1 1 1 1 1 0 0
     20100      20340 0 0 0 0 0 1 0
     20820      21000 1 1 1 1 1 0 0
     21420      21600 1 1 1 1 1 0 0
     21900      22140 0 0 0 0 0 1 0
     22380      22620 1 1 1 1 1 0 0
     23340      23580 1 1 1 1 1 0 0
     23700      23940 0 0 0 0 0 1 0
     24180      24420 1 1 1 1 1 0 0
     25140      25380 1 1 1 1 1 0 0
     25500      25740 0 0 0 0 0 1 0
     26340      26580 1 1 1 1 1 0 0
     26940      27180 1 1 1 1 1 0 0
     27300      27540 0 0 0 0 0 1 0
     27540      27780 1 1 1 1 1 0 0
     28140      28380 1 1 1 1 1 0 0
     28740      28980 1 1 1 1 1 0 0
     28800      29040 0 0 0 0 0 1 0
     29340      29580 1 1 1 1 1 0 0
     29400      29640 0 0 0 0 0 1 0
     29940      30180 1 1 1 1 1 0 0
     30540      30780 1 1 1 1 1 0 0
     30600      30840 0 0 0 0 0 1 0
     31140      31380 1 1 1 1 1 0 0
     31200      31440 0 0 0 0 0 1 0
     31740      31980 1 1 1 1 1 0 0
     32340      32580 1 1 1 1 1 0 0
     32400      32640 0 0 0 0 0 1 0
     32940      33180 1 1 1 1 1 0 0
     33000      33240 0 0 0 0 0 1 0
     33540      33780 1 1 1 1 1 0 0
     34140      34380 1 1 1 1 1 0 0
     34200      34440 0 0 0 0 0 1 0
     34800      35040 0 0 0 0 0 1 0
     35820      36000 1 1 1 1 1 0 0
     36000      36240 0 0 0 0 0 1 0
     36600      36840 0 0 0 0 0 1 0
     37020      37200 1 1 1 1 1 0 0
     37620      37800 1 1 1 1 1 0 0
     37800      38040 0 0 0 0 0 1 0
     38400      38640 0 0 0 0 0 1 0
     38820      39000 1 1 1 1 1 0 0
     39420      39600 1 1 1 1 1 0 0
     39600      39840 0 0 0 0 0 1 0
     40200      40440 0 0 0 0 0 1 0
     40620      40800 1 1 1 1 1 0 0
     40620      40800 0 0 0 1 0 0 0
     41220      41400 1 1 1 1 1 0 0
     41220      41400 1 0 0 0 0 0 0
     41220      41400 0 0 0 0 1 0 0
     41400      41640 0 0 0 0 0 1 0
     42000      42240 0 0 0 0 0 1 0
     42420      42600 0 0 0 1 0 0 0
     42420      42600 1 1 1 1 1 0 0
     43020      43200 0 0 0 0 1 0 0
     43020      43200 1 1 1 1 1 0 0
     43200      43440 0 0 0 0 0 1 0
     43800      44040 0 0 0 0 0 1 0
     44220      44400 0 0 0 1 0 0 0
     44220      44400 1 1 1 1 1 0 0
     44820      45000 1 1 1 1 1 0 0
     44820      45000 0 0 0 1 0 0 0
     44820      45000 1 0 0 0 0 0 0
     44880      45060 0 0 0 0 1 0 0
     45000      45240 0 0 0 0 0 1 0
     45600      45840 0 0 0 0 0 1 0
     46020      46200 1 1 1 1 1 0 0
     46020      46200 0 0 0 1 0 0 0
     46620      46800 0 0 0 1 0 0 0
     46620      46800 1 1 1 1 1 0 0
     46800      47040 0 0 0 0 0 1 0
     47400      47640 0 0 0 0 0 1 0
     47820      48000 1 1 1 1 1 0 0
     47820      48000 0 0 0 1 0 0 0
     48420      48600 0 0 0 1 0 0 0
     48420      48600 1 1 1 1 1 0 0
     48600      48840 0 0 0 0 0 1 0
     49200      49440 0 0 0 0 0 1 0
     49620      49800 1 1 1 1 1 0 0
     50220      50400 1 1 1 1 1 0 0
     50400      50640 0 0 0 0 0 1 0
     51000      51240 0 0 0 0 0 1 0
     51420      51600 1 1 1 1 1 0 0
     52020      52200 1 1 1 1 1 0 0
     52200      52440 0 0 0 0 0 1 0
     52800      53040 0 0 0 0 0 1 0
     53220      53400 1 1 1 1 1 0 0
     53820      54000 1 1 1 1 1 0 0
     54000      54240 0 0 0 0 0 1 0
     54600      54840 0 0 0 0 0 1 0
     55800      56040 0 0 0 0 0 1 0
     56400      56640 0 0 0 0 0 1 0
     57600      57840 0 0 0 0 0 1 0
     58200      58440 0 0 0 0 0 1 0
     59400      59640 0 0 0 0 0 1 0
     60000      60240 0 0 0 0 0 1 0
     61200      61440 0 0 0 0 0 1 0
     61800      62040 0 0 0 0 0 1 0
     63000      63240 0 0 0 0 0 1 0
     63600      63840 0 0 0 0 0 1 0
     64800      65040 0 0 0 0 0 1 0
     65400      65640 0 0 0 0 0 1 0
     66600      66840 0 0 0 0 0 1 0
     67200      67440 0 0 0 0 0 1 0
     68400      68640 0 0 0 0 0 1 0
     69000      69240 0 0 0 0 0 1 0
     70020      70200 1 1 1 1 1 0 0
     70200      70440 0 0 0 0 0 1 0
     70800      71040 0 0 0 0 0 1 0
     71220      71400 1 1 1 1 1 0 0
     71820      72000 1 1 1 1 1 0 0
     72000      72240 0 0 0 0 0 1 0
     72720      72960 0 0 0 0 0 1 0
     73020      73200 1 1 1 1 1 0 0
     73620      73800 1 1 1 1 1 0 0
     73800      74040 0 0 0 0 0 1 0
     74820      75000 1 1 1 1 1 0 0
     75420      75600 1 1 1 1 1 0 0
     75600      75840 0 0 0 0 0 1 0
     76620      76800 1 1 1 1 1 0 0
     77220      77400 1 1 1 1 1 0 0
     77220      77460 0 0 0 1 0 0 0
     77400      77640 0 0 0 0 0 1 0
     78420      78600 1 1 1 1 1 0 0
     79020      79200 1 1 1 1 1 0 0
     79200      79440 0 0 0 0 0 1 0
     80220      80400 1 1 1 1 1 0 0
     80220      80400 1 1 0 1 0 0 0
     81000      81240 0 0 0 0 0 1 0
     82020      82200 1 1 1 1 1 0 0
     82020      82200 1 1 0 1 0 0 0
     82800      83040 0 0 0 0 0 1 0
     83820      84000 1 1 1 1 1 0 0
     83820      84000 1 1 0 1 0 0 0
     84600      84840 0 0 0 0 0 1 0
     85620      85800 1 1 0 1 0 0 0
     85620      85800 1 1 1 1 1 0 0
147
