       180        360 1 1 0 1 0 0 0
      1020       1200 1 1 0 1 0 0 0
     22620      22800 1 1 1 1 1 0 0
     23580      23760 1 1 1 1 1 0 0
     24180      24360 1 1 1 1 1 0 0
     24780      24960 1 1 1 1 1 0 0
     25380      25560 1 1 1 1 1 0 0
     25980      26160 1 1 1 1 1 0 0
     26580      26760 1 1 1 1 1 0 0
     27180      27360 1 1 1 1 1 0 0
     27780      27960 1 1 1 1 1 0 0
     28380      28560 1 1 1 1 1 0 0
     28980      29160 1 1 1 1 1 0 0
     29580      29760 1 1 1 1 1 0 0
     30180      30360 1 1 1 1 1 0 0
     30780      30960 1 1 1 1 1 0 0
     31380      31560 1 1 1 1 1 0 0
     31980      32160 1 1 1 1 1 0 0
     32580      32760 1 1 1 1 1 0 0
     33180      33360 1 1 1 1 1 0 0
     33780      33960 1 1 1 1 1 0 0
     34380      34560 1 1 1 1 1 0 0
     34980      35160 1 1 1 1 1 0 0
     37980      38160 1 1 1 1 1 0 0
     39780      39960 0 0 0 1 0 0 0
     41580      41760 0 0 0 1 0 0 0
     43440      43620 0 0 0 1 0 0 0
     45180      45360 0 0 0 1 0 0 0
     46980      47160 0 0 0 1 0 0 0
     48780      48960 0 0 0 1 0 0 0
     50580      50760 1 1 1 1 1 0 0
     53280      53400 0 0 0 0 0 1 0
     53280      53400 0 0 0 0 0 1 0
     54840      55020 1 1 1 1 1 0 0
     55440      55620 1 1 1 1 1 0 0
     56040      56220 1 1 1 1 1 0 0
     56640      56820 1 1 1 1 1 0 0
     57240      57420 1 1 1 1 1 0 0
     57840      58020 1 1 1 1 1 0 0
     58440      58620 1 1 1 1 1 0 0
     59040      59220 1 1 1 1 1 0 0
     59640      59820 1 1 1 1 1 0 0
     60240      60420 1 1 1 1 1 0 0
     60840      61020 1 1 1 1 1 0 0
     61440      61620 1 1 1 1 1 0 0
     62040      62220 1 1 1 1 1 0 0
     62640      62820 1 1 1 1 1 0 0
     63240      63420 1 1 1 1 1 0 0
     63840      64020 1 1 1 1 1 0 0
     63840      64020 0 0 1 0 0 0 0
     64440      64620 1 1 1 1 1 0 0
     65040      65220 1 1 1 1 1 0 0
     65640      65820 1 1 1 1 1 0 0
     66240      66420 1 1 1 1 1 0 0
     66840      67020 1 1 1 1 1 0 0
     67440      67620 1 1 1 1 1 0 0
     68040      68220 1 1 1 1 1 0 0
     68640      68820 1 1 1 1 1 0 0
     69240      69420 1 1 1 1 1 0 0
     70380      70560 1 1 1 1 1 0 0
     79380      79560 1 1 0 1 0 0 0
     81180      81360 1 1 1 1 1 0 0
     82980      83160 1 1 0 1 0 0 0
     84780      84960 1 1 0 1 0 0 0
64
