      1200       1320 1 1 0 1 0 0 0
      3000       3120 1 1 0 1 0 0 0
      4200       4320 1 1 0 1 0 0 0
      4800       4920 1 1 0 1 0 0 0
     25680      25860 1 1 1 1 1 0 0
     26880      27060 1 1 1 1 1 0 0
     27480      27660 1 1 1 1 1 0 0
     28080      28260 1 1 1 1 1 0 0
     28680      28860 1 1 1 1 1 0 0
     29280      29460 1 1 1 1 1 0 0
     29880      30060 1 1 1 1 1 0 0
     30480      30660 1 1 1 1 1 0 0
     31080      31260 1 1 1 1 1 0 0
     31680      31860 1 1 1 1 1 0 0
     32280      32460 1 1 1 1 1 0 0
     32880      33060 1 1 1 1 1 0 0
     33480      33660 1 1 1 1 1 0 0
     33840      34020 1 1 1 1 1 0 0
     34440      34620 1 1 1 1 1 0 0
     35880      36060 1 1 1 1 1 0 0
     36480      36660 1 1 1 1 1 0 0
     37080      37260 1 1 1 1 1 0 0
     39000      39120 0 0 0 1 0 0 0
     40800      40920 0 0 0 1 0 0 0
     42600      42720 0 0 0 1 0 0 0
     44400      44520 0 0 0 1 0 0 0
     46200      46320 0 0 0 1 0 0 0
     48000      48120 0 0 0 1 0 0 0
     57780      57960 1 1 1 1 1 0 0
     58380      58560 1 1 1 1 1 0 0
     58980      59160 1 1 1 1 1 0 0
     59580      59760 1 1 1 1 1 0 0
     60180      60360 1 1 1 1 1 0 0
     60780      60960 1 1 1 1 1 0 0
     61380      61560 1 1 1 1 1 0 0
     61980      62160 1 1 1 1 1 0 0
     62580      62760 1 1 1 1 1 0 0
     63180      63360 1 1 1 1 1 0 0
     63780      63960 1 1 1 1 1 0 0
     64380      64560 1 1 1 1 1 0 0
     64980      65160 1 1 1 1 1 0 0
     65580      65760 1 1 1 1 1 0 0
     66180      66360 1 1 1 1 1 0 0
     66780      66960 1 1 1 1 1 0 0
     67380      67560 1 1 1 1 1 0 0
     67980      68160 1 1 1 1 1 0 0
     68580      68760 1 1 1 1 1 0 0
     69180      69360 1 1 1 1 1 0 0
     69780      69960 1 1 1 1 1 0 0
     70380      70560 1 1 1 1 1 0 0
     70980      71160 1 1 1 1 1 0 0
     71580      71760 1 1 1 1 1 0 0
     72300      72480 1 1 1 1 1 0 0
     78600      78720 1 1 0 1 0 0 0
     80400      80520 1 1 0 1 0 0 0
     82200      82320 1 1 0 1 0 0 0
     84000      84120 1 1 0 1 0 0 0
     85800      85920 1 1 0 1 0 0 0
58
