       960       1080 0 0 0 0 0 1 0
       960       1080 0 0 0 0 0 1 0
      1320       1440 1 1 1 1 1 0 0
      1440       1560 1 1 1 1 0 0 0
      1860       1980 0 0 0 0 0 1 0
      1860       1980 0 0 0 0 0 1 0
      3120       3240 1 1 1 1 0 0 0
      3120       3240 1 1 1 1 1 0 0
      3660       3780 0 0 0 0 0 1 0
      3660       3780 0 0 0 0 0 1 0
      4320       4440 1 1 1 1 1 0 0
      4560       4680 0 0 0 0 0 1 0
      4560       4680 0 0 0 0 0 1 0
      4920       5040 1 1 1 1 0 0 0
      4920       5040 0 0 1 0 1 0 0
      4980       5100 0 0 0 1 0 0 0
      5460       5580 0 0 0 0 0 1 0
      5460       5580 0 0 0 0 0 1 0
      6180       6300 0 0 1 0 1 0 0
      6360       6480 0 0 0 0 0 1 0
      6360       6480 0 0 0 0 0 1 0
      7380       7500 0 0 1 0 1 0 0
     19320      19440 1 1 1 1 1 0 0
     21060      21180 0 0 0 0 0 1 0
     21120      21240 1 1 1 1 1 0 0
     21240      21360 0 0 0 0 0 1 0
     22860      22980 0 0 0 0 0 1 0
     22920      23040 1 1 1 1 1 0 0
     23040      23160 0 0 0 0 0 1 0
     24660      24780 0 0 0 0 0 1 0
     24720      24840 1 1 1 1 1 0 0
     24840      24960 0 0 0 0 0 1 0
     26460      26580 0 0 0 0 0 1 0
     26520      26640 1 1 1 1 1 0 0
     26640      26760 0 0 0 0 0 1 0
     28260      28380 0 0 0 0 0 1 0
     28440      28560 0 0 0 0 0 1 0
     30060      30180 0 0 0 0 0 1 0
     30240      30360 0 0 0 0 0 1 0
     31860      31980 0 0 0 0 0 1 0
     32040      32160 0 0 0 0 0 1 0
     33960      34080 0 0 0 0 0 1 0
     34020      34140 0 0 0 0 0 1 0
     35460      35580 1 1 1 1 1 0 0
     35760      35880 0 0 0 0 0 1 0
     35940      36060 0 0 0 0 0 1 0
     37560      37680 0 0 0 0 0 1 0
     37620      37740 0 0 0 0 0 1 0
     39120      39240 1 1 1 1 1 0 0
     39360      39480 0 0 0 0 0 1 0
     39420      39540 0 0 0 0 0 1 0
     39420      39540 0 0 0 0 0 0 0
     40920      41040 1 1 1 1 1 0 0
     41160      41280 0 0 0 0 0 1 0
     41220      41340 0 0 0 0 0 1 0
     42720      42840 1 0 0 0 0 0 0
     42720      42840 1 1 1 1 1 0 0
     42960      43080 0 0 0 0 0 1 0
     43020      43140 0 0 0 0 0 1 0
     44520      44640 1 0 0 0 0 0 0
     44520      44640 1 1 1 1 1 0 0
     44760      44880 0 0 0 0 0 1 0
     44880      45000 0 0 0 0 0 1 0
     46320      46440 1 1 1 1 1 0 0
     46320      46440 1 0 0 0 0 0 0
     46560      46680 0 0 0 0 0 1 0
     46620      46740 0 0 0 0 0 1 0
     48120      48240 1 1 1 1 1 0 0
     48360      48480 0 0 0 0 0 1 0
     48420      48540 0 0 0 0 0 1 0
     49920      50040 1 1 1 1 1 0 0
     50160      50280 0 0 0 0 0 1 0
     50220      50340 0 0 0 0 0 1 0
     51720      51840 1 1 1 1 1 0 0
     51960      52080 0 0 0 0 0 1 0
     52020      52140 0 0 0 0 0 1 0
     53520      53640 1 1 1 1 1 0 0
     53760      53880 0 0 0 0 0 1 0
     53820      53940 0 0 0 0 0 1 0
     55320      55440 1 1 1 1 1 0 0
     55560      55680 0 0 0 0 0 1 0
     55620      55740 0 0 0 0 0 1 0
     57120      57240 1 1 1 1 1 0 0
     57360      57480 0 0 0 0 0 1 0
     57420      57540 0 0 0 0 0 1 0
     59160      59280 0 0 0 0 0 1 0
     59280      59400 0 0 0 0 0 1 0
     60960      61080 0 0 0 0 0 1 0
     61020      61140 0 0 0 0 0 1 0
     62760      62880 0 0 0 0 0 1 0
     62940      63060 0 0 0 0 0 1 0
     64560      64680 0 0 0 0 0 1 0
     64740      64860 0 0 0 0 0 1 0
     66360      66480 0 0 0 0 0 1 0
     66420      66540 0 0 0 0 0 1 0
     68160      68280 0 0 0 0 0 1 0
     68280      68400 0 0 0 0 0 1 0
     69960      70080 0 0 0 0 0 1 0
     70080      70200 0 0 0 0 0 1 0
     71760      71880 0 0 0 0 0 1 0
     71880      72000 0 0 0 0 0 1 0
     73320      73440 1 1 1 1 1 0 0
     73560      73680 0 0 0 0 0 1 0
     73680      73800 0 0 0 0 0 1 0
     75120      75240 1 1 1 1 1 0 0
     75360      75480 0 0 0 0 0 1 0
     75480      75600 0 0 0 0 0 1 0
     76860      76980 0 0 0 0 0 1 0
     76920      77040 1 1 1 1 1 0 0
     77040      77160 0 0 0 0 0 1 0
     78360      78480 0 0 0 0 0 1 0
     78360      78480 0 0 0 0 0 1 0
     78720      78840 1 1 1 1 1 0 0
     80160      80280 0 0 0 0 0 1 0
     80160      80280 0 0 0 0 0 1 0
     80520      80640 1 1 1 1 1 0 0
     81960      82080 0 0 0 0 0 1 0
     81960      82080 0 0 0 0 0 1 0
     82320      82440 1 1 1 1 1 0 0
     83760      83880 0 0 0 0 0 1 0
     83760      83880 0 0 0 0 0 1 0
     84120      84240 1 1 1 1 1 0 0
     85560      85680 0 0 0 0 0 1 0
     85560      85680 0 0 0 0 0 1 0
     85920      86040 1 1 1 1 1 0 0
125
