       180        360 1 1 1 1 1 0 0
       720        840 0 0 0 0 0 1 0
       720        840 0 0 0 0 0 1 0
      1020       1200 1 1 1 1 1 0 0
      1980       2160 0 0 1 0 1 0 0
      2040       2160 0 0 0 0 0 1 0
      2040       2160 0 0 0 0 0 1 0
      2820       3000 0 0 1 0 1 0 0
     16380      16560 1 1 1 1 1 0 0
     17220      17340 0 0 0 0 0 1 0
     17220      17340 0 0 0 0 0 1 0
     18180      18360 1 1 1 1 1 0 0
     19080      19200 0 0 0 0 0 1 0
     19080      19200 0 0 0 0 0 1 0
     19980      20160 1 1 1 1 1 0 0
     20880      21000 0 0 0 0 0 1 0
     20880      21000 0 0 0 0 0 1 0
     21780      21960 1 1 1 1 1 0 0
     22680      22800 0 0 0 0 0 1 0
     22680      22800 0 0 0 0 0 1 0
     24480      24600 0 0 0 0 0 1 0
     24480      24600 0 0 0 0 0 1 0
     26280      26400 0 0 0 0 0 1 0
     26280      26400 0 0 0 0 0 1 0
     28080      28200 0 0 0 0 0 1 0
     28080      28200 0 0 0 0 0 1 0
     29880      30000 0 0 0 0 0 1 0
     29880      30000 0 0 0 0 0 1 0
     31680      31800 0 0 0 0 0 1 0
     31680      31800 0 0 0 0 0 1 0
     33480      33600 0 0 0 0 0 1 0
     33480      33600 0 0 0 0 0 1 0
     35280      35400 0 0 0 0 0 1 0
     35280      35400 0 0 0 0 0 1 0
     36180      36360 1 1 1 1 1 0 0
     37080      37200 0 0 0 0 0 1 0
     37080      37200 0 0 0 0 0 1 0
     38880      39000 0 0 0 0 0 1 0
     38880      39000 0 0 0 0 0 1 0
     39780      39960 1 0 0 0 0 0 0
     39780      39960 1 1 1 1 1 0 0
     40680      40800 0 0 0 0 0 1 0
     40680      40800 0 0 0 0 0 1 0
     41580      41760 1 1 1 1 1 0 0
     41580      41760 1 0 0 0 0 0 0
     41580      41760 1 0 0 0 0 0 0
     42480      42600 0 0 0 0 0 1 0
     42480      42600 0 0 0 0 0 1 0
     43380      43560 1 1 1 1 1 0 0
     43380      43560 1 0 0 0 0 0 0
     43380      43560 1 0 0 0 0 0 0
     44280      44400 0 0 0 0 0 1 0
     44280      44400 0 0 0 0 0 1 0
     45180      45360 1 0 0 0 0 0 0
     45180      45360 1 1 1 1 1 0 0
     45180      45360 1 0 0 0 0 0 0
     46080      46200 0 0 0 0 0 1 0
     46080      46200 0 0 0 0 0 1 0
     46980      47160 1 1 1 1 1 0 0
     47880      48000 0 0 0 0 0 1 0
     47880      48000 0 0 0 0 0 1 0
     48780      48960 1 1 1 1 1 0 0
     49680      49800 0 0 0 0 0 1 0
     49680      49800 0 0 0 0 0 1 0
     51480      51600 0 0 0 0 0 1 0
     51480      51600 0 0 0 0 0 1 0
     52380      52560 1 1 1 1 1 0 0
     54180      54360 1 1 1 1 1 0 0
     55080      55200 0 0 0 0 0 1 0
     55080      55200 0 0 0 0 0 1 0
     56880      57000 0 0 0 0 0 1 0
     56880      57000 0 0 0 0 0 1 0
     58680      58800 0 0 0 0 0 1 0
     58680      58800 0 0 0 0 0 1 0
     60480      60600 0 0 0 0 0 1 0
     60480      60600 0 0 0 0 0 1 0
     62280      62400 0 0 0 0 0 1 0
     62280      62400 0 0 0 0 0 1 0
     64080      64200 0 0 0 0 0 1 0
     64080      64200 0 0 0 0 0 1 0
     65880      66000 0 0 0 0 0 1 0
     65880      66000 0 0 0 0 0 1 0
     67680      67800 0 0 0 0 0 1 0
     67680      67800 0 0 0 0 0 1 0
     69480      69600 0 0 0 0 0 1 0
     69480      69600 0 0 0 0 0 1 0
     71280      71400 0 0 0 0 0 1 0
     71280      71400 0 0 0 0 0 1 0
     72180      72360 1 1 1 1 1 0 0
     73080      73200 0 0 0 0 0 1 0
     73080      73200 0 0 0 0 0 1 0
     73980      74160 1 1 1 1 1 0 0
     74520      74640 0 0 0 0 0 1 0
     74520      74640 0 0 0 0 0 1 0
     75780      75960 1 1 1 1 1 0 0
     76320      76440 0 0 0 0 0 1 0
     76320      76440 0 0 0 0 0 1 0
     77580      77760 1 1 1 1 1 0 0
     78120      78240 0 0 0 0 0 1 0
     78120      78240 0 0 0 0 0 1 0
     79380      79560 1 1 1 1 1 0 0
     79920      80040 0 0 0 0 0 1 0
     79920      80040 0 0 0 0 0 1 0
     81180      81360 1 1 1 1 0 0 0
     81180      81300 0 0 0 1 0 0 0
     81720      81840 0 0 0 0 0 1 0
     81720      81840 0 0 0 0 0 1 0
     82980      83160 1 1 1 1 1 0 0
     83520      83640 0 0 0 0 0 1 0
     83520      83580 0 0 0 0 0 1 0
     84780      84960 1 1 1 1 1 0 0
     84780      84960 0 0 0 1 0 0 0
     85320      85440 0 0 0 0 0 1 0
     85320      85380 0 0 0 0 0 1 0
114
