      2100       2580 1 1 1 1 1 0 0
      2100       2580 0 0 0 0 1 0 0
      2100       2580 0 0 1 0 0 0 0
      2160       2700 1 1 1 1 0 0 0
      2640       3120 0 0 0 0 0 1 0
      2640       3120 0 0 0 0 0 1 0
      2700       3180 0 0 0 0 0 1 0
     17520      18000 1 1 1 1 1 0 0
     19800      20280 0 0 0 0 0 1 0
     19800      20280 0 0 0 0 0 1 0
     19800      20280 0 0 0 0 0 1 0
     22320      22800 1 1 1 1 1 0 0
     23940      24420 0 0 0 0 0 1 0
     23940      24420 0 0 0 0 0 1 0
     24000      24480 0 0 0 0 0 1 0
     25440      26040 1 1 1 1 1 0 0
     25920      26400 1 1 1 1 1 0 0
     27060      27540 1 1 1 1 1 0 0
     27240      27720 1 1 1 1 1 0 0
     27540      28020 0 0 0 0 0 1 0
     27540      28020 0 0 0 0 0 1 0
     27600      28140 0 0 0 0 0 1 0
     27660      28140 1 1 1 1 1 0 0
     28260      28740 1 1 1 1 1 0 0
     28860      29340 1 1 1 1 1 0 0
     29460      29940 1 1 1 1 1 0 0
     29640      30120 1 1 1 1 1 0 0
     30060      30540 1 1 1 1 1 0 0
     30240      30720 1 1 1 1 1 0 0
     30660      31200 1 1 1 1 1 0 0
     30840      31320 1 1 1 1 1 0 0
     31140      31620 0 0 0 0 0 1 0
     31140      31620 0 0 0 0 0 1 0
     31200      31740 0 0 0 0 0 1 0
     31260      31740 1 1 1 1 1 0 0
     31440      31920 1 1 1 1 1 0 0
     31860      32340 1 1 1 1 1 0 0
     32040      32520 1 1 1 1 1 0 0
     32460      32940 1 1 1 1 1 0 0
     32640      33120 1 1 1 1 1 0 0
     33060      33540 1 1 1 1 1 0 0
     33240      33720 1 1 1 1 1 0 0
     33660      34140 1 1 1 1 1 0 0
     34140      34620 1 1 1 1 1 0 0
     34620      35100 1 1 1 1 1 0 0
     34620      35100 0 1 0 0 0 0 0
     34740      35220 0 0 0 0 0 1 0
     34740      35220 0 0 0 0 0 1 0
     34800      35280 1 1 1 1 1 0 0
     34860      35340 0 0 0 0 0 1 0
     36060      36540 1 1 1 1 1 0 0
     36240      36720 1 1 1 1 1 0 0
     36660      37140 1 1 1 1 1 0 0
     36840      37320 1 1 1 1 1 0 0
     37260      37740 1 1 1 1 1 0 0
     37440      37980 1 1 1 1 1 0 0
     38100      38580 0 1 0 0 0 0 0
     38100      38580 1 1 1 1 1 0 0
     38340      38820 0 0 0 0 0 1 0
     38340      38820 0 0 0 0 0 1 0
     38460      38940 0 0 0 0 0 1 0
     38580      39240 1 1 1 1 1 0 0
     41700      42180 1 1 1 1 1 0 0
     41700      42180 0 1 0 0 0 0 0
     41880      42360 1 0 0 0 0 0 0
     41940      42420 0 0 0 0 0 1 0
     41940      42420 0 0 0 0 0 1 0
     41940      42420 1 0 0 0 0 0 0
     42060      42540 0 0 0 0 0 1 0
     45300      45780 0 1 0 0 0 0 0
     45300      45780 1 1 1 1 1 0 0
     45480      45900 1 0 0 0 0 0 0
     45480      45960 1 0 0 0 0 0 0
     45540      46020 0 0 0 0 0 1 0
     45540      46020 0 0 0 0 0 1 0
     45660      46140 0 0 0 0 0 1 0
     48900      49380 0 1 0 0 0 0 0
     48900      49380 1 1 1 1 1 0 0
     49140      49620 0 0 0 0 0 1 0
     49140      49620 0 0 0 0 0 1 0
     49260      49740 0 0 0 0 0 1 0
     52500      52980 0 1 0 0 0 0 0
     52500      52980 1 1 1 1 1 0 0
     52740      53220 0 0 0 0 0 1 0
     52740      53220 0 0 0 0 0 1 0
     52860      53340 0 0 0 0 0 1 0
     56040      56520 1 1 1 1 1 0 0
     56040      56520 0 1 0 0 0 0 0
     56340      56820 0 0 0 0 0 1 0
     56340      56820 0 0 0 0 0 1 0
     56460      56940 0 0 0 0 0 1 0
     57960      58440 1 1 1 1 1 0 0
     57960      58440 1 1 1 1 1 0 0
     58140      58680 0 0 0 0 0 1 0
     58140      58620 1 1 1 1 1 0 0
     58260      58740 0 0 0 0 0 1 0
     58680      59160 1 1 1 1 1 0 0
     59280      59760 1 1 1 1 1 0 0
     59760      60240 1 1 1 1 1 0 0
     59940      60420 0 0 0 0 0 1 0
     59940      60420 0 0 0 0 0 1 0
     59940      60420 1 1 1 1 1 0 0
     60060      60540 0 0 0 0 0 1 0
     60480      60960 1 1 1 1 1 0 0
     60960      61440 1 1 1 1 1 0 0
     60960      61440 1 1 1 1 1 0 0
     61140      61620 1 1 1 1 1 0 0
     61680      62160 1 1 1 1 1 0 0
     62160      62640 1 1 1 1 1 0 0
     62340      62820 1 1 1 1 1 0 0
     62760      63300 1 1 1 1 1 0 0
     62940      63420 1 1 1 1 1 0 0
     63360      63840 1 1 1 1 1 0 0
     63360      63840 1 1 1 1 1 0 0
     63540      64020 0 0 0 0 0 1 0
     63540      64020 0 0 0 0 0 1 0
     63540      64020 1 1 1 1 1 0 0
     63660      64140 0 0 0 0 0 1 0
     63960      64500 1 1 1 1 1 0 0
     64140      64620 1 1 1 1 1 0 0
     64560      65040 1 1 1 1 1 0 0
     64740      65220 1 1 1 1 1 0 0
     65160      65700 1 1 1 1 1 0 0
     65340      65820 1 1 1 1 1 0 0
     65760      66240 1 1 1 1 1 0 0
     65760      66240 1 1 1 1 1 0 0
     65940      66420 1 1 1 1 1 0 0
     66360      66900 1 1 1 1 1 0 0
     66540      67020 1 1 1 1 1 0 0
     67140      67620 0 0 0 0 0 1 0
     67140      67620 1 1 1 1 1 0 0
     67140      67620 0 0 0 0 0 1 0
     67260      67740 0 0 0 0 0 1 0
     67560      68100 1 1 1 1 1 0 0
     67740      68220 1 1 1 1 1 0 0
     68160      68640 1 1 1 1 1 0 0
     68160      68640 1 1 1 1 1 0 0
     68160      68640 0 0 1 0 0 0 0
     68340      68820 1 1 1 1 1 0 0
     68880      69360 1 1 1 1 1 0 0
     69480      69960 1 1 1 1 1 0 0
     70140      70620 1 1 1 1 1 0 0
     70560      71040 1 1 1 1 1 0 0
     70560      71040 0 0 1 0 0 0 0
     70740      71220 0 0 0 0 0 1 0
     70740      71220 1 1 1 1 1 0 0
     70740      71220 0 0 0 0 0 1 0
     70800      71280 0 0 0 0 0 1 0
     71280      71760 1 1 1 1 1 0 0
     71940      72420 1 1 1 1 1 0 0
     74100      74580 0 0 1 0 0 0 0
     74100      74580 1 1 1 1 1 0 0
     74340      74820 0 0 0 0 0 1 0
     74340      74820 0 0 0 0 0 1 0
     74400      74880 0 0 0 0 0 1 0
     77700      78180 1 1 1 1 1 0 0
     77940      78420 0 0 0 0 0 1 0
     77940      78420 0 0 0 0 0 1 0
     78000      78480 0 0 0 0 0 1 0
     81300      81780 1 1 1 1 1 0 0
     81540      82020 0 0 0 0 0 1 0
     81540      82020 0 0 0 0 0 1 0
     81600      82080 0 0 0 0 0 1 0
     84900      85380 1 1 1 1 1 0 0
     84960      85380 0 0 1 0 0 0 0
     85140      85620 0 0 0 0 0 1 0
     85140      85620 0 0 0 0 0 1 0
     85200      85680 0 0 0 0 0 1 0
168
