       540        780 1 1 1 1 1 0 0
      2340       2580 0 0 0 1 0 0 0
      2340       2580 1 1 1 1 1 0 0
     19740      19980 1 1 1 1 1 0 0
     19980      20220 0 0 0 0 0 1 0
     20040      20280 0 0 0 0 0 1 0
     20340      20580 1 1 1 1 1 0 0
     21540      21780 1 1 1 1 1 0 0
     21780      22020 0 0 0 0 0 1 0
     21840      22080 0 0 0 0 0 1 0
     23340      23580 1 1 1 1 1 0 0
     23580      23820 0 0 0 0 0 1 0
     23640      23880 0 0 0 0 0 1 0
     23940      24180 1 1 1 1 1 0 0
     25140      25380 1 1 1 1 1 0 0
     25380      25620 0 0 0 0 0 1 0
     25440      25680 0 0 0 0 0 1 0
     27180      27420 0 0 0 0 0 1 0
     27360      27540 0 0 0 0 0 1 0
     28980      29220 0 0 0 0 0 1 0
     29160      29400 0 0 0 0 0 1 0
     30780      31020 0 0 0 0 0 1 0
     30960      31200 0 0 0 0 0 1 0
     32580      32820 0 0 0 0 0 1 0
     32760      33000 0 0 0 0 0 1 0
     33180      33420 0 0 0 0 0 1 0
     33180      33420 0 0 0 0 0 1 0
     34380      34620 0 0 0 0 0 1 0
     34560      34800 0 0 0 0 0 1 0
     34980      35220 0 0 0 0 0 1 0
     34980      35220 0 0 0 0 0 1 0
     36180      36420 0 0 0 0 0 1 0
     36420      36600 0 0 0 0 0 1 0
     36780      37020 0 0 0 0 0 1 0
     36780      37020 0 0 0 0 0 1 0
     37740      37980 1 1 1 1 1 0 0
     37980      38220 0 0 0 0 0 1 0
     38160      38400 0 0 0 0 0 1 0
     38340      38580 1 1 1 1 1 0 0
     38580      38820 0 0 0 0 0 1 0
     38580      38820 0 0 0 0 0 1 0
     39540      39780 1 1 1 1 1 0 0
     39780      40020 0 0 0 0 0 1 0
     39960      40200 0 0 0 0 0 1 0
     40140      40380 0 0 0 0 1 0 0
     40140      40380 1 1 1 1 1 0 0
     40380      40620 0 0 0 0 0 1 0
     40380      40620 0 0 0 0 0 1 0
     41340      41580 1 0 0 0 0 0 0
     41340      41580 1 1 1 1 1 0 0
     41580      41820 0 0 0 0 0 1 0
     41760      41940 0 0 0 0 0 1 0
     41940      42180 1 1 1 1 1 0 0
     42060      42300 1 0 0 0 0 0 0
     42120      42300 1 0 0 0 0 0 0
     42180      42420 0 0 0 0 0 1 0
     42180      42420 0 0 0 0 0 1 0
     43140      43380 1 0 0 0 0 0 0
     43140      43380 1 1 1 1 1 0 0
     43380      43620 0 0 0 0 0 1 0
     43560      43800 0 0 0 0 0 1 0
     43740      43980 1 1 1 1 1 0 0
     43740      43980 1 0 0 0 0 0 0
     43980      44220 0 0 0 0 0 1 0
     44040      44220 0 0 0 0 0 1 0
     44940      45180 1 1 1 1 1 0 0
     44940      45180 1 0 0 0 0 0 0
     45180      45420 0 0 0 0 0 1 0
     45360      45540 0 0 0 0 0 1 0
     45540      45780 1 1 1 1 1 0 0
     45660      45840 1 0 0 0 0 0 0
     45660      45840 1 0 0 0 0 0 0
     45780      46020 0 0 0 0 0 1 0
     45780      46020 0 0 0 0 0 1 0
     46740      46980 1 1 1 1 1 0 0
     46740      46980 1 0 0 0 0 0 0
     46980      47220 0 0 0 0 0 1 0
     47160      47400 0 0 0 0 0 1 0
     47340      47580 1 1 1 1 1 0 0
     47580      47820 0 0 0 0 0 1 0
     47580      47820 0 0 0 0 0 1 0
     48540      48780 1 1 1 1 1 0 0
     48780      49020 0 0 0 0 0 1 0
     48960      49140 0 0 0 0 0 1 0
     49140      49380 1 1 1 1 1 0 0
     49380      49620 0 0 0 0 0 1 0
     49380      49620 0 0 0 0 0 1 0
     50340      50580 1 1 1 1 1 0 0
     50580      50820 0 0 0 0 0 1 0
     50760      51000 0 0 0 0 0 1 0
     50940      51180 1 1 1 1 1 0 0
     51180      51420 0 0 0 0 0 1 0
     51180      51420 0 0 0 0 0 1 0
     52140      52380 1 1 1 1 1 0 0
     52380      52620 0 0 0 0 0 1 0
     52560      52740 0 0 0 0 0 1 0
     52740      52980 1 1 1 1 1 0 0
     52980      53220 0 0 0 0 0 1 0
     52980      53220 0 0 0 0 0 1 0
     53940      54180 1 1 1 1 1 0 0
     54180      54420 0 0 0 0 0 1 0
     54360      54600 0 0 0 0 0 1 0
     54540      54780 1 1 1 1 1 0 0
     54780      55020 0 0 0 0 0 1 0
     54780      55020 0 0 0 0 0 1 0
     55740      55980 1 1 1 1 1 0 0
     55980      56220 0 0 0 0 0 1 0
     56160      56340 0 0 0 0 0 1 0
     56340      56580 1 1 1 1 1 0 0
     56580      56820 0 0 0 0 0 1 0
     56580      56820 0 0 0 0 0 1 0
     57540      57780 1 1 1 1 1 0 0
     57780      58020 0 0 0 0 0 1 0
     57960      58200 0 0 0 0 0 1 0
     58380      58620 0 0 0 0 0 1 0
     58380      58620 0 0 0 0 0 1 0
     59580      59820 0 0 0 0 0 1 0
     59760      59940 0 0 0 0 0 1 0
     60180      60420 0 0 0 0 0 1 0
     60180      60420 0 0 0 0 0 1 0
     61380      61620 0 0 0 0 0 1 0
     61560      61800 0 0 0 0 0 1 0
     61980      62220 0 0 0 0 0 1 0
     61980      62220 0 0 0 0 0 1 0
     63180      63420 0 0 0 0 0 1 0
     63360      63540 0 0 0 0 0 1 0
     63780      64020 0 0 0 0 0 1 0
     63780      64020 0 0 0 0 0 1 0
     64980      65220 0 0 0 0 0 1 0
     65160      65400 0 0 0 0 0 1 0
     65580      65820 0 0 0 0 0 1 0
     65580      65820 0 0 0 0 0 1 0
     66780      67020 0 0 0 0 0 1 0
     66960      67140 0 0 0 0 0 1 0
     67380      67620 0 0 0 0 0 1 0
     67380      67620 0 0 0 0 0 1 0
     68580      68820 0 0 0 0 0 1 0
     68760      69000 0 0 0 0 0 1 0
     69180      69420 0 0 0 0 0 1 0
     69180      69420 0 0 0 0 0 1 0
     70380      70620 0 0 0 0 0 1 0
     70560      70740 0 0 0 0 0 1 0
     70980      71220 0 0 0 0 0 1 0
     70980      71220 0 0 0 0 0 1 0
     72180      72420 0 0 0 0 0 1 0
     72360      72600 0 0 0 0 0 1 0
     72540      72780 1 1 1 1 1 0 0
     72780      73020 0 0 0 0 0 1 0
     72780      73020 0 0 0 0 0 1 0
     73740      73980 1 1 1 1 1 0 0
     73980      74220 0 0 0 0 0 1 0
     74160      74340 0 0 0 0 0 1 0
     74340      74580 1 1 1 1 1 0 0
     74340      74580 0 0 0 1 0 0 0
     74580      74820 0 0 0 0 0 1 0
     74580      74820 0 0 0 0 0 1 0
     75540      75780 1 1 1 1 1 0 0
     75780      76020 0 0 0 0 0 1 0
     75960      76200 0 0 0 0 0 1 0
     76140      76380 1 1 1 1 1 0 0
     76380      76620 0 0 0 0 0 1 0
     76380      76620 0 0 0 0 0 1 0
     77280      77520 0 0 0 0 0 1 0
     77280      77520 0 0 0 0 0 1 0
     77340      77580 1 1 1 1 1 0 0
     77340      77580 1 1 0 1 0 0 0
     77940      78180 1 1 1 1 1 0 0
     79080      79320 0 0 0 0 0 1 0
     79080      79320 0 0 0 0 0 1 0
     79140      79380 1 1 1 1 1 0 0
     79140      79380 0 0 0 0 1 0 0
     79740      79980 1 1 1 1 1 0 0
     80880      81120 0 0 0 0 0 1 0
     80880      81120 0 0 0 0 0 1 0
     81540      81780 1 1 1 1 1 0 0
     82680      82920 0 0 0 0 0 1 0
     82680      82920 0 0 0 0 0 1 0
     83340      83580 1 1 1 1 1 0 0
     84480      84720 0 0 0 0 0 1 0
     84480      84720 0 0 0 0 0 1 0
     85140      85380 1 1 1 1 1 0 0
     86280        120 0 0 0 0 0 1 0
     86280        120 0 0 0 0 0 1 0
183
