      3180       3840 0 0 0 1 0 0 0
      3300       4080 1 1 1 1 0 0 0
      3960       4560 0 0 0 0 0 0 0
      3960       4500 0 0 0 0 0 1 0
     35340      35940 1 1 1 1 1 0 0
     37200      37740 1 1 1 1 1 0 0
     39000      39540 1 1 1 1 1 0 0
     42600      43260 1 0 0 0 0 0 0
     42600      43140 1 1 1 1 1 0 0
     42660      43200 0 0 0 1 0 0 0
     42780      43320 0 0 0 0 1 0 0
     46200      46740 1 0 0 0 0 0 0
     46200      46740 0 1 0 0 0 0 0
     46200      46740 0 0 0 0 1 0 0
     46200      46740 1 1 1 1 1 0 0
     49800      50340 0 0 0 1 0 0 0
     49800      50340 1 1 1 1 1 0 0
     49800      50340 0 1 0 0 0 0 0
     53400      53940 1 1 1 1 1 0 0
     53400      53940 0 1 0 0 0 0 0
     57060      57660 1 1 1 1 1 0 0
     57060      57660 0 1 0 0 0 0 0
     60660      61260 1 1 1 1 1 0 0
     60660      61260 0 1 0 0 0 0 0
     67860      68460 0 1 0 0 0 0 0
     67860      68460 1 1 1 1 1 0 0
     71400      72000 0 0 1 0 0 0 0
     71400      71940 1 1 1 1 1 0 0
     75000      75540 1 1 1 1 1 0 0
     75000      75600 0 0 1 0 0 0 0
     78600      79140 1 1 1 1 1 0 0
     82200      82740 1 1 0 1 0 0 0
     82200      82860 1 1 1 1 0 0 0
     82200      82740 0 0 1 0 0 0 0
     82200      82740 1 1 1 1 1 0 0
     85800      86340 1 1 0 1 0 0 0
     85800      86340 1 1 1 1 1 0 0
37
