      3180       3900 1 1 0 1 0 0 0
      3180       3900 1 1 1 1 1 0 0
      3900       4500 0 0 0 0 0 1 0
     23220      23880 0 0 0 0 0 1 0
     24900      25560 0 0 0 0 0 1 0
     29040      29820 0 0 0 0 0 1 0
     32640      33420 0 0 0 0 0 1 0
     36300      37020 0 0 0 0 0 1 0
     38040      38820 0 0 0 0 0 1 0
     39840      40620 0 0 0 0 0 1 0
     43440      44220 0 0 0 0 0 1 0
     47040      47820 0 0 0 0 0 1 0
     50640      51420 0 0 0 0 0 1 0
     54240      55020 0 0 0 0 0 1 0
     57900      58620 0 0 0 0 0 1 0
     61440      62220 0 0 0 0 0 1 0
     65040      65820 0 0 0 0 0 1 0
     68640      69420 0 0 0 0 0 1 0
     72240      73020 0 0 0 0 0 1 0
     75000      75540 0 0 0 1 0 0 0
     76920      77760 0 0 0 0 0 1 0
     80520      81360 0 0 0 0 0 1 0
     84120      84960 0 0 0 0 0 1 0
23
