       540        780 1 1 0 1 0 0 0
      2340       2580 1 1 0 1 0 0 0
     22140      22440 1 1 1 1 1 0 0
     34980      35220 1 1 1 1 1 0 0
     39540      39780 0 0 0 1 0 0 0
     40140      40380 0 0 0 1 0 0 0
     41340      41580 0 0 0 1 0 0 0
     41940      42180 0 0 0 1 0 0 0
     43140      43380 0 0 0 1 0 0 0
     43740      43980 0 0 0 1 0 0 0
     44940      45180 0 0 0 1 0 0 0
     45540      45780 0 0 0 1 0 0 0
     46740      46980 0 0 0 1 0 0 0
     47340      47580 0 0 0 1 0 0 0
     48540      48780 0 0 0 1 0 0 0
     79140      79380 1 1 0 1 0 0 0
     79740      79980 1 1 0 1 0 0 0
     81540      81780 1 1 0 1 0 0 0
     83340      83580 1 1 0 1 0 0 0
     85140      85380 1 1 0 1 0 0 0
20
