      1080       1200 0 0 0 0 0 1 0
      1080       1200 0 0 0 0 0 1 0
      1440       1560 1 1 1 1 1 0 0
      1560       1620 1 1 1 1 0 0 0
      1980       2100 0 0 0 0 0 1 0
      1980       2100 0 0 0 0 0 1 0
      3240       3360 1 1 1 1 0 0 0
      3240       3360 1 1 1 1 1 0 0
      3780       3900 0 0 0 0 0 1 0
      3780       3900 0 0 0 0 0 1 0
      4440       4560 1 1 1 1 1 0 0
      4680       4800 0 0 0 0 0 1 0
      4680       4800 0 0 0 0 0 1 0
      5040       5160 0 0 1 0 1 0 0
      5040       5160 1 1 1 1 0 0 0
      5100       5220 0 0 0 1 0 0 0
      5580       5700 0 0 0 0 0 1 0
      5580       5700 0 0 0 0 0 1 0
      6300       6420 0 0 1 0 1 0 0
      6480       6600 0 0 0 0 0 1 0
      6480       6600 0 0 0 0 0 1 0
      7500       7620 0 0 1 0 1 0 0
     19440      19560 1 1 1 1 1 0 0
     21180      21300 0 0 0 0 0 1 0
     21240      21360 1 1 1 1 1 0 0
     21360      21480 0 0 0 0 0 1 0
     22980      23100 0 0 0 0 0 1 0
     23040      23160 1 1 1 1 1 0 0
     23160      23280 0 0 0 0 0 1 0
     24780      24900 0 0 0 0 0 1 0
     24840      24960 1 1 1 1 1 0 0
     24960      25080 0 0 0 0 0 1 0
     26580      26700 0 0 0 0 0 1 0
     26640      26760 1 1 1 1 1 0 0
     26760      26880 0 0 0 0 0 1 0
     28380      28500 0 0 0 0 0 1 0
     28560      28680 0 0 0 0 0 1 0
     30180      30300 0 0 0 0 0 1 0
     30360      30480 0 0 0 0 0 1 0
     31980      32100 0 0 0 0 0 1 0
     32160      32280 0 0 0 0 0 1 0
     34080      34200 0 0 0 0 0 1 0
     34140      34260 0 0 0 0 0 1 0
     35580      35700 1 1 1 1 1 0 0
     35880      36000 0 0 0 0 0 1 0
     36060      36180 0 0 0 0 0 1 0
     37680      37800 0 0 0 0 0 1 0
     37740      37860 0 0 0 0 0 1 0
     39240      39360 1 1 1 1 1 0 0
     39480      39600 0 0 0 0 0 1 0
     39540      39660 0 0 0 0 0 1 0
     39540      39660 0 0 0 0 0 0 0
     41040      41160 1 1 1 1 1 0 0
     41280      41400 0 0 0 0 0 1 0
     41340      41460 0 0 0 0 0 1 0
     42840      42960 1 1 1 1 1 0 0
     42840      42960 1 0 0 0 0 0 0
     43080      43200 0 0 0 0 0 1 0
     43140      43260 0 0 0 0 0 1 0
     44640      44760 1 1 1 1 1 0 0
     44640      44760 1 0 0 0 0 0 0
     44880      45000 0 0 0 0 0 1 0
     45000      45120 0 0 0 0 0 1 0
     46440      46560 1 0 0 0 0 0 0
     46440      46560 1 1 1 1 1 0 0
     46680      46800 0 0 0 0 0 1 0
     46740      46860 0 0 0 0 0 1 0
     48240      48360 1 1 1 1 1 0 0
     48480      48600 0 0 0 0 0 1 0
     48540      48660 0 0 0 0 0 1 0
     50040      50160 1 1 1 1 1 0 0
     50280      50400 0 0 0 0 0 1 0
     50340      50460 0 0 0 0 0 1 0
     51840      51960 1 1 1 1 1 0 0
     52080      52200 0 0 0 0 0 1 0
     52140      52260 0 0 0 0 0 1 0
     53640      53760 1 1 1 1 1 0 0
     53880      54000 0 0 0 0 0 1 0
     53940      54060 0 0 0 0 0 1 0
     55440      55560 1 1 1 1 1 0 0
     55680      55800 0 0 0 0 0 1 0
     55740      55860 0 0 0 0 0 1 0
     57240      57360 1 1 1 1 1 0 0
     57480      57600 0 0 0 0 0 1 0
     57540      57660 0 0 0 0 0 1 0
     59280      59400 0 0 0 0 0 1 0
     59400      59460 0 0 0 0 0 1 0
     61080      61200 0 0 0 0 0 1 0
     61140      61260 0 0 0 0 0 1 0
     62880      63000 0 0 0 0 0 1 0
     63060      63180 0 0 0 0 0 1 0
     64680      64800 0 0 0 0 0 1 0
     64860      64980 0 0 0 0 0 1 0
     66480      66600 0 0 0 0 0 1 0
     66540      66660 0 0 0 0 0 1 0
     68280      68400 0 0 0 0 0 1 0
     68400      68520 0 0 0 0 0 1 0
     70080      70200 0 0 0 0 0 1 0
     70200      70320 0 0 0 0 0 1 0
     71880      72000 0 0 0 0 0 1 0
     72000      72120 0 0 0 0 0 1 0
     73440      73560 1 1 1 1 1 0 0
     73680      73800 0 0 0 0 0 1 0
     73800      73920 0 0 0 0 0 1 0
     75240      75360 1 1 1 1 1 0 0
     75480      75600 0 0 0 0 0 1 0
     75600      75720 0 0 0 0 0 1 0
     76980      77100 0 0 0 0 0 1 0
     77040      77160 1 1 1 1 1 0 0
     77160      77280 0 0 0 0 0 1 0
     78480      78600 0 0 0 0 0 1 0
     78480      78600 0 0 0 0 0 1 0
     78840      78960 1 1 1 1 1 0 0
     80280      80400 0 0 0 0 0 1 0
     80280      80400 0 0 0 0 0 1 0
     80640      80760 1 1 1 1 1 0 0
     82080      82200 0 0 0 0 0 1 0
     82080      82200 0 0 0 0 0 1 0
     82440      82560 1 1 1 1 1 0 0
     83880      84000 0 0 0 0 0 1 0
     83880      84000 0 0 0 0 0 1 0
     84240      84360 1 1 1 1 1 0 0
     85680      85800 0 0 0 0 0 1 0
     85680      85800 0 0 0 0 0 1 0
     86040      86160 1 1 1 1 1 0 0
125
