       120        240 0 0 0 0 0 1 0
       120        240 0 0 0 0 0 1 0
       780        900 1 1 1 1 1 0 0
      1200       1320 0 0 0 0 0 1 0
      1200       1320 0 0 0 0 0 1 0
      1560       1680 1 1 1 1 1 0 0
      1620       1740 1 1 1 1 0 0 0
      2100       2220 0 0 0 0 0 1 0
      2100       2220 0 0 0 0 0 1 0
      2580       2700 1 1 1 1 1 0 0
      2580       2700 0 0 0 1 0 0 0
      3360       3480 1 1 1 1 1 0 0
      3360       3480 1 1 1 1 0 0 0
      3900       4020 0 0 0 0 0 1 0
      3900       4020 0 0 0 0 0 1 0
      4560       4680 1 1 1 1 1 0 0
      4800       4920 0 0 0 0 0 1 0
      4800       4920 0 0 0 0 0 1 0
      5160       5280 1 1 1 1 0 0 0
      5160       5280 0 0 1 0 1 0 0
      5220       5340 0 0 0 1 0 0 0
      5700       5820 0 0 0 0 0 1 0
      5700       5820 0 0 0 0 0 1 0
      6420       6540 0 0 1 0 1 0 0
      6600       6720 0 0 0 0 0 1 0
      6600       6720 0 0 0 0 0 1 0
      7620       7740 0 0 1 0 1 0 0
     19560      19680 1 1 1 1 1 0 0
     19980      20100 1 1 1 1 1 0 0
     20220      20340 0 0 0 0 0 1 0
     20280      20400 0 0 0 0 0 1 0
     20580      20700 1 1 1 1 1 0 0
     21300      21420 0 0 0 0 0 1 0
     21360      21480 1 1 1 1 1 0 0
     21480      21600 0 0 0 0 0 1 0
     21780      21900 1 1 1 1 1 0 0
     22020      22140 0 0 0 0 0 1 0
     22080      22200 0 0 0 0 0 1 0
     23100      23220 0 0 0 0 0 1 0
     23160      23280 1 1 1 1 1 0 0
     23280      23400 0 0 0 0 0 1 0
     23580      23700 1 1 1 1 1 0 0
     23820      23940 0 0 0 0 0 1 0
     23880      24000 0 0 0 0 0 1 0
     24180      24300 1 1 1 1 1 0 0
     24900      25020 0 0 0 0 0 1 0
     24960      25080 1 1 1 1 1 0 0
     25080      25200 0 0 0 0 0 1 0
     25380      25500 1 1 1 1 1 0 0
     25620      25740 0 0 0 0 0 1 0
     25680      25800 0 0 0 0 0 1 0
     26700      26820 0 0 0 0 0 1 0
     26760      26880 1 1 1 1 1 0 0
     26880      27000 0 0 0 0 0 1 0
     27420      27540 0 0 0 0 0 1 0
     27540      27660 0 0 0 0 0 1 0
     28500      28620 0 0 0 0 0 1 0
     28680      28800 0 0 0 0 0 1 0
     29220      29340 0 0 0 0 0 1 0
     29400      29520 0 0 0 0 0 1 0
     30300      30420 0 0 0 0 0 1 0
     30480      30600 0 0 0 0 0 1 0
     31020      31140 0 0 0 0 0 1 0
     31200      31320 0 0 0 0 0 1 0
     32100      32220 0 0 0 0 0 1 0
     32280      32400 0 0 0 0 0 1 0
     32820      32940 0 0 0 0 0 1 0
     33000      33120 0 0 0 0 0 1 0
     33420      33540 0 0 0 0 0 1 0
     33420      33540 0 0 0 0 0 1 0
     34200      34320 0 0 0 0 0 1 0
     34260      34320 0 0 0 0 0 1 0
     34620      34740 0 0 0 0 0 1 0
     34800      34920 0 0 0 0 0 1 0
     35220      35340 0 0 0 0 0 1 0
     35220      35340 0 0 0 0 0 1 0
     35700      35820 1 1 1 1 1 0 0
     36000      36120 0 0 0 0 0 1 0
     36180      36300 0 0 0 0 0 1 0
     36420      36540 0 0 0 0 0 1 0
     36600      36720 0 0 0 0 0 1 0
     37020      37140 0 0 0 0 0 1 0
     37020      37140 0 0 0 0 0 1 0
     37800      37920 0 0 0 0 0 1 0
     37860      37920 0 0 0 0 0 1 0
     37980      38100 1 1 1 1 1 0 0
     38220      38340 0 0 0 0 0 1 0
     38400      38520 0 0 0 0 0 1 0
     38580      38700 1 1 1 1 1 0 0
     38820      38940 0 0 0 0 0 1 0
     38820      38940 0 0 0 0 0 1 0
     39360      39480 1 1 1 1 1 0 0
     39600      39720 0 0 0 0 0 1 0
     39660      39720 0 0 0 0 0 1 0
     39660      39720 0 0 0 0 0 0 0
     39780      39900 1 1 1 1 1 0 0
     40020      40140 0 0 0 0 0 1 0
     40200      40320 0 0 0 0 0 1 0
     40380      40500 0 0 0 0 1 0 0
     40380      40500 1 1 1 1 1 0 0
     40620      40740 0 0 0 0 0 1 0
     40620      40740 0 0 0 0 0 1 0
     41160      41280 1 1 1 1 1 0 0
     41400      41520 0 0 0 0 0 1 0
     41460      41520 0 0 0 0 0 1 0
     41580      41700 1 0 0 0 0 0 0
     41580      41700 1 1 1 1 1 0 0
     41820      41940 0 0 0 0 0 1 0
     41940      42060 0 0 0 0 0 1 0
     42180      42300 1 1 1 1 1 0 0
     42300      42420 1 0 0 0 0 0 0
     42300      42420 1 0 0 0 0 0 0
     42420      42540 0 0 0 0 0 1 0
     42420      42540 0 0 0 0 0 1 0
     42960      43080 1 0 0 0 0 0 0
     42960      43080 1 1 1 1 1 0 0
     43200      43320 0 0 0 0 0 1 0
     43260      43320 0 0 0 0 0 1 0
     43380      43500 1 1 1 1 1 0 0
     43380      43500 1 0 0 0 0 0 0
     43620      43740 0 0 0 0 0 1 0
     43800      43920 0 0 0 0 0 1 0
     43980      44100 1 0 0 0 0 0 0
     43980      44100 1 1 1 1 1 0 0
     44220      44340 0 0 0 0 0 1 0
     44220      44340 0 0 0 0 0 1 0
     44760      44880 1 1 1 1 1 0 0
     44760      44880 1 0 0 0 0 0 0
     45000      45120 0 0 0 0 0 1 0
     45120      45240 0 0 0 0 0 1 0
     45180      45300 1 1 1 1 1 0 0
     45180      45300 1 0 0 0 0 0 0
     45420      45540 0 0 0 0 0 1 0
     45540      45660 0 0 0 0 0 1 0
     45780      45900 1 1 1 1 1 0 0
     45840      45960 1 0 0 0 0 0 0
     45840      45960 1 0 0 0 0 0 0
     46020      46140 0 0 0 0 0 1 0
     46020      46140 0 0 0 0 0 1 0
     46560      46680 1 0 0 0 0 0 0
     46560      46680 1 1 1 1 1 0 0
     46800      46920 0 0 0 0 0 1 0
     46860      46920 0 0 0 0 0 1 0
     46980      47100 1 1 1 1 1 0 0
     46980      47100 1 0 0 0 0 0 0
     47220      47340 0 0 0 0 0 1 0
     47400      47520 0 0 0 0 0 1 0
     47580      47700 1 1 1 1 1 0 0
     47820      47940 0 0 0 0 0 1 0
     47820      47940 0 0 0 0 0 1 0
     48360      48480 1 1 1 1 1 0 0
     48600      48720 0 0 0 0 0 1 0
     48660      48720 0 0 0 0 0 1 0
     48780      48900 1 1 1 1 1 0 0
     49020      49140 0 0 0 0 0 1 0
     49140      49260 0 0 0 0 0 1 0
     49380      49500 1 1 1 1 1 0 0
     49620      49740 0 0 0 0 0 1 0
     49620      49740 0 0 0 0 0 1 0
     50160      50280 1 1 1 1 1 0 0
     50400      50520 0 0 0 0 0 1 0
     50460      50520 0 0 0 0 0 1 0
     50580      50700 1 1 1 1 1 0 0
     50820      50940 0 0 0 0 0 1 0
     51000      51120 0 0 0 0 0 1 0
     51180      51300 1 1 1 1 1 0 0
     51420      51540 0 0 0 0 0 1 0
     51420      51540 0 0 0 0 0 1 0
     51960      52080 1 1 1 1 1 0 0
     52200      52320 0 0 0 0 0 1 0
     52260      52320 0 0 0 0 0 1 0
     52380      52500 1 1 1 1 1 0 0
     52620      52740 0 0 0 0 0 1 0
     52740      52860 0 0 0 0 0 1 0
     52980      53100 1 1 1 1 1 0 0
     53220      53340 0 0 0 0 0 1 0
     53220      53340 0 0 0 0 0 1 0
     53760      53880 1 1 1 1 1 0 0
     54000      54120 0 0 0 0 0 1 0
     54060      54120 0 0 0 0 0 1 0
     54180      54300 1 1 1 1 1 0 0
     54420      54540 0 0 0 0 0 1 0
     54600      54720 0 0 0 0 0 1 0
     54780      54900 1 1 1 1 1 0 0
     55020      55140 0 0 0 0 0 1 0
     55020      55140 0 0 0 0 0 1 0
     55560      55680 1 1 1 1 1 0 0
     55800      55920 0 0 0 0 0 1 0
     55860      55920 0 0 0 0 0 1 0
     55980      56100 1 1 1 1 1 0 0
     56220      56340 0 0 0 0 0 1 0
     56340      56460 0 0 0 0 0 1 0
     56580      56700 1 1 1 1 1 0 0
     56820      56940 0 0 0 0 0 1 0
     56820      56940 0 0 0 0 0 1 0
     57360      57480 1 1 1 1 1 0 0
     57600      57720 0 0 0 0 0 1 0
     57660      57720 0 0 0 0 0 1 0
     57780      57900 1 1 1 1 1 0 0
     58020      58140 0 0 0 0 0 1 0
     58200      58320 0 0 0 0 0 1 0
     58620      58740 0 0 0 0 0 1 0
     58620      58740 0 0 0 0 0 1 0
     59400      59520 0 0 0 0 0 1 0
     59460      59580 0 0 0 0 0 1 0
     59820      59940 0 0 0 0 0 1 0
     59940      60060 0 0 0 0 0 1 0
     60420      60540 0 0 0 0 0 1 0
     60420      60540 0 0 0 0 0 1 0
     61200      61320 0 0 0 0 0 1 0
     61260      61320 0 0 0 0 0 1 0
     61620      61740 0 0 0 0 0 1 0
     61800      61920 0 0 0 0 0 1 0
     62220      62340 0 0 0 0 0 1 0
     62220      62340 0 0 0 0 0 1 0
     63000      63120 0 0 0 0 0 1 0
     63180      63300 0 0 0 0 0 1 0
     63420      63540 0 0 0 0 0 1 0
     63540      63660 0 0 0 0 0 1 0
     64020      64140 0 0 0 0 0 1 0
     64020      64140 0 0 0 0 0 1 0
     64800      64920 0 0 0 0 0 1 0
     64980      65100 0 0 0 0 0 1 0
     65220      65340 0 0 0 0 0 1 0
     65400      65520 0 0 0 0 0 1 0
     65820      65940 0 0 0 0 0 1 0
     65820      65940 0 0 0 0 0 1 0
     66600      66720 0 0 0 0 0 1 0
     66660      66720 0 0 0 0 0 1 0
     67020      67140 0 0 0 0 0 1 0
     67140      67260 0 0 0 0 0 1 0
     67620      67740 0 0 0 0 0 1 0
     67620      67740 0 0 0 0 0 1 0
     68400      68520 0 0 0 0 0 1 0
     68520      68580 0 0 0 0 0 1 0
     68820      68940 0 0 0 0 0 1 0
     69000      69120 0 0 0 0 0 1 0
     69420      69540 0 0 0 0 0 1 0
     69420      69540 0 0 0 0 0 1 0
     70200      70320 0 0 0 0 0 1 0
     70320      70380 0 0 0 0 0 1 0
     70620      70740 0 0 0 0 0 1 0
     70740      70860 0 0 0 0 0 1 0
     71220      71340 0 0 0 0 0 1 0
     71220      71340 0 0 0 0 0 1 0
     72000      72120 0 0 0 0 0 1 0
     72120      72180 0 0 0 0 0 1 0
     72420      72540 0 0 0 0 0 1 0
     72600      72720 0 0 0 0 0 1 0
     72780      72900 1 1 1 1 1 0 0
     73020      73140 0 0 0 0 0 1 0
     73020      73140 0 0 0 0 0 1 0
     73560      73680 1 1 1 1 1 0 0
     73800      73920 0 0 0 0 0 1 0
     73920      73980 0 0 0 0 0 1 0
     73980      74100 1 1 1 1 1 0 0
     74220      74340 0 0 0 0 0 1 0
     74340      74460 0 0 0 0 0 1 0
     74580      74700 1 1 1 1 1 0 0
     74640      74700 0 0 0 1 0 0 0
     74820      74940 0 0 0 0 0 1 0
     74820      74940 0 0 0 0 0 1 0
     75360      75480 1 1 1 1 1 0 0
     75600      75720 0 0 0 0 0 1 0
     75720      75780 0 0 0 0 0 1 0
     75780      75900 1 1 1 1 1 0 0
     76020      76140 0 0 0 0 0 1 0
     76200      76320 0 0 0 0 0 1 0
     76380      76500 1 1 1 1 1 0 0
     76620      76740 0 0 0 0 0 1 0
     76620      76740 0 0 0 0 0 1 0
     77100      77220 0 0 0 0 0 1 0
     77160      77280 1 1 1 1 1 0 0
     77280      77340 0 0 0 0 0 1 0
     77520      77640 0 0 0 0 0 1 0
     77520      77640 0 0 0 0 0 1 0
     77580      77700 1 1 1 1 1 0 0
     77580      77700 1 1 0 1 0 0 0
     78180      78300 1 1 1 1 1 0 0
     78600      78720 0 0 0 0 0 1 0
     78600      78720 0 0 0 0 0 1 0
     78960      79080 1 1 1 1 1 0 0
     79320      79440 0 0 0 0 0 1 0
     79320      79440 0 0 0 0 0 1 0
     79380      79500 1 1 1 1 1 0 0
     79380      79500 0 0 0 0 1 0 0
     79980      80100 1 1 1 1 1 0 0
     80400      80520 0 0 0 0 0 1 0
     80400      80520 0 0 0 0 0 1 0
     80760      80880 1 1 1 1 1 0 0
     81120      81240 0 0 0 0 0 1 0
     81120      81240 0 0 0 0 0 1 0
     81780      81900 1 1 1 1 1 0 0
     82200      82320 0 0 0 0 0 1 0
     82200      82320 0 0 0 0 0 1 0
     82560      82680 1 1 1 1 1 0 0
     82920      83040 0 0 0 0 0 1 0
     82920      83040 0 0 0 0 0 1 0
     83580      83700 1 1 1 1 1 0 0
     84000      84120 0 0 0 0 0 1 0
     84000      84120 0 0 0 0 0 1 0
     84360      84480 1 1 1 1 1 0 0
     84720      84840 0 0 0 0 0 1 0
     84720      84840 0 0 0 0 0 1 0
     85380      85500 1 1 1 1 1 0 0
     85800      85920 0 0 0 0 0 1 0
     85800      85920 0 0 0 0 0 1 0
     86160      86280 1 1 1 1 1 0 0
308
