        60        180 1 1 0 1 0 0 0
       900       1020 1 1 0 1 0 0 0
     22500      22620 1 1 1 1 1 0 0
     23460      23580 1 1 1 1 1 0 0
     24060      24180 1 1 1 1 1 0 0
     24660      24780 1 1 1 1 1 0 0
     25260      25380 1 1 1 1 1 0 0
     25860      25980 1 1 1 1 1 0 0
     26460      26580 1 1 1 1 1 0 0
     27060      27180 1 1 1 1 1 0 0
     27660      27780 1 1 1 1 1 0 0
     28260      28380 1 1 1 1 1 0 0
     28860      28980 1 1 1 1 1 0 0
     29460      29580 1 1 1 1 1 0 0
     30060      30180 1 1 1 1 1 0 0
     30660      30780 1 1 1 1 1 0 0
     31260      31380 1 1 1 1 1 0 0
     31860      31980 1 1 1 1 1 0 0
     32460      32580 1 1 1 1 1 0 0
     33060      33180 1 1 1 1 1 0 0
     33660      33780 1 1 1 1 1 0 0
     34260      34380 1 1 1 1 1 0 0
     34860      34980 1 1 1 1 1 0 0
     37860      37980 1 1 1 1 1 0 0
     39660      39780 0 0 0 1 0 0 0
     41460      41580 0 0 0 1 0 0 0
     43260      43440 0 0 0 1 0 0 0
     45060      45180 0 0 0 1 0 0 0
     46860      46980 0 0 0 1 0 0 0
     48660      48780 0 0 0 1 0 0 0
     50460      50580 1 1 1 1 1 0 0
     53160      53280 0 0 0 0 0 1 0
     53160      53280 0 0 0 0 0 1 0
     54720      54840 1 1 1 1 1 0 0
     55320      55440 1 1 1 1 1 0 0
     55920      56040 1 1 1 1 1 0 0
     56520      56640 1 1 1 1 1 0 0
     57120      57240 1 1 1 1 1 0 0
     57720      57840 1 1 1 1 1 0 0
     58320      58440 1 1 1 1 1 0 0
     58920      59040 1 1 1 1 1 0 0
     59520      59640 1 1 1 1 1 0 0
     60120      60240 1 1 1 1 1 0 0
     60720      60840 1 1 1 1 1 0 0
     61320      61440 1 1 1 1 1 0 0
     61920      62040 1 1 1 1 1 0 0
     62520      62640 1 1 1 1 1 0 0
     63120      63240 1 1 1 1 1 0 0
     63720      63840 0 0 1 0 0 0 0
     63720      63840 1 1 1 1 1 0 0
     64320      64440 1 1 1 1 1 0 0
     64920      65040 1 1 1 1 1 0 0
     65520      65640 1 1 1 1 1 0 0
     66120      66240 1 1 1 1 1 0 0
     66720      66840 1 1 1 1 1 0 0
     67320      67440 1 1 1 1 1 0 0
     67920      68040 1 1 1 1 1 0 0
     68520      68640 1 1 1 1 1 0 0
     69120      69240 1 1 1 1 1 0 0
     70260      70380 1 1 1 1 1 0 0
     79260      79380 1 1 0 1 0 0 0
     81060      81180 1 1 1 1 1 0 0
     82860      82980 1 1 0 1 0 0 0
     84660      84780 1 1 0 1 0 0 0
64
