       780        900 1 1 0 1 0 0 0
      1560       1680 1 1 0 1 0 0 0
      2580       2700 1 1 0 1 0 0 0
      3360       3480 1 1 0 1 0 0 0
      4560       4680 1 1 0 1 0 0 0
      5160       5280 1 1 0 1 0 0 0
     22440      22560 1 1 1 1 1 0 0
     26100      26220 1 1 1 1 1 0 0
     27300      27420 1 1 1 1 1 0 0
     27900      28020 1 1 1 1 1 0 0
     28500      28620 1 1 1 1 1 0 0
     29100      29220 1 1 1 1 1 0 0
     29700      29820 1 1 1 1 1 0 0
     30300      30420 1 1 1 1 1 0 0
     30900      31020 1 1 1 1 1 0 0
     31500      31620 1 1 1 1 1 0 0
     32100      32220 1 1 1 1 1 0 0
     32700      32820 1 1 1 1 1 0 0
     33300      33420 1 1 1 1 1 0 0
     33900      34020 1 1 1 1 1 0 0
     34260      34380 1 1 1 1 1 0 0
     34860      34980 1 1 1 1 1 0 0
     35220      35340 1 1 1 1 1 0 0
     36300      36420 1 1 1 1 1 0 0
     36900      37020 1 1 1 1 1 0 0
     37500      37620 1 1 1 1 1 0 0
     39360      39480 0 0 0 1 0 0 0
     39780      39900 0 0 0 1 0 0 0
     40380      40500 0 0 0 1 0 0 0
     41160      41280 0 0 0 1 0 0 0
     41580      41700 0 0 0 1 0 0 0
     42180      42300 0 0 0 1 0 0 0
     42960      43080 0 0 0 1 0 0 0
     43380      43500 0 0 0 1 0 0 0
     43980      44100 0 0 0 1 0 0 0
     44760      44880 0 0 0 1 0 0 0
     45180      45300 0 0 0 1 0 0 0
     45780      45900 0 0 0 1 0 0 0
     46560      46680 0 0 0 1 0 0 0
     46980      47100 0 0 0 1 0 0 0
     47580      47700 0 0 0 1 0 0 0
     48360      48480 0 0 0 1 0 0 0
     48780      48900 0 0 0 1 0 0 0
     58200      58320 1 1 1 1 1 0 0
     58800      58920 1 1 1 1 1 0 0
     59400      59520 1 1 1 1 1 0 0
     60000      60120 1 1 1 1 1 0 0
     60600      60720 1 1 1 1 1 0 0
     61200      61320 1 1 1 1 1 0 0
     61800      61920 1 1 1 1 1 0 0
     62400      62520 1 1 1 1 1 0 0
     63000      63120 1 1 1 1 1 0 0
     63600      63720 1 1 1 1 1 0 0
     64200      64320 1 1 1 1 1 0 0
     64800      64920 1 1 1 1 1 0 0
     65400      65520 1 1 1 1 1 0 0
     66000      66120 1 1 1 1 1 0 0
     66600      66720 1 1 1 1 1 0 0
     67200      67320 1 1 1 1 1 0 0
     67800      67920 1 1 1 1 1 0 0
     68400      68520 1 1 1 1 1 0 0
     69000      69120 1 1 1 1 1 0 0
     69600      69720 1 1 1 1 1 0 0
     70200      70320 1 1 1 1 1 0 0
     70800      70920 1 1 1 1 1 0 0
     71400      71520 1 1 1 1 1 0 0
     72000      72120 1 1 1 1 1 0 0
     72720      72840 1 1 1 1 1 0 0
     78960      79080 1 1 0 1 0 0 0
     79380      79500 1 1 0 1 0 0 0
     79980      80100 1 1 0 1 0 0 0
     80760      80880 1 1 0 1 0 0 0
     81780      81900 1 1 0 1 0 0 0
     82560      82680 1 1 0 1 0 0 0
     83580      83700 1 1 0 1 0 0 0
     84360      84480 1 1 0 1 0 0 0
     85380      85500 1 1 0 1 0 0 0
     86160      86280 1 1 0 1 0 0 0
78
