      1440       1560 1 1 0 1 0 0 0
      3240       3360 1 1 0 1 0 0 0
      4500       4560 1 1 0 1 0 0 0
      5040       5160 1 1 0 1 0 0 0
     25980      26100 1 1 1 1 1 0 0
     27180      27300 1 1 1 1 1 0 0
     27780      27900 1 1 1 1 1 0 0
     28380      28500 1 1 1 1 1 0 0
     28980      29100 1 1 1 1 1 0 0
     29580      29700 1 1 1 1 1 0 0
     30180      30300 1 1 1 1 1 0 0
     30780      30900 1 1 1 1 1 0 0
     31380      31500 1 1 1 1 1 0 0
     31980      32100 1 1 1 1 1 0 0
     32580      32700 1 1 1 1 1 0 0
     33180      33300 1 1 1 1 1 0 0
     33780      33900 1 1 1 1 1 0 0
     34140      34260 1 1 1 1 1 0 0
     34740      34860 1 1 1 1 1 0 0
     36180      36300 1 1 1 1 1 0 0
     36780      36900 1 1 1 1 1 0 0
     37380      37500 1 1 1 1 1 0 0
     39240      39360 0 0 0 1 0 0 0
     41040      41160 0 0 0 1 0 0 0
     42840      42960 0 0 0 1 0 0 0
     44640      44760 0 0 0 1 0 0 0
     46440      46560 0 0 0 1 0 0 0
     48240      48360 0 0 0 1 0 0 0
     58080      58200 1 1 1 1 1 0 0
     58680      58800 1 1 1 1 1 0 0
     59280      59400 1 1 1 1 1 0 0
     59880      60000 1 1 1 1 1 0 0
     60480      60600 1 1 1 1 1 0 0
     61080      61200 1 1 1 1 1 0 0
     61680      61800 1 1 1 1 1 0 0
     62280      62400 1 1 1 1 1 0 0
     62880      63000 1 1 1 1 1 0 0
     63480      63600 1 1 1 1 1 0 0
     64080      64200 1 1 1 1 1 0 0
     64680      64800 1 1 1 1 1 0 0
     65280      65400 1 1 1 1 1 0 0
     65880      66000 1 1 1 1 1 0 0
     66480      66600 1 1 1 1 1 0 0
     67080      67200 1 1 1 1 1 0 0
     67680      67800 1 1 1 1 1 0 0
     68280      68400 1 1 1 1 1 0 0
     68880      69000 1 1 1 1 1 0 0
     69480      69600 1 1 1 1 1 0 0
     70080      70200 1 1 1 1 1 0 0
     70680      70800 1 1 1 1 1 0 0
     71280      71400 1 1 1 1 1 0 0
     71880      72000 1 1 1 1 1 0 0
     72600      72720 1 1 1 1 1 0 0
     78840      78960 1 1 0 1 0 0 0
     80640      80760 1 1 0 1 0 0 0
     82440      82560 1 1 0 1 0 0 0
     84240      84360 1 1 0 1 0 0 0
     86040      86160 1 1 0 1 0 0 0
58
