       480        600 0 0 0 0 0 1 0
       480        600 0 0 0 0 0 1 0
       780        900 1 1 1 1 1 0 0
      1740       1860 0 0 1 0 1 0 0
      1800       1920 0 0 0 0 0 1 0
      1800       1920 0 0 0 0 0 1 0
      2580       2700 0 0 1 0 1 0 0
     16140      16260 1 1 1 1 1 0 0
     16980      17100 0 0 0 0 0 1 0
     16980      17100 0 0 0 0 0 1 0
     17940      18060 1 1 1 1 1 0 0
     18840      18960 0 0 0 0 0 1 0
     18840      18960 0 0 0 0 0 1 0
     19740      19860 1 1 1 1 1 0 0
     20640      20760 0 0 0 0 0 1 0
     20640      20760 0 0 0 0 0 1 0
     21540      21660 1 1 1 1 1 0 0
     22440      22560 0 0 0 0 0 1 0
     22440      22560 0 0 0 0 0 1 0
     24240      24360 0 0 0 0 0 1 0
     24240      24360 0 0 0 0 0 1 0
     26040      26160 0 0 0 0 0 1 0
     26040      26160 0 0 0 0 0 1 0
     27840      27960 0 0 0 0 0 1 0
     27840      27960 0 0 0 0 0 1 0
     29640      29760 0 0 0 0 0 1 0
     29640      29760 0 0 0 0 0 1 0
     31440      31560 0 0 0 0 0 1 0
     31440      31560 0 0 0 0 0 1 0
     33240      33360 0 0 0 0 0 1 0
     33240      33360 0 0 0 0 0 1 0
     35040      35160 0 0 0 0 0 1 0
     35040      35160 0 0 0 0 0 1 0
     35940      36060 1 1 1 1 1 0 0
     36840      36960 0 0 0 0 0 1 0
     36840      36960 0 0 0 0 0 1 0
     38640      38760 0 0 0 0 0 1 0
     38640      38760 0 0 0 0 0 1 0
     39540      39660 1 0 0 0 0 0 0
     39540      39660 1 1 1 1 1 0 0
     40440      40560 0 0 0 0 0 1 0
     40440      40560 0 0 0 0 0 1 0
     41340      41460 1 0 0 0 0 0 0
     41340      41460 1 0 0 0 0 0 0
     41340      41460 1 1 1 1 1 0 0
     42240      42360 0 0 0 0 0 1 0
     42240      42360 0 0 0 0 0 1 0
     43140      43260 1 0 0 0 0 0 0
     43140      43260 1 0 0 0 0 0 0
     43140      43260 1 1 1 1 1 0 0
     44040      44160 0 0 0 0 0 1 0
     44040      44160 0 0 0 0 0 1 0
     44940      45060 1 0 0 0 0 0 0
     44940      45060 1 1 1 1 1 0 0
     44940      45060 1 0 0 0 0 0 0
     45840      45960 0 0 0 0 0 1 0
     45840      45960 0 0 0 0 0 1 0
     46740      46860 1 1 1 1 1 0 0
     47640      47760 0 0 0 0 0 1 0
     47640      47760 0 0 0 0 0 1 0
     48540      48660 1 1 1 1 1 0 0
     49440      49560 0 0 0 0 0 1 0
     49440      49560 0 0 0 0 0 1 0
     51240      51360 0 0 0 0 0 1 0
     51240      51360 0 0 0 0 0 1 0
     52140      52260 1 1 1 1 1 0 0
     53940      54060 1 1 1 1 1 0 0
     54840      54960 0 0 0 0 0 1 0
     54840      54960 0 0 0 0 0 1 0
     56640      56760 0 0 0 0 0 1 0
     56640      56760 0 0 0 0 0 1 0
     58440      58560 0 0 0 0 0 1 0
     58440      58560 0 0 0 0 0 1 0
     60240      60360 0 0 0 0 0 1 0
     60240      60360 0 0 0 0 0 1 0
     62040      62160 0 0 0 0 0 1 0
     62040      62160 0 0 0 0 0 1 0
     63840      63960 0 0 0 0 0 1 0
     63840      63960 0 0 0 0 0 1 0
     65640      65760 0 0 0 0 0 1 0
     65640      65760 0 0 0 0 0 1 0
     67440      67560 0 0 0 0 0 1 0
     67440      67560 0 0 0 0 0 1 0
     69240      69360 0 0 0 0 0 1 0
     69240      69360 0 0 0 0 0 1 0
     71040      71160 0 0 0 0 0 1 0
     71040      71160 0 0 0 0 0 1 0
     71940      72060 1 1 1 1 1 0 0
     72840      72960 0 0 0 0 0 1 0
     72840      72960 0 0 0 0 0 1 0
     73740      73860 1 1 1 1 1 0 0
     74280      74400 0 0 0 0 0 1 0
     74280      74400 0 0 0 0 0 1 0
     75540      75660 1 1 1 1 1 0 0
     76080      76200 0 0 0 0 0 1 0
     76080      76200 0 0 0 0 0 1 0
     77340      77460 1 1 1 1 1 0 0
     77880      78000 0 0 0 0 0 1 0
     77880      78000 0 0 0 0 0 1 0
     79140      79260 1 1 1 1 1 0 0
     79680      79800 0 0 0 0 0 1 0
     79680      79800 0 0 0 0 0 1 0
     80940      81060 0 0 0 1 0 0 0
     80940      81060 1 1 1 1 0 0 0
     81480      81600 0 0 0 0 0 1 0
     81480      81600 0 0 0 0 0 1 0
     82740      82860 1 1 1 1 1 0 0
     83280      83400 0 0 0 0 0 1 0
     83280      83400 0 0 0 0 0 1 0
     84540      84660 1 1 1 1 1 0 0
     84600      84660 0 0 0 1 0 0 0
     85080      85200 0 0 0 0 0 1 0
     85080      85200 0 0 0 0 0 1 0
     86340         60 1 1 1 1 1 0 0
114
