     21180      21420 1 1 1 1 1 0 0
     27060      27300 0 0 0 0 0 1 0
     27060      27300 0 0 0 0 0 1 0
     35580      35820 1 1 1 1 1 0 0
     36360      36600 0 0 0 0 0 1 0
     36360      36600 0 0 0 0 0 1 0
     36780      37020 1 1 1 1 1 0 0
     40380      40620 0 0 0 1 0 0 0
     40980      41220 1 1 1 1 1 0 0
     40980      41220 1 0 0 0 0 0 0
     40980      41220 1 0 0 0 0 0 0
     41160      41400 0 0 0 0 0 1 0
     41160      41400 0 0 0 0 0 1 0
     42180      42420 0 0 0 1 0 0 0
     42780      43020 1 0 0 0 0 0 0
     42780      43020 1 1 1 1 1 0 0
     43980      44220 0 0 0 1 0 0 0
     44580      44820 0 0 0 1 0 0 0
     44760      45000 0 0 0 0 0 1 0
     44760      45000 0 0 0 0 0 1 0
     45780      46020 0 0 0 1 0 0 0
     46380      46620 0 0 0 1 0 0 0
     47580      47820 0 0 0 1 0 0 0
     48180      48420 0 0 0 1 0 0 0
     48360      48600 0 0 0 0 0 1 0
     48360      48600 0 0 0 0 0 1 0
     49980      50220 1 1 1 1 1 0 0
     51180      51420 1 1 1 1 1 0 0
     51960      52200 0 0 0 0 0 1 0
     51960      52200 0 0 0 0 0 1 0
     55560      55800 0 0 0 0 0 1 0
     55560      55800 0 0 0 0 0 1 0
     57360      57600 0 0 0 0 0 1 0
     57360      57600 0 0 0 0 0 1 0
     73380      73620 1 1 1 1 1 0 0
     75180      75420 1 1 1 1 1 0 0
     78780      79020 1 1 1 1 1 0 0
     79980      80220 1 1 0 1 0 0 0
     81780      82020 1 1 0 1 0 0 0
     83580      83820 1 1 0 1 0 0 0
     84360      84600 0 0 0 0 0 1 0
     84360      84600 0 0 0 0 0 1 0
     85380      85620 1 1 0 1 0 0 0
43
