       780        900 1 1 0 1 0 0 0
     22380      22500 1 1 1 1 1 0 0
     23340      23460 1 1 1 1 1 0 0
     23940      24060 1 1 1 1 1 0 0
     24540      24660 1 1 1 1 1 0 0
     25140      25260 1 1 1 1 1 0 0
     25740      25860 1 1 1 1 1 0 0
     26340      26460 1 1 1 1 1 0 0
     26940      27060 1 1 1 1 1 0 0
     27540      27660 1 1 1 1 1 0 0
     28140      28260 1 1 1 1 1 0 0
     28740      28860 1 1 1 1 1 0 0
     29340      29460 1 1 1 1 1 0 0
     29940      30060 1 1 1 1 1 0 0
     30540      30660 1 1 1 1 1 0 0
     31140      31260 1 1 1 1 1 0 0
     31740      31860 1 1 1 1 1 0 0
     32340      32460 1 1 1 1 1 0 0
     32940      33060 1 1 1 1 1 0 0
     33540      33660 1 1 1 1 1 0 0
     34140      34260 1 1 1 1 1 0 0
     34740      34860 1 1 1 1 1 0 0
     37740      37860 1 1 1 1 1 0 0
     39540      39660 0 0 0 1 0 0 0
     41340      41460 0 0 0 1 0 0 0
     43140      43260 0 0 0 1 0 0 0
     44940      45060 0 0 0 1 0 0 0
     46740      46860 0 0 0 1 0 0 0
     48540      48660 0 0 0 1 0 0 0
     50340      50460 1 1 1 1 1 0 0
     53040      53160 0 0 0 0 0 1 0
     53040      53160 0 0 0 0 0 1 0
     54600      54720 1 1 1 1 1 0 0
     55200      55320 1 1 1 1 1 0 0
     55800      55920 1 1 1 1 1 0 0
     56400      56520 1 1 1 1 1 0 0
     57000      57120 1 1 1 1 1 0 0
     57600      57720 1 1 1 1 1 0 0
     58200      58320 1 1 1 1 1 0 0
     58800      58920 1 1 1 1 1 0 0
     59400      59520 1 1 1 1 1 0 0
     60000      60120 1 1 1 1 1 0 0
     60600      60720 1 1 1 1 1 0 0
     61200      61320 1 1 1 1 1 0 0
     61800      61920 1 1 1 1 1 0 0
     62400      62520 1 1 1 1 1 0 0
     63000      63120 1 1 1 1 1 0 0
     63600      63720 0 0 1 0 0 0 0
     63600      63720 1 1 1 1 1 0 0
     64200      64320 1 1 1 1 1 0 0
     64800      64920 1 1 1 1 1 0 0
     65400      65520 1 1 1 1 1 0 0
     66000      66120 1 1 1 1 1 0 0
     66600      66720 1 1 1 1 1 0 0
     67200      67320 1 1 1 1 1 0 0
     67800      67920 1 1 1 1 1 0 0
     68400      68520 1 1 1 1 1 0 0
     69000      69120 1 1 1 1 1 0 0
     70140      70260 1 1 1 1 1 0 0
     79140      79260 1 1 0 1 0 0 0
     80940      81060 1 1 1 1 1 0 0
     82740      82860 1 1 0 1 0 0 0
     84540      84660 1 1 0 1 0 0 0
     86340         60 1 1 0 1 0 0 0
64
