        60        180 1 1 1 1 1 0 0
       600        720 0 0 0 0 0 1 0
       600        720 0 0 0 0 0 1 0
       900       1020 1 1 1 1 1 0 0
      1860       1980 0 0 1 0 1 0 0
      1920       2040 0 0 0 0 0 1 0
      1920       2040 0 0 0 0 0 1 0
      2700       2820 0 0 1 0 1 0 0
     16260      16380 1 1 1 1 1 0 0
     17100      17220 0 0 0 0 0 1 0
     17100      17220 0 0 0 0 0 1 0
     18060      18180 1 1 1 1 1 0 0
     18960      19080 0 0 0 0 0 1 0
     18960      19080 0 0 0 0 0 1 0
     19860      19980 1 1 1 1 1 0 0
     20760      20880 0 0 0 0 0 1 0
     20760      20880 0 0 0 0 0 1 0
     21660      21780 1 1 1 1 1 0 0
     22560      22680 0 0 0 0 0 1 0
     22560      22680 0 0 0 0 0 1 0
     24360      24480 0 0 0 0 0 1 0
     24360      24480 0 0 0 0 0 1 0
     26160      26280 0 0 0 0 0 1 0
     26160      26280 0 0 0 0 0 1 0
     27960      28080 0 0 0 0 0 1 0
     27960      28080 0 0 0 0 0 1 0
     29760      29880 0 0 0 0 0 1 0
     29760      29880 0 0 0 0 0 1 0
     31560      31680 0 0 0 0 0 1 0
     31560      31680 0 0 0 0 0 1 0
     33360      33480 0 0 0 0 0 1 0
     33360      33480 0 0 0 0 0 1 0
     35160      35280 0 0 0 0 0 1 0
     35160      35280 0 0 0 0 0 1 0
     36060      36180 1 1 1 1 1 0 0
     36960      37080 0 0 0 0 0 1 0
     36960      37080 0 0 0 0 0 1 0
     38760      38880 0 0 0 0 0 1 0
     38760      38880 0 0 0 0 0 1 0
     39660      39780 1 1 1 1 1 0 0
     39660      39780 1 0 0 0 0 0 0
     40560      40680 0 0 0 0 0 1 0
     40560      40680 0 0 0 0 0 1 0
     41460      41580 1 1 1 1 1 0 0
     41460      41580 1 0 0 0 0 0 0
     41460      41580 1 0 0 0 0 0 0
     42360      42480 0 0 0 0 0 1 0
     42360      42480 0 0 0 0 0 1 0
     43260      43380 1 1 1 1 1 0 0
     43260      43380 1 0 0 0 0 0 0
     43260      43380 1 0 0 0 0 0 0
     44160      44280 0 0 0 0 0 1 0
     44160      44280 0 0 0 0 0 1 0
     45060      45180 1 0 0 0 0 0 0
     45060      45180 1 0 0 0 0 0 0
     45060      45180 1 1 1 1 1 0 0
     45960      46080 0 0 0 0 0 1 0
     45960      46080 0 0 0 0 0 1 0
     46860      46980 1 1 1 1 1 0 0
     47760      47880 0 0 0 0 0 1 0
     47760      47880 0 0 0 0 0 1 0
     48660      48780 1 1 1 1 1 0 0
     49560      49680 0 0 0 0 0 1 0
     49560      49680 0 0 0 0 0 1 0
     51360      51480 0 0 0 0 0 1 0
     51360      51480 0 0 0 0 0 1 0
     52260      52380 1 1 1 1 1 0 0
     54060      54180 1 1 1 1 1 0 0
     54960      55080 0 0 0 0 0 1 0
     54960      55080 0 0 0 0 0 1 0
     56760      56880 0 0 0 0 0 1 0
     56760      56880 0 0 0 0 0 1 0
     58560      58680 0 0 0 0 0 1 0
     58560      58680 0 0 0 0 0 1 0
     60360      60480 0 0 0 0 0 1 0
     60360      60480 0 0 0 0 0 1 0
     62160      62280 0 0 0 0 0 1 0
     62160      62280 0 0 0 0 0 1 0
     63960      64080 0 0 0 0 0 1 0
     63960      64080 0 0 0 0 0 1 0
     65760      65880 0 0 0 0 0 1 0
     65760      65880 0 0 0 0 0 1 0
     67560      67680 0 0 0 0 0 1 0
     67560      67680 0 0 0 0 0 1 0
     69360      69480 0 0 0 0 0 1 0
     69360      69480 0 0 0 0 0 1 0
     71160      71280 0 0 0 0 0 1 0
     71160      71280 0 0 0 0 0 1 0
     72060      72180 1 1 1 1 1 0 0
     72960      73080 0 0 0 0 0 1 0
     72960      73080 0 0 0 0 0 1 0
     73860      73980 1 1 1 1 1 0 0
     74400      74520 0 0 0 0 0 1 0
     74400      74520 0 0 0 0 0 1 0
     75660      75780 1 1 1 1 1 0 0
     76200      76320 0 0 0 0 0 1 0
     76200      76320 0 0 0 0 0 1 0
     77460      77580 1 1 1 1 1 0 0
     78000      78120 0 0 0 0 0 1 0
     78000      78120 0 0 0 0 0 1 0
     79260      79380 1 1 1 1 1 0 0
     79800      79920 0 0 0 0 0 1 0
     79800      79920 0 0 0 0 0 1 0
     81060      81180 1 1 1 1 0 0 0
     81060      81180 0 0 0 1 0 0 0
     81600      81720 0 0 0 0 0 1 0
     81600      81720 0 0 0 0 0 1 0
     82860      82980 1 1 1 1 1 0 0
     83400      83520 0 0 0 0 0 1 0
     83400      83520 0 0 0 0 0 1 0
     84660      84780 1 1 1 1 1 0 0
     84660      84780 0 0 0 1 0 0 0
     85200      85320 0 0 0 0 0 1 0
     85200      85320 0 0 0 0 0 1 0
114
