      3480       3720 0 0 0 0 0 1 0
      3480       3720 0 0 0 0 0 1 0
     15780      16020 1 1 1 1 1 0 0
     16260      16500 0 0 0 0 0 1 0
     16260      16500 0 0 0 0 0 1 0
     16980      17220 1 1 1 1 1 0 0
     17580      17820 1 1 1 1 1 0 0
     18060      18300 0 0 0 0 0 1 0
     18060      18300 0 0 0 0 0 1 0
     18780      19020 1 1 1 1 1 0 0
     19380      19620 1 1 1 1 1 0 0
     19860      20100 0 0 0 0 0 1 0
     19860      20100 0 0 0 0 0 1 0
     20580      20820 1 1 1 1 1 0 0
     21660      21900 0 0 0 0 0 1 0
     21660      21900 0 0 0 0 0 1 0
     23460      23700 0 0 0 0 0 1 0
     23460      23700 0 0 0 0 0 1 0
     25260      25500 0 0 0 0 0 1 0
     25260      25500 0 0 0 0 0 1 0
     28560      28800 0 0 0 0 0 1 0
     28560      28800 0 0 0 0 0 1 0
     29160      29400 0 0 0 0 0 1 0
     29160      29400 0 0 0 0 0 1 0
     30360      30600 0 0 0 0 0 1 0
     30360      30600 0 0 0 0 0 1 0
     30960      31200 0 0 0 0 0 1 0
     30960      31200 0 0 0 0 0 1 0
     32160      32400 0 0 0 0 0 1 0
     32160      32400 0 0 0 0 0 1 0
     32760      33000 0 0 0 0 0 1 0
     32760      33000 0 0 0 0 0 1 0
     33960      34200 0 0 0 0 0 1 0
     33960      34200 0 0 0 0 0 1 0
     34560      34800 0 0 0 0 0 1 0
     34560      34800 0 0 0 0 0 1 0
     35760      36000 0 0 0 0 0 1 0
     35760      36000 0 0 0 0 0 1 0
     37380      37620 1 1 1 1 1 0 0
     37560      37800 0 0 0 0 0 1 0
     37560      37800 0 0 0 0 0 1 0
     38160      38400 0 0 0 0 0 1 0
     38160      38400 0 0 0 0 0 1 0
     38580      38820 1 1 1 1 1 0 0
     39180      39420 1 1 1 1 1 0 0
     39360      39600 0 0 0 0 0 1 0
     39360      39600 0 0 0 0 0 1 0
     39960      40200 0 0 0 0 0 1 0
     39960      40200 0 0 0 0 0 1 0
     40380      40620 1 1 1 1 1 0 0
     40980      41220 0 0 0 0 1 0 0
     41760      42000 0 0 0 0 0 1 0
     41760      42000 0 0 0 0 0 1 0
     42180      42420 1 1 1 1 1 0 0
     42180      42420 1 0 0 0 0 0 0
     42780      43020 0 0 0 0 1 0 0
     42960      43200 0 0 0 0 0 1 0
     42960      43200 0 0 0 0 0 1 0
     43560      43800 0 0 0 0 0 1 0
     43560      43800 0 0 0 0 0 1 0
     43980      44220 1 1 1 1 1 0 0
     43980      44220 1 0 0 0 0 0 0
     44580      44820 1 0 0 0 0 0 0
     44580      44820 1 0 0 0 0 0 0
     44580      44820 1 1 1 1 1 0 0
     44640      44880 0 0 0 0 1 0 0
     45360      45600 0 0 0 0 0 1 0
     45360      45600 0 0 0 0 0 1 0
     45780      46020 1 1 1 1 1 0 0
     45780      46020 1 0 0 0 0 0 0
     46380      46620 1 1 1 1 1 0 0
     46380      46620 1 0 0 0 0 0 0
     46560      46800 0 0 0 0 0 1 0
     46560      46800 0 0 0 0 0 1 0
     47160      47400 0 0 0 0 0 1 0
     47160      47400 0 0 0 0 0 1 0
     47580      47820 1 1 1 1 1 0 0
     48180      48420 1 1 1 1 1 0 0
     48960      49200 0 0 0 0 0 1 0
     48960      49200 0 0 0 0 0 1 0
     49380      49620 1 1 1 1 1 0 0
     50160      50400 0 0 0 0 0 1 0
     50160      50400 0 0 0 0 0 1 0
     50760      51000 0 0 0 0 0 1 0
     50760      51000 0 0 0 0 0 1 0
     51780      52020 1 1 1 1 1 0 0
     52560      52800 0 0 0 0 0 1 0
     52560      52800 0 0 0 0 0 1 0
     52980      53220 1 1 1 1 1 0 0
     53580      53820 1 1 1 1 1 0 0
     53760      54000 0 0 0 0 0 1 0
     53760      54000 0 0 0 0 0 1 0
     54360      54600 0 0 0 0 0 1 0
     54360      54600 0 0 0 0 0 1 0
     56160      56400 0 0 0 0 0 1 0
     56160      56400 0 0 0 0 0 1 0
     57960      58200 0 0 0 0 0 1 0
     57960      58200 0 0 0 0 0 1 0
     59160      59400 0 0 0 0 0 1 0
     59160      59400 0 0 0 0 0 1 0
     59760      60000 0 0 0 0 0 1 0
     59760      60000 0 0 0 0 0 1 0
     60960      61200 0 0 0 0 0 1 0
     60960      61200 0 0 0 0 0 1 0
     61560      61800 0 0 0 0 0 1 0
     61560      61800 0 0 0 0 0 1 0
     62760      63000 0 0 0 0 0 1 0
     62760      63000 0 0 0 0 0 1 0
     63360      63600 0 0 0 0 0 1 0
     63360      63600 0 0 0 0 0 1 0
     64560      64800 0 0 0 0 0 1 0
     64560      64800 0 0 0 0 0 1 0
     65160      65400 0 0 0 0 0 1 0
     65160      65400 0 0 0 0 0 1 0
     66360      66600 0 0 0 0 0 1 0
     66360      66600 0 0 0 0 0 1 0
     66960      67200 0 0 0 0 0 1 0
     66960      67200 0 0 0 0 0 1 0
     68160      68400 0 0 0 0 0 1 0
     68160      68400 0 0 0 0 0 1 0
     68760      69000 0 0 0 0 0 1 0
     68760      69000 0 0 0 0 0 1 0
     69780      70020 1 1 1 1 1 0 0
     69960      70200 0 0 0 0 0 1 0
     69960      70200 0 0 0 0 0 1 0
     70560      70800 0 0 0 0 0 1 0
     70560      70800 0 0 0 0 0 1 0
     70980      71220 1 1 1 1 1 0 0
     71580      71820 1 1 1 1 1 0 0
     71760      72000 0 0 0 0 0 1 0
     71760      72000 0 0 0 0 0 1 0
     72480      72720 0 0 0 0 0 1 0
     72480      72720 0 0 0 0 0 1 0
     72780      73020 1 1 1 1 1 0 0
     73560      73800 0 0 0 0 0 1 0
     73560      73800 0 0 0 0 0 1 0
     74580      74820 1 1 1 1 1 0 0
     75360      75600 0 0 0 0 0 1 0
     75360      75600 0 0 0 0 0 1 0
     76380      76620 1 1 1 1 1 0 0
     76980      77220 0 0 0 1 0 0 0
     76980      77220 1 1 1 1 1 0 0
     77160      77400 0 0 0 0 0 1 0
     77160      77400 0 0 0 0 0 1 0
     78180      78420 1 1 1 1 1 0 0
     78960      79200 0 0 0 0 0 1 0
     78960      79200 0 0 0 0 0 1 0
     79980      80220 1 1 1 1 1 0 0
     80760      81000 0 0 0 0 0 1 0
     80760      81000 0 0 0 0 0 1 0
     81780      82020 1 1 1 1 1 0 0
     82560      82800 0 0 0 0 0 1 0
     82560      82800 0 0 0 0 0 1 0
     83580      83820 1 1 1 1 1 0 0
     85380      85620 1 1 1 1 1 0 0
     86160          0 0 0 0 0 0 1 0
     86160          0 0 0 0 0 0 1 0
157
