       360        480 0 0 0 0 0 1 0
       360        480 0 0 0 0 0 1 0
       660        780 1 1 1 1 1 0 0
      1620       1740 0 0 1 0 1 0 0
      1680       1800 0 0 0 0 0 1 0
      1680       1800 0 0 0 0 0 1 0
      2460       2580 0 0 1 0 1 0 0
      3360       3480 0 0 0 0 0 1 0
      3360       3480 0 0 0 0 0 1 0
     15660      15780 1 1 1 1 1 0 0
     16020      16140 1 1 1 1 1 0 0
     16140      16260 0 0 0 0 0 1 0
     16140      16260 0 0 0 0 0 1 0
     16860      16980 0 0 0 0 0 1 0
     16860      16980 1 1 1 1 1 0 0
     16860      16980 0 0 0 0 0 1 0
     17460      17580 1 1 1 1 1 0 0
     17820      17940 1 1 1 1 1 0 0
     17940      18060 0 0 0 0 0 1 0
     17940      18060 0 0 0 0 0 1 0
     18660      18780 1 1 1 1 1 0 0
     18720      18840 0 0 0 0 0 1 0
     18720      18840 0 0 0 0 0 1 0
     19260      19380 1 1 1 1 1 0 0
     19620      19740 1 1 1 1 1 0 0
     19740      19860 0 0 0 0 0 1 0
     19740      19860 0 0 0 0 0 1 0
     20460      20580 1 1 1 1 1 0 0
     20520      20640 0 0 0 0 0 1 0
     20520      20640 0 0 0 0 0 1 0
     21420      21540 1 1 1 1 1 0 0
     21540      21660 0 0 0 0 0 1 0
     21540      21660 0 0 0 0 0 1 0
     22320      22440 0 0 0 0 0 1 0
     22320      22440 0 0 0 0 0 1 0
     23340      23460 0 0 0 0 0 1 0
     23340      23460 0 0 0 0 0 1 0
     24120      24240 0 0 0 0 0 1 0
     24120      24240 0 0 0 0 0 1 0
     25140      25260 0 0 0 0 0 1 0
     25140      25260 0 0 0 0 0 1 0
     25920      26040 0 0 0 0 0 1 0
     25920      26040 0 0 0 0 0 1 0
     27720      27840 0 0 0 0 0 1 0
     27720      27840 0 0 0 0 0 1 0
     28440      28560 0 0 0 0 0 1 0
     28440      28560 0 0 0 0 0 1 0
     29040      29160 0 0 0 0 0 1 0
     29040      29160 0 0 0 0 0 1 0
     29520      29640 0 0 0 0 0 1 0
     29520      29640 0 0 0 0 0 1 0
     30240      30360 0 0 0 0 0 1 0
     30240      30360 0 0 0 0 0 1 0
     30840      30960 0 0 0 0 0 1 0
     30840      30960 0 0 0 0 0 1 0
     31320      31440 0 0 0 0 0 1 0
     31320      31440 0 0 0 0 0 1 0
     32040      32160 0 0 0 0 0 1 0
     32040      32160 0 0 0 0 0 1 0
     32640      32760 0 0 0 0 0 1 0
     32640      32760 0 0 0 0 0 1 0
     33120      33240 0 0 0 0 0 1 0
     33120      33240 0 0 0 0 0 1 0
     33840      33960 0 0 0 0 0 1 0
     33840      33960 0 0 0 0 0 1 0
     34440      34560 0 0 0 0 0 1 0
     34440      34560 0 0 0 0 0 1 0
     34920      35040 0 0 0 0 0 1 0
     34920      35040 0 0 0 0 0 1 0
     35640      35760 0 0 0 0 0 1 0
     35640      35760 0 0 0 0 0 1 0
     35820      35940 1 1 1 1 1 0 0
     36720      36840 0 0 0 0 0 1 0
     36720      36840 0 0 0 0 0 1 0
     37260      37380 1 1 1 1 1 0 0
     37440      37560 0 0 0 0 0 1 0
     37440      37560 0 0 0 0 0 1 0
     38040      38160 0 0 0 0 0 1 0
     38040      38160 0 0 0 0 0 1 0
     38460      38580 1 1 1 1 1 0 0
     38520      38640 0 0 0 0 0 1 0
     38520      38640 0 0 0 0 0 1 0
     39060      39180 1 1 1 1 1 0 0
     39240      39360 0 0 0 0 0 1 0
     39240      39360 0 0 0 0 0 1 0
     39420      39540 1 1 1 1 1 0 0
     39420      39540 1 0 0 0 0 0 0
     39840      39960 0 0 0 0 0 1 0
     39840      39960 0 0 0 0 0 1 0
     40260      40380 1 1 1 1 1 0 0
     40320      40440 0 0 0 0 0 1 0
     40320      40440 0 0 0 0 0 1 0
     40860      40980 0 0 0 0 1 0 0
     41220      41340 1 0 0 0 0 0 0
     41220      41340 1 1 1 1 1 0 0
     41220      41340 1 0 0 0 0 0 0
     41640      41760 0 0 0 0 0 1 0
     41640      41760 0 0 0 0 0 1 0
     42060      42180 1 0 0 0 0 0 0
     42060      42180 1 1 1 1 1 0 0
     42120      42240 0 0 0 0 0 1 0
     42120      42240 0 0 0 0 0 1 0
     42660      42780 0 0 0 0 1 0 0
     42840      42960 0 0 0 0 0 1 0
     42840      42960 0 0 0 0 0 1 0
     43020      43140 1 1 1 1 1 0 0
     43020      43140 1 0 0 0 0 0 0
     43020      43140 1 0 0 0 0 0 0
     43440      43560 0 0 0 0 0 1 0
     43440      43560 0 0 0 0 0 1 0
     43860      43980 1 1 1 1 1 0 0
     43860      43980 1 0 0 0 0 0 0
     43920      44040 0 0 0 0 0 1 0
     43920      44040 0 0 0 0 0 1 0
     44460      44580 1 1 1 1 1 0 0
     44460      44580 1 0 0 0 0 0 0
     44460      44580 1 0 0 0 0 0 0
     44520      44640 0 0 0 0 1 0 0
     44820      44940 1 1 1 1 1 0 0
     44820      44940 1 0 0 0 0 0 0
     44820      44940 1 0 0 0 0 0 0
     45240      45360 0 0 0 0 0 1 0
     45240      45360 0 0 0 0 0 1 0
     45660      45780 1 0 0 0 0 0 0
     45660      45780 1 1 1 1 1 0 0
     45720      45840 0 0 0 0 0 1 0
     45720      45840 0 0 0 0 0 1 0
     46260      46380 1 0 0 0 0 0 0
     46260      46380 1 1 1 1 1 0 0
     46440      46560 0 0 0 0 0 1 0
     46440      46560 0 0 0 0 0 1 0
     46620      46740 1 1 1 1 1 0 0
     47040      47160 0 0 0 0 0 1 0
     47040      47160 0 0 0 0 0 1 0
     47460      47580 1 1 1 1 1 0 0
     47520      47640 0 0 0 0 0 1 0
     47520      47640 0 0 0 0 0 1 0
     48060      48180 1 1 1 1 1 0 0
     48420      48540 1 1 1 1 1 0 0
     48840      48960 0 0 0 0 0 1 0
     48840      48960 0 0 0 0 0 1 0
     49260      49380 1 1 1 1 1 0 0
     49320      49440 0 0 0 0 0 1 0
     49320      49440 0 0 0 0 0 1 0
     50040      50160 0 0 0 0 0 1 0
     50040      50160 0 0 0 0 0 1 0
     50640      50760 0 0 0 0 0 1 0
     50640      50760 0 0 0 0 0 1 0
     51120      51240 0 0 0 0 0 1 0
     51120      51240 0 0 0 0 0 1 0
     51660      51780 1 1 1 1 1 0 0
     52020      52140 1 1 1 1 1 0 0
     52440      52560 0 0 0 0 0 1 0
     52440      52560 0 0 0 0 0 1 0
     52860      52980 1 1 1 1 1 0 0
     53460      53580 1 1 1 1 1 0 0
     53640      53760 0 0 0 0 0 1 0
     53640      53760 0 0 0 0 0 1 0
     53820      53940 1 1 1 1 1 0 0
     54240      54360 0 0 0 0 0 1 0
     54240      54360 0 0 0 0 0 1 0
     54720      54840 0 0 0 0 0 1 0
     54720      54840 0 0 0 0 0 1 0
     56040      56160 0 0 0 0 0 1 0
     56040      56160 0 0 0 0 0 1 0
     56520      56640 0 0 0 0 0 1 0
     56520      56640 0 0 0 0 0 1 0
     57840      57960 0 0 0 0 0 1 0
     57840      57960 0 0 0 0 0 1 0
     58320      58440 0 0 0 0 0 1 0
     58320      58440 0 0 0 0 0 1 0
     59040      59160 0 0 0 0 0 1 0
     59040      59160 0 0 0 0 0 1 0
     59640      59760 0 0 0 0 0 1 0
     59640      59760 0 0 0 0 0 1 0
     60120      60240 0 0 0 0 0 1 0
     60120      60240 0 0 0 0 0 1 0
     60840      60960 0 0 0 0 0 1 0
     60840      60960 0 0 0 0 0 1 0
     61440      61560 0 0 0 0 0 1 0
     61440      61560 0 0 0 0 0 1 0
     61920      62040 0 0 0 0 0 1 0
     61920      62040 0 0 0 0 0 1 0
     62640      62760 0 0 0 0 0 1 0
     62640      62760 0 0 0 0 0 1 0
     63240      63360 0 0 0 0 0 1 0
     63240      63360 0 0 0 0 0 1 0
     63720      63840 0 0 0 0 0 1 0
     63720      63840 0 0 0 0 0 1 0
     64440      64560 0 0 0 0 0 1 0
     64440      64560 0 0 0 0 0 1 0
     65040      65160 0 0 0 0 0 1 0
     65040      65160 0 0 0 0 0 1 0
     65520      65640 0 0 0 0 0 1 0
     65520      65640 0 0 0 0 0 1 0
     66240      66360 0 0 0 0 0 1 0
     66240      66360 0 0 0 0 0 1 0
     66840      66960 0 0 0 0 0 1 0
     66840      66960 0 0 0 0 0 1 0
     67320      67440 0 0 0 0 0 1 0
     67320      67440 0 0 0 0 0 1 0
     68040      68160 0 0 0 0 0 1 0
     68040      68160 0 0 0 0 0 1 0
     68640      68760 0 0 0 0 0 1 0
     68640      68760 0 0 0 0 0 1 0
     69120      69240 0 0 0 0 0 1 0
     69120      69240 0 0 0 0 0 1 0
     69660      69780 1 1 1 1 1 0 0
     69840      69960 0 0 0 0 0 1 0
     69840      69960 0 0 0 0 0 1 0
     70440      70560 0 0 0 0 0 1 0
     70440      70560 0 0 0 0 0 1 0
     70860      70980 1 1 1 1 1 0 0
     70920      71040 0 0 0 0 0 1 0
     70920      71040 0 0 0 0 0 1 0
     71460      71580 1 1 1 1 1 0 0
     71640      71760 0 0 0 0 0 1 0
     71640      71760 0 0 0 0 0 1 0
     71820      71940 1 1 1 1 1 0 0
     72360      72480 0 0 0 0 0 1 0
     72360      72480 0 0 0 0 0 1 0
     72660      72780 1 1 1 1 1 0 0
     72720      72840 0 0 0 0 0 1 0
     72720      72840 0 0 0 0 0 1 0
     73440      73560 0 0 0 0 0 1 0
     73440      73560 0 0 0 0 0 1 0
     73620      73740 1 1 1 1 1 0 0
     74160      74280 0 0 0 0 0 1 0
     74160      74280 0 0 0 0 0 1 0
     74460      74580 1 1 1 1 1 0 0
     75240      75360 0 0 0 0 0 1 0
     75240      75360 0 0 0 0 0 1 0
     75420      75540 1 1 1 1 1 0 0
     75960      76080 0 0 0 0 0 1 0
     75960      76080 0 0 0 0 0 1 0
     76260      76380 1 1 1 1 1 0 0
     76860      76980 0 0 0 1 0 0 0
     76860      76980 1 1 1 1 1 0 0
     77040      77160 0 0 0 0 0 1 0
     77040      77160 0 0 0 0 0 1 0
     77220      77340 1 1 1 1 1 0 0
     77760      77880 0 0 0 0 0 1 0
     77760      77880 0 0 0 0 0 1 0
     78060      78180 1 1 1 1 1 0 0
     78840      78960 0 0 0 0 0 1 0
     78840      78960 0 0 0 0 0 1 0
     79020      79140 1 1 1 1 1 0 0
     79560      79680 0 0 0 0 0 1 0
     79560      79680 0 0 0 0 0 1 0
     79860      79980 1 1 1 1 1 0 0
     80640      80760 0 0 0 0 0 1 0
     80640      80760 0 0 0 0 0 1 0
     80820      80940 0 0 0 1 0 0 0
     80820      80940 1 1 1 1 0 0 0
     81360      81480 0 0 0 0 0 1 0
     81360      81480 0 0 0 0 0 1 0
     81660      81780 1 1 1 1 1 0 0
     82440      82560 0 0 0 0 0 1 0
     82440      82560 0 0 0 0 0 1 0
     82620      82740 1 1 1 1 1 0 0
     83160      83280 0 0 0 0 0 1 0
     83160      83280 0 0 0 0 0 1 0
     83460      83580 1 1 1 1 1 0 0
     84420      84540 1 1 1 1 1 0 0
     84480      84600 0 0 0 1 0 0 0
     84960      85080 0 0 0 0 0 1 0
     84960      85080 0 0 0 0 0 1 0
     85260      85380 1 1 1 1 1 0 0
     86040      86160 0 0 0 0 0 1 0
     86040      86160 0 0 0 0 0 1 0
     86220      86340 1 1 1 1 1 0 0
271
