       900       1020 1 1 1 1 1 0 0
      1320       1440 0 0 0 0 0 1 0
      1320       1440 0 0 0 0 0 1 0
      1680       1800 1 1 1 1 1 0 0
      1740       1860 1 1 1 1 0 0 0
      2220       2340 0 0 0 0 0 1 0
      2220       2340 0 0 0 0 0 1 0
      2700       2820 1 1 1 1 1 0 0
      2760       2880 0 0 0 1 0 0 0
      3480       3600 1 1 1 1 0 0 0
      3480       3600 1 1 1 1 1 0 0
      4020       4140 0 0 0 0 0 1 0
      4020       4140 0 0 0 0 0 1 0
      4680       4800 1 1 1 1 1 0 0
      4920       5040 0 0 0 0 0 1 0
      4920       5040 0 0 0 0 0 1 0
      5280       5400 1 1 1 1 0 0 0
      5280       5400 0 0 1 0 1 0 0
      5340       5460 0 0 0 1 0 0 0
      5820       5940 0 0 0 0 0 1 0
      5820       5940 0 0 0 0 0 1 0
      6540       6660 0 0 1 0 1 0 0
      6720       6840 0 0 0 0 0 1 0
      6720       6840 0 0 0 0 0 1 0
      7740       7860 0 0 1 0 1 0 0
     19680      19800 1 1 1 1 1 0 0
     20700      20820 1 1 1 1 1 0 0
     21420      21540 0 0 0 0 0 1 0
     21480      21600 1 1 1 1 1 0 0
     21600      21720 0 0 0 0 0 1 0
     23220      23340 0 0 0 0 0 1 0
     23280      23400 1 1 1 1 1 0 0
     23400      23520 0 0 0 0 0 1 0
     24300      24420 1 1 1 1 1 0 0
     25020      25140 0 0 0 0 0 1 0
     25080      25200 1 1 1 1 1 0 0
     25200      25320 0 0 0 0 0 1 0
     26820      26940 0 0 0 0 0 1 0
     26880      27000 1 1 1 1 1 0 0
     27000      27120 0 0 0 0 0 1 0
     28620      28740 0 0 0 0 0 1 0
     28800      28920 0 0 0 0 0 1 0
     30420      30540 0 0 0 0 0 1 0
     30600      30720 0 0 0 0 0 1 0
     32220      32340 0 0 0 0 0 1 0
     32400      32520 0 0 0 0 0 1 0
     34320      34440 0 0 0 0 0 1 0
     34320      34440 0 0 0 0 0 1 0
     35820      35940 1 1 1 1 1 0 0
     36120      36240 0 0 0 0 0 1 0
     36300      36420 0 0 0 0 0 1 0
     37920      38040 0 0 0 0 0 1 0
     37920      38040 0 0 0 0 0 1 0
     38700      38820 1 1 1 1 1 0 0
     39480      39600 1 1 1 1 1 0 0
     39720      39840 0 0 0 0 0 1 0
     39720      39840 0 0 0 0 0 1 0
     39720      39840 0 0 0 0 0 0 0
     40500      40620 1 1 1 1 1 0 0
     40500      40620 0 0 0 0 1 0 0
     41280      41400 1 1 1 1 1 0 0
     41520      41640 0 0 0 0 0 1 0
     41520      41640 0 0 0 0 0 1 0
     42300      42420 1 1 1 1 1 0 0
     42420      42540 1 0 0 0 0 0 0
     42420      42540 1 0 0 0 0 0 0
     43080      43200 1 0 0 0 0 0 0
     43080      43200 1 1 1 1 1 0 0
     43320      43440 0 0 0 0 0 1 0
     43320      43440 0 0 0 0 0 1 0
     44100      44220 1 0 0 0 0 0 0
     44100      44220 1 1 1 1 1 0 0
     44880      45000 1 0 0 0 0 0 0
     44880      45000 1 1 1 1 1 0 0
     45120      45240 0 0 0 0 0 1 0
     45240      45360 0 0 0 0 0 1 0
     45900      46020 1 1 1 1 1 0 0
     45960      46080 1 0 0 0 0 0 0
     45960      46080 1 0 0 0 0 0 0
     46680      46800 1 0 0 0 0 0 0
     46680      46800 1 1 1 1 1 0 0
     46920      47040 0 0 0 0 0 1 0
     46920      47040 0 0 0 0 0 1 0
     47700      47820 1 1 1 1 1 0 0
     48480      48600 1 1 1 1 1 0 0
     48720      48840 0 0 0 0 0 1 0
     48720      48840 0 0 0 0 0 1 0
     49500      49620 1 1 1 1 1 0 0
     50280      50400 1 1 1 1 1 0 0
     50520      50640 0 0 0 0 0 1 0
     50520      50640 0 0 0 0 0 1 0
     51300      51420 1 1 1 1 1 0 0
     52080      52200 1 1 1 1 1 0 0
     52320      52440 0 0 0 0 0 1 0
     52320      52440 0 0 0 0 0 1 0
     53100      53220 1 1 1 1 1 0 0
     53880      54000 1 1 1 1 1 0 0
     54120      54240 0 0 0 0 0 1 0
     54120      54240 0 0 0 0 0 1 0
     54900      55020 1 1 1 1 1 0 0
     55680      55800 1 1 1 1 1 0 0
     55920      56040 0 0 0 0 0 1 0
     55920      56040 0 0 0 0 0 1 0
     56700      56820 1 1 1 1 1 0 0
     57480      57600 1 1 1 1 1 0 0
     57720      57840 0 0 0 0 0 1 0
     57720      57840 0 0 0 0 0 1 0
     59520      59640 0 0 0 0 0 1 0
     59580      59700 0 0 0 0 0 1 0
     61320      61440 0 0 0 0 0 1 0
     61320      61440 0 0 0 0 0 1 0
     63120      63240 0 0 0 0 0 1 0
     63300      63420 0 0 0 0 0 1 0
     64920      65040 0 0 0 0 0 1 0
     65100      65220 0 0 0 0 0 1 0
     66720      66840 0 0 0 0 0 1 0
     66720      66840 0 0 0 0 0 1 0
     68520      68640 0 0 0 0 0 1 0
     68580      68700 0 0 0 0 0 1 0
     70320      70440 0 0 0 0 0 1 0
     70380      70500 0 0 0 0 0 1 0
     72120      72240 0 0 0 0 0 1 0
     72180      72300 0 0 0 0 0 1 0
     73680      73800 1 1 1 1 1 0 0
     73920      74040 0 0 0 0 0 1 0
     73980      74100 0 0 0 0 0 1 0
     74700      74820 1 1 1 1 1 0 0
     74760      74940 0 0 0 1 0 0 0
     75480      75600 1 1 1 1 1 0 0
     75720      75840 0 0 0 0 0 1 0
     75780      75900 0 0 0 0 0 1 0
     76500      76620 1 1 1 1 1 0 0
     77220      77340 0 0 0 0 0 1 0
     77280      77400 1 1 1 1 1 0 0
     77340      77460 0 0 0 0 0 1 0
     78300      78420 1 1 1 1 1 0 0
     78720      78840 0 0 0 0 0 1 0
     78720      78840 0 0 0 0 0 1 0
     79080      79200 1 1 1 1 1 0 0
     79500      79620 0 0 0 0 1 0 0
     80100      80220 1 1 1 1 1 0 0
     80520      80640 0 0 0 0 0 1 0
     80520      80640 0 0 0 0 0 1 0
     80880      81000 1 1 1 1 1 0 0
     81900      82020 1 1 1 1 1 0 0
     82320      82440 0 0 0 0 0 1 0
     82320      82440 0 0 0 0 0 1 0
     82680      82800 1 1 1 1 1 0 0
     83700      83820 1 1 1 1 1 0 0
     84120      84240 0 0 0 0 0 1 0
     84120      84240 0 0 0 0 0 1 0
     84480      84600 1 1 1 1 1 0 0
     85500      85620 1 1 1 1 1 0 0
     85920      86040 0 0 0 0 0 1 0
     85920      86040 0 0 0 0 0 1 0
     86280          0 1 1 1 1 1 0 0
156
