       660        780 1 1 0 1 0 0 0
     21060      21180 1 1 1 1 1 0 0
     22260      22380 1 1 1 1 1 0 0
     23220      23340 1 1 1 1 1 0 0
     23820      23940 1 1 1 1 1 0 0
     24420      24540 1 1 1 1 1 0 0
     25020      25140 1 1 1 1 1 0 0
     25620      25740 1 1 1 1 1 0 0
     26220      26340 1 1 1 1 1 0 0
     26820      26940 1 1 1 1 1 0 0
     26940      27060 0 0 0 0 0 1 0
     26940      27060 0 0 0 0 0 1 0
     27420      27540 1 1 1 1 1 0 0
     28020      28140 1 1 1 1 1 0 0
     28620      28740 1 1 1 1 1 0 0
     29220      29340 1 1 1 1 1 0 0
     29820      29940 1 1 1 1 1 0 0
     30420      30540 1 1 1 1 1 0 0
     31020      31140 1 1 1 1 1 0 0
     31620      31740 1 1 1 1 1 0 0
     32220      32340 1 1 1 1 1 0 0
     32820      32940 1 1 1 1 1 0 0
     33420      33540 1 1 1 1 1 0 0
     34020      34140 1 1 1 1 1 0 0
     34620      34740 1 1 1 1 1 0 0
     35460      35580 1 1 1 1 1 0 0
     36240      36360 0 0 0 0 0 1 0
     36240      36360 0 0 0 0 0 1 0
     36660      36780 1 1 1 1 1 0 0
     37620      37740 1 1 1 1 1 0 0
     39420      39540 0 0 0 1 0 0 0
     40260      40380 0 0 0 1 0 0 0
     40860      40980 1 1 1 1 1 0 0
     40860      40980 1 0 0 0 0 0 0
     40860      40980 1 0 0 0 0 0 0
     41040      41160 0 0 0 0 0 1 0
     41040      41160 0 0 0 0 0 1 0
     41220      41340 0 0 0 1 0 0 0
     42060      42180 0 0 0 1 0 0 0
     42660      42780 1 1 1 1 1 0 0
     42660      42780 1 0 0 0 0 0 0
     43020      43140 0 0 0 1 0 0 0
     43860      43980 0 0 0 1 0 0 0
     44460      44580 0 0 0 1 0 0 0
     44640      44760 0 0 0 0 0 1 0
     44640      44760 0 0 0 0 0 1 0
     44820      44940 0 0 0 1 0 0 0
     45660      45780 0 0 0 1 0 0 0
     46260      46380 0 0 0 1 0 0 0
     46620      46740 0 0 0 1 0 0 0
     47460      47580 0 0 0 1 0 0 0
     48060      48180 0 0 0 1 0 0 0
     48240      48360 0 0 0 0 0 1 0
     48240      48360 0 0 0 0 0 1 0
     48420      48540 0 0 0 1 0 0 0
     49860      49980 1 1 1 1 1 0 0
     50220      50340 1 1 1 1 1 0 0
     51060      51180 1 1 1 1 1 0 0
     51840      51960 0 0 0 0 0 1 0
     51840      51960 0 0 0 0 0 1 0
     52920      53040 0 0 0 0 0 1 0
     52920      53040 0 0 0 0 0 1 0
     54480      54600 1 1 1 1 1 0 0
     55080      55200 1 1 1 1 1 0 0
     55440      55560 0 0 0 0 0 1 0
     55440      55560 0 0 0 0 0 1 0
     55680      55800 1 1 1 1 1 0 0
     56280      56400 1 1 1 1 1 0 0
     56880      57000 1 1 1 1 1 0 0
     57240      57360 0 0 0 0 0 1 0
     57240      57360 0 0 0 0 0 1 0
     57480      57600 1 1 1 1 1 0 0
     58080      58200 1 1 1 1 1 0 0
     58680      58800 1 1 1 1 1 0 0
     59280      59400 1 1 1 1 1 0 0
     59880      60000 1 1 1 1 1 0 0
     60480      60600 1 1 1 1 1 0 0
     61080      61200 1 1 1 1 1 0 0
     61680      61800 1 1 1 1 1 0 0
     62280      62400 1 1 1 1 1 0 0
     62880      63000 1 1 1 1 1 0 0
     63480      63600 1 1 1 1 1 0 0
     63480      63600 0 0 1 0 0 0 0
     64080      64200 1 1 1 1 1 0 0
     64680      64800 1 1 1 1 1 0 0
     65280      65400 1 1 1 1 1 0 0
     65880      66000 1 1 1 1 1 0 0
     66480      66600 1 1 1 1 1 0 0
     67080      67200 1 1 1 1 1 0 0
     67680      67800 1 1 1 1 1 0 0
     68280      68400 1 1 1 1 1 0 0
     68880      69000 1 1 1 1 1 0 0
     70020      70140 1 1 1 1 1 0 0
     73260      73380 1 1 1 1 1 0 0
     75060      75180 1 1 1 1 1 0 0
     78660      78780 1 1 1 1 1 0 0
     79020      79140 1 1 0 1 0 0 0
     79860      79980 1 1 0 1 0 0 0
     80820      80940 1 1 1 1 1 0 0
     81660      81780 1 1 0 1 0 0 0
     82620      82740 1 1 0 1 0 0 0
     83460      83580 1 1 0 1 0 0 0
     84240      84360 0 0 0 0 0 1 0
     84240      84360 0 0 0 0 0 1 0
     84420      84540 1 1 0 1 0 0 0
     85260      85380 1 1 0 1 0 0 0
     86220      86340 1 1 0 1 0 0 0
107
