       900       1020 1 1 0 1 0 0 0
      1680       1800 1 1 0 1 0 0 0
      2700       2820 1 1 0 1 0 0 0
      3480       3600 1 1 0 1 0 0 0
      4680       4800 1 1 0 1 0 0 0
      5280       5400 1 1 0 1 0 0 0
     22560      22680 1 1 1 1 1 0 0
     26220      26340 1 1 1 1 1 0 0
     27420      27540 1 1 1 1 1 0 0
     28020      28140 1 1 1 1 1 0 0
     28620      28740 1 1 1 1 1 0 0
     29220      29340 1 1 1 1 1 0 0
     29820      29940 1 1 1 1 1 0 0
     30420      30540 1 1 1 1 1 0 0
     31020      31140 1 1 1 1 1 0 0
     31620      31740 1 1 1 1 1 0 0
     32220      32340 1 1 1 1 1 0 0
     32820      32940 1 1 1 1 1 0 0
     33420      33540 1 1 1 1 1 0 0
     34020      34140 1 1 1 1 1 0 0
     34380      34500 1 1 1 1 1 0 0
     34980      35100 1 1 1 1 1 0 0
     36420      36540 1 1 1 1 1 0 0
     37020      37140 1 1 1 1 1 0 0
     37620      37740 1 1 1 1 1 0 0
     39480      39600 0 0 0 1 0 0 0
     40500      40620 0 0 0 1 0 0 0
     41280      41400 0 0 0 1 0 0 0
     42300      42420 0 0 0 1 0 0 0
     43080      43200 0 0 0 1 0 0 0
     44100      44220 0 0 0 1 0 0 0
     44880      45000 0 0 0 1 0 0 0
     45900      46020 0 0 0 1 0 0 0
     46680      46800 0 0 0 1 0 0 0
     47700      47820 0 0 0 1 0 0 0
     48480      48600 0 0 0 1 0 0 0
     58320      58440 1 1 1 1 1 0 0
     58920      59040 1 1 1 1 1 0 0
     59520      59640 1 1 1 1 1 0 0
     60120      60240 1 1 1 1 1 0 0
     60720      60840 1 1 1 1 1 0 0
     61320      61440 1 1 1 1 1 0 0
     61920      62040 1 1 1 1 1 0 0
     62520      62640 1 1 1 1 1 0 0
     63120      63240 1 1 1 1 1 0 0
     63720      63840 1 1 1 1 1 0 0
     64320      64440 1 1 1 1 1 0 0
     64920      65040 1 1 1 1 1 0 0
     65520      65640 1 1 1 1 1 0 0
     66120      66240 1 1 1 1 1 0 0
     66720      66840 1 1 1 1 1 0 0
     67320      67440 1 1 1 1 1 0 0
     67920      68040 1 1 1 1 1 0 0
     68520      68640 1 1 1 1 1 0 0
     69120      69240 1 1 1 1 1 0 0
     69720      69840 1 1 1 1 1 0 0
     70320      70440 1 1 1 1 1 0 0
     70920      71040 1 1 1 1 1 0 0
     71520      71640 1 1 1 1 1 0 0
     72120      72240 1 1 1 1 1 0 0
     72840      72960 1 1 1 1 1 0 0
     79080      79200 1 1 0 1 0 0 0
     80100      80220 1 1 0 1 0 0 0
     80880      81000 1 1 0 1 0 0 0
     81900      82020 1 1 0 1 0 0 0
     82680      82800 1 1 0 1 0 0 0
     83700      83820 1 1 0 1 0 0 0
     84480      84600 1 1 0 1 0 0 0
     85500      85620 1 1 0 1 0 0 0
     86280          0 1 1 0 1 0 0 0
70
