       240        540 0 0 0 0 0 1 0
       240        540 0 0 0 0 0 1 0
     20100      20340 1 1 1 1 1 0 0
     20340      20640 0 0 0 0 0 1 0
     20400      20640 0 0 0 0 0 1 0
     21900      22140 1 1 1 1 1 0 0
     22140      22440 0 0 0 0 0 1 0
     22200      22440 0 0 0 0 0 1 0
     23700      23940 1 1 1 1 1 0 0
     23940      24240 0 0 0 0 0 1 0
     24000      24240 0 0 0 0 0 1 0
     25500      25740 1 1 1 1 1 0 0
     25740      26040 0 0 0 0 0 1 0
     25800      26040 0 0 0 0 0 1 0
     27540      27840 0 0 0 0 0 1 0
     27660      27960 0 0 0 0 0 1 0
     29340      29640 0 0 0 0 0 1 0
     29520      29760 0 0 0 0 0 1 0
     31140      31440 0 0 0 0 0 1 0
     31320      31560 0 0 0 0 0 1 0
     32940      33240 0 0 0 0 0 1 0
     33120      33360 0 0 0 0 0 1 0
     33540      33840 0 0 0 0 0 1 0
     33540      33840 0 0 0 0 0 1 0
     34740      35040 0 0 0 0 0 1 0
     34920      35160 0 0 0 0 0 1 0
     35340      35640 0 0 0 0 0 1 0
     35340      35640 0 0 0 0 0 1 0
     36540      36840 0 0 0 0 0 1 0
     36720      36960 0 0 0 0 0 1 0
     37140      37440 0 0 0 0 0 1 0
     37140      37440 0 0 0 0 0 1 0
     38100      38340 1 1 1 1 1 0 0
     38340      38640 0 0 0 0 0 1 0
     38520      38760 0 0 0 0 0 1 0
     38940      39240 0 0 0 0 0 1 0
     38940      39240 0 0 0 0 0 1 0
     39900      40140 1 1 1 1 1 0 0
     40140      40440 0 0 0 0 0 1 0
     40320      40560 0 0 0 0 0 1 0
     40740      41040 0 0 0 0 0 1 0
     40740      41040 0 0 0 0 0 1 0
     41700      41940 1 0 0 0 0 0 0
     41700      41940 1 1 1 1 1 0 0
     41940      42240 0 0 0 0 0 1 0
     42060      42360 0 0 0 0 0 1 0
     42540      42840 0 0 0 0 0 1 0
     42540      42840 0 0 0 0 0 1 0
     43500      43740 1 1 1 1 1 0 0
     43500      43740 1 0 0 0 0 0 0
     43740      44040 0 0 0 0 0 1 0
     43920      44160 0 0 0 0 0 1 0
     44340      44640 0 0 0 0 0 1 0
     44340      44640 0 0 0 0 0 1 0
     45300      45540 1 0 0 0 0 0 0
     45300      45540 1 1 1 1 1 0 0
     45540      45840 0 0 0 0 0 1 0
     45660      45960 0 0 0 0 0 1 0
     46140      46440 0 0 0 0 0 1 0
     46140      46440 0 0 0 0 0 1 0
     47100      47340 1 0 0 0 0 0 0
     47100      47340 1 1 1 1 1 0 0
     47340      47640 0 0 0 0 0 1 0
     47520      47760 0 0 0 0 0 1 0
     47940      48240 0 0 0 0 0 1 0
     47940      48240 0 0 0 0 0 1 0
     48900      49140 1 1 1 1 1 0 0
     49140      49440 0 0 0 0 0 1 0
     49260      49560 0 0 0 0 0 1 0
     49740      50040 0 0 0 0 0 1 0
     49740      50040 0 0 0 0 0 1 0
     50700      50940 1 1 1 1 1 0 0
     50940      51240 0 0 0 0 0 1 0
     51120      51360 0 0 0 0 0 1 0
     51540      51840 0 0 0 0 0 1 0
     51540      51840 0 0 0 0 0 1 0
     52500      52740 1 1 1 1 1 0 0
     52740      53040 0 0 0 0 0 1 0
     52860      53160 0 0 0 0 0 1 0
     53340      53640 0 0 0 0 0 1 0
     53340      53640 0 0 0 0 0 1 0
     54300      54540 1 1 1 1 1 0 0
     54540      54840 0 0 0 0 0 1 0
     54720      54960 0 0 0 0 0 1 0
     55140      55440 0 0 0 0 0 1 0
     55140      55440 0 0 0 0 0 1 0
     56100      56340 1 1 1 1 1 0 0
     56340      56640 0 0 0 0 0 1 0
     56460      56760 0 0 0 0 0 1 0
     56940      57240 0 0 0 0 0 1 0
     56940      57240 0 0 0 0 0 1 0
     57900      58140 1 1 1 1 1 0 0
     58140      58440 0 0 0 0 0 1 0
     58320      58560 0 0 0 0 0 1 0
     58740      59040 0 0 0 0 0 1 0
     58740      59040 0 0 0 0 0 1 0
     59940      60240 0 0 0 0 0 1 0
     60060      60360 0 0 0 0 0 1 0
     60540      60840 0 0 0 0 0 1 0
     60540      60840 0 0 0 0 0 1 0
     61740      62040 0 0 0 0 0 1 0
     61920      62160 0 0 0 0 0 1 0
     62340      62640 0 0 0 0 0 1 0
     62340      62640 0 0 0 0 0 1 0
     63540      63840 0 0 0 0 0 1 0
     63660      63960 0 0 0 0 0 1 0
     64140      64440 0 0 0 0 0 1 0
     64140      64440 0 0 0 0 0 1 0
     65340      65640 0 0 0 0 0 1 0
     65520      65760 0 0 0 0 0 1 0
     65940      66240 0 0 0 0 0 1 0
     65940      66240 0 0 0 0 0 1 0
     67140      67440 0 0 0 0 0 1 0
     67260      67560 0 0 0 0 0 1 0
     67740      68040 0 0 0 0 0 1 0
     67740      68040 0 0 0 0 0 1 0
     68940      69240 0 0 0 0 0 1 0
     69120      69360 0 0 0 0 0 1 0
     69540      69840 0 0 0 0 0 1 0
     69540      69840 0 0 0 0 0 1 0
     70740      71040 0 0 0 0 0 1 0
     70860      71160 0 0 0 0 0 1 0
     71340      71640 0 0 0 0 0 1 0
     71340      71640 0 0 0 0 0 1 0
     72540      72840 0 0 0 0 0 1 0
     72720      72960 0 0 0 0 0 1 0
     72900      73200 1 1 1 1 1 0 0
     73140      73440 0 0 0 0 0 1 0
     73140      73440 0 0 0 0 0 1 0
     74100      74340 1 1 1 1 1 0 0
     74340      74640 0 0 0 0 0 1 0
     74460      74760 0 0 0 0 0 1 0
     74940      75240 0 0 0 0 0 1 0
     74940      75240 0 0 0 0 0 1 0
     75900      76140 1 1 1 1 1 0 0
     76140      76440 0 0 0 0 0 1 0
     76320      76560 0 0 0 0 0 1 0
     76740      77040 0 0 0 0 0 1 0
     76740      77040 0 0 0 0 0 1 0
     77640      77940 0 0 0 0 0 1 0
     77640      77940 0 0 0 0 0 1 0
     77700      77940 1 1 1 1 1 0 0
     77700      77940 1 1 0 1 0 0 0
     79440      79740 0 0 0 0 0 1 0
     79440      79740 0 0 0 0 0 1 0
     79500      79740 1 1 1 1 1 0 0
     81240      81540 0 0 0 0 0 1 0
     81240      81540 0 0 0 0 0 1 0
     83040      83340 0 0 0 0 0 1 0
     83040      83340 0 0 0 0 0 1 0
     84840      85140 0 0 0 0 0 1 0
     84840      85140 0 0 0 0 0 1 0
152
