         0        120 1 1 0 1 0 0 0
      1020       1140 1 1 0 1 0 0 0
      1800       1920 1 1 0 1 0 0 0
      2820       2940 1 1 0 1 0 0 0
      3600       3720 1 1 0 1 0 0 0
      4800       4920 1 1 0 1 0 0 0
      5400       5520 1 1 0 1 0 0 0
     22680      22800 1 1 1 1 1 0 0
     26340      26460 1 1 1 1 1 0 0
     27540      27660 1 1 1 1 1 0 0
     28140      28260 1 1 1 1 1 0 0
     28740      28860 1 1 1 1 1 0 0
     29340      29460 1 1 1 1 1 0 0
     29940      30060 1 1 1 1 1 0 0
     30540      30660 1 1 1 1 1 0 0
     31140      31260 1 1 1 1 1 0 0
     31740      31860 1 1 1 1 1 0 0
     32340      32460 1 1 1 1 1 0 0
     32940      33060 1 1 1 1 1 0 0
     33540      33660 1 1 1 1 1 0 0
     34140      34260 1 1 1 1 1 0 0
     34500      34620 1 1 1 1 1 0 0
     35100      35220 1 1 1 1 1 0 0
     36540      36660 1 1 1 1 1 0 0
     37140      37260 1 1 1 1 1 0 0
     37740      37860 1 1 1 1 1 0 0
     39600      39720 0 0 0 1 0 0 0
     40620      40740 0 0 0 1 0 0 0
     41400      41520 0 0 0 1 0 0 0
     42420      42540 0 0 0 1 0 0 0
     43200      43320 0 0 0 1 0 0 0
     44220      44340 0 0 0 1 0 0 0
     45000      45120 0 0 0 1 0 0 0
     46020      46140 0 0 0 1 0 0 0
     46800      46920 0 0 0 1 0 0 0
     47820      47940 0 0 0 1 0 0 0
     48600      48720 0 0 0 1 0 0 0
     58440      58560 1 1 1 1 1 0 0
     59040      59160 1 1 1 1 1 0 0
     59640      59760 1 1 1 1 1 0 0
     60240      60360 1 1 1 1 1 0 0
     60840      60960 1 1 1 1 1 0 0
     61440      61560 1 1 1 1 1 0 0
     62040      62160 1 1 1 1 1 0 0
     62640      62760 1 1 1 1 1 0 0
     63240      63360 1 1 1 1 1 0 0
     63840      63960 1 1 1 1 1 0 0
     64440      64560 1 1 1 1 1 0 0
     65040      65160 1 1 1 1 1 0 0
     65640      65760 1 1 1 1 1 0 0
     66240      66360 1 1 1 1 1 0 0
     66840      66960 1 1 1 1 1 0 0
     67440      67560 1 1 1 1 1 0 0
     68040      68160 1 1 1 1 1 0 0
     68640      68760 1 1 1 1 1 0 0
     69240      69360 1 1 1 1 1 0 0
     69840      69960 1 1 1 1 1 0 0
     70440      70560 1 1 1 1 1 0 0
     71040      71160 1 1 1 1 1 0 0
     71640      71760 1 1 1 1 1 0 0
     72240      72360 1 1 1 1 1 0 0
     72960      73080 1 1 1 1 1 0 0
     79200      79320 1 1 0 1 0 0 0
     80220      80340 1 1 0 1 0 0 0
     81000      81120 1 1 0 1 0 0 0
     82020      82140 1 1 0 1 0 0 0
     82800      82920 1 1 0 1 0 0 0
     83820      83940 1 1 0 1 0 0 0
     84600      84720 1 1 0 1 0 0 0
     85620      85740 1 1 0 1 0 0 0
70
