       240        360 0 0 0 0 0 1 0
       240        360 0 0 0 0 0 1 0
       540        660 1 1 1 1 1 0 0
      1500       1620 0 0 1 0 1 0 0
      1560       1680 0 0 0 0 0 1 0
      1560       1680 0 0 0 0 0 1 0
      2340       2460 0 0 1 0 1 0 0
     15900      16020 1 1 1 1 1 0 0
     16740      16860 0 0 0 0 0 1 0
     16740      16860 0 0 0 0 0 1 0
     16740      16860 1 1 1 1 1 0 0
     17700      17820 1 1 1 1 1 0 0
     18540      18660 1 1 1 1 1 0 0
     18600      18720 0 0 0 0 0 1 0
     18600      18720 0 0 0 0 0 1 0
     19500      19620 1 1 1 1 1 0 0
     20340      20460 1 1 1 1 1 0 0
     20400      20520 0 0 0 0 0 1 0
     20400      20520 0 0 0 0 0 1 0
     21300      21420 1 1 1 1 1 0 0
     22200      22320 0 0 0 0 0 1 0
     22200      22320 0 0 0 0 0 1 0
     24000      24120 0 0 0 0 0 1 0
     24000      24120 0 0 0 0 0 1 0
     25800      25920 0 0 0 0 0 1 0
     25800      25920 0 0 0 0 0 1 0
     27600      27720 0 0 0 0 0 1 0
     27600      27720 0 0 0 0 0 1 0
     29400      29520 0 0 0 0 0 1 0
     29400      29520 0 0 0 0 0 1 0
     31200      31320 0 0 0 0 0 1 0
     31200      31320 0 0 0 0 0 1 0
     33000      33120 0 0 0 0 0 1 0
     33000      33120 0 0 0 0 0 1 0
     34800      34920 0 0 0 0 0 1 0
     34800      34920 0 0 0 0 0 1 0
     35700      35820 1 1 1 1 1 0 0
     36600      36720 0 0 0 0 0 1 0
     36600      36720 0 0 0 0 0 1 0
     38340      38460 1 1 1 1 1 0 0
     38400      38520 0 0 0 0 0 1 0
     38400      38520 0 0 0 0 0 1 0
     39300      39420 1 1 1 1 1 0 0
     39300      39420 1 0 0 0 0 0 0
     40140      40260 1 1 1 1 1 0 0
     40200      40320 0 0 0 0 0 1 0
     40200      40320 0 0 0 0 0 1 0
     41100      41220 1 0 0 0 0 0 0
     41100      41220 1 0 0 0 0 0 0
     41100      41220 1 1 1 1 1 0 0
     41940      42060 1 0 0 0 0 0 0
     41940      42060 1 1 1 1 1 0 0
     42000      42120 0 0 0 0 0 1 0
     42000      42120 0 0 0 0 0 1 0
     42900      43020 1 1 1 1 1 0 0
     42900      43020 1 0 0 0 0 0 0
     42900      43020 1 0 0 0 0 0 0
     43740      43860 1 0 0 0 0 0 0
     43740      43860 1 1 1 1 1 0 0
     43800      43920 0 0 0 0 0 1 0
     43800      43920 0 0 0 0 0 1 0
     44700      44820 1 1 1 1 1 0 0
     44700      44820 1 0 0 0 0 0 0
     44700      44820 1 0 0 0 0 0 0
     45540      45660 1 0 0 0 0 0 0
     45540      45660 1 1 1 1 1 0 0
     45600      45720 0 0 0 0 0 1 0
     45600      45720 0 0 0 0 0 1 0
     46500      46620 1 1 1 1 1 0 0
     47340      47460 1 1 1 1 1 0 0
     47400      47520 0 0 0 0 0 1 0
     47400      47520 0 0 0 0 0 1 0
     48300      48420 1 1 1 1 1 0 0
     49140      49260 1 1 1 1 1 0 0
     49200      49320 0 0 0 0 0 1 0
     49200      49320 0 0 0 0 0 1 0
     51000      51120 0 0 0 0 0 1 0
     51000      51120 0 0 0 0 0 1 0
     51900      52020 1 1 1 1 1 0 0
     52740      52860 1 1 1 1 1 0 0
     53700      53820 1 1 1 1 1 0 0
     54600      54720 0 0 0 0 0 1 0
     54600      54720 0 0 0 0 0 1 0
     56400      56520 0 0 0 0 0 1 0
     56400      56520 0 0 0 0 0 1 0
     58200      58320 0 0 0 0 0 1 0
     58200      58320 0 0 0 0 0 1 0
     60000      60120 0 0 0 0 0 1 0
     60000      60120 0 0 0 0 0 1 0
     61800      61920 0 0 0 0 0 1 0
     61800      61920 0 0 0 0 0 1 0
     63600      63720 0 0 0 0 0 1 0
     63600      63720 0 0 0 0 0 1 0
     65400      65520 0 0 0 0 0 1 0
     65400      65520 0 0 0 0 0 1 0
     67200      67320 0 0 0 0 0 1 0
     67200      67320 0 0 0 0 0 1 0
     69000      69120 0 0 0 0 0 1 0
     69000      69120 0 0 0 0 0 1 0
     70740      70860 1 1 1 1 1 0 0
     70800      70920 0 0 0 0 0 1 0
     70800      70920 0 0 0 0 0 1 0
     71700      71820 1 1 1 1 1 0 0
     72540      72660 1 1 1 1 1 0 0
     72600      72720 0 0 0 0 0 1 0
     72600      72720 0 0 0 0 0 1 0
     73500      73620 1 1 1 1 1 0 0
     74040      74160 0 0 0 0 0 1 0
     74040      74160 0 0 0 0 0 1 0
     74340      74460 1 1 1 1 1 0 0
     75300      75420 1 1 1 1 1 0 0
     75840      75960 0 0 0 0 0 1 0
     75840      75960 0 0 0 0 0 1 0
     76140      76260 1 1 1 1 1 0 0
     77100      77220 1 1 1 1 1 0 0
     77640      77760 0 0 0 0 0 1 0
     77640      77760 0 0 0 0 0 1 0
     77940      78060 1 1 1 1 1 0 0
     78900      79020 1 1 1 1 1 0 0
     79440      79560 0 0 0 0 0 1 0
     79440      79560 0 0 0 0 0 1 0
     79740      79860 1 1 1 1 1 0 0
     80700      80820 1 1 1 1 0 0 0
     80700      80820 0 0 0 1 0 0 0
     81240      81360 0 0 0 0 0 1 0
     81240      81360 0 0 0 0 0 1 0
     81540      81660 1 1 1 1 1 0 0
     82500      82620 1 1 1 1 1 0 0
     83040      83160 0 0 0 0 0 1 0
     83040      83160 0 0 0 0 0 1 0
     83340      83460 1 1 1 1 1 0 0
     84300      84420 1 1 1 1 1 0 0
     84360      84480 0 0 0 1 0 0 0
     84840      84960 0 0 0 0 0 1 0
     84840      84960 0 0 0 0 0 1 0
     85140      85260 1 1 1 1 1 0 0
     86100      86220 1 1 1 1 1 0 0
137
