       540        660 1 1 0 1 0 0 0
     22140      22260 1 1 1 1 1 0 0
     23100      23220 1 1 1 1 1 0 0
     23700      23820 1 1 1 1 1 0 0
     24300      24420 1 1 1 1 1 0 0
     24900      25020 1 1 1 1 1 0 0
     25500      25620 1 1 1 1 1 0 0
     26100      26220 1 1 1 1 1 0 0
     26700      26820 1 1 1 1 1 0 0
     27300      27420 1 1 1 1 1 0 0
     27900      28020 1 1 1 1 1 0 0
     28500      28620 1 1 1 1 1 0 0
     29100      29220 1 1 1 1 1 0 0
     29700      29820 1 1 1 1 1 0 0
     30300      30420 1 1 1 1 1 0 0
     30900      31020 1 1 1 1 1 0 0
     31500      31620 1 1 1 1 1 0 0
     32100      32220 1 1 1 1 1 0 0
     32700      32820 1 1 1 1 1 0 0
     33300      33420 1 1 1 1 1 0 0
     33900      34020 1 1 1 1 1 0 0
     34500      34620 1 1 1 1 1 0 0
     36540      36660 1 1 1 1 1 0 0
     37500      37620 1 1 1 1 1 0 0
     39300      39420 0 0 0 1 0 0 0
     40140      40260 0 0 0 1 0 0 0
     41100      41220 0 0 0 1 0 0 0
     41940      42060 0 0 0 1 0 0 0
     42900      43020 0 0 0 1 0 0 0
     43740      43860 0 0 0 1 0 0 0
     44700      44820 0 0 0 1 0 0 0
     45540      45660 0 0 0 1 0 0 0
     46500      46620 0 0 0 1 0 0 0
     47340      47460 0 0 0 1 0 0 0
     48300      48420 0 0 0 1 0 0 0
     50100      50220 1 1 1 1 1 0 0
     50940      51060 1 1 1 1 1 0 0
     52800      52920 0 0 0 0 0 1 0
     52800      52920 0 0 0 0 0 1 0
     54360      54480 1 1 1 1 1 0 0
     54960      55080 1 1 1 1 1 0 0
     55560      55680 1 1 1 1 1 0 0
     56160      56280 1 1 1 1 1 0 0
     56760      56880 1 1 1 1 1 0 0
     57360      57480 1 1 1 1 1 0 0
     57960      58080 1 1 1 1 1 0 0
     58560      58680 1 1 1 1 1 0 0
     59160      59280 1 1 1 1 1 0 0
     59760      59880 1 1 1 1 1 0 0
     60360      60480 1 1 1 1 1 0 0
     60960      61080 1 1 1 1 1 0 0
     61560      61680 1 1 1 1 1 0 0
     62160      62280 1 1 1 1 1 0 0
     62760      62880 1 1 1 1 1 0 0
     63360      63480 0 0 1 0 0 0 0
     63360      63480 1 1 1 1 1 0 0
     63960      64080 1 1 1 1 1 0 0
     64560      64680 1 1 1 1 1 0 0
     65160      65280 1 1 1 1 1 0 0
     65760      65880 1 1 1 1 1 0 0
     66360      66480 1 1 1 1 1 0 0
     66960      67080 1 1 1 1 1 0 0
     67560      67680 1 1 1 1 1 0 0
     68160      68280 1 1 1 1 1 0 0
     68760      68880 1 1 1 1 1 0 0
     69900      70020 1 1 1 1 1 0 0
     78900      79020 1 1 0 1 0 0 0
     79740      79860 1 1 0 1 0 0 0
     80700      80820 1 1 1 1 1 0 0
     81540      81660 1 1 0 1 0 0 0
     82500      82620 1 1 0 1 0 0 0
     83340      83460 1 1 0 1 0 0 0
     84300      84420 1 1 0 1 0 0 0
     85140      85260 1 1 0 1 0 0 0
     86100      86220 1 1 0 1 0 0 0
75
