         0        120 1 1 1 1 1 0 0
      1020       1140 1 1 1 1 1 0 0
      1440       1560 0 0 0 0 0 1 0
      1440       1560 0 0 0 0 0 1 0
      1800       1920 1 1 1 1 1 0 0
      1860       1980 1 1 1 1 0 0 0
      2340       2460 0 0 0 0 0 1 0
      2340       2460 0 0 0 0 0 1 0
      2820       2940 1 1 1 1 1 0 0
      2880       3060 0 0 0 1 0 0 0
      3600       3720 1 1 1 1 1 0 0
      3600       3720 1 1 1 1 0 0 0
      4140       4260 0 0 0 0 0 1 0
      4140       4260 0 0 0 0 0 1 0
      4800       4920 1 1 1 1 1 0 0
      5040       5160 0 0 0 0 0 1 0
      5040       5160 0 0 0 0 0 1 0
      5400       5520 1 1 1 1 0 0 0
      5400       5520 0 0 1 0 1 0 0
      5460       5580 0 0 0 1 0 0 0
      5940       6060 0 0 0 0 0 1 0
      5940       6060 0 0 0 0 0 1 0
      6660       6780 0 0 1 0 1 0 0
      6840       6960 0 0 0 0 0 1 0
      6840       6960 0 0 0 0 0 1 0
      7860       7980 0 0 1 0 1 0 0
     19800      19920 1 1 1 1 1 0 0
     20820      20940 1 1 1 1 1 0 0
     21540      21660 0 0 0 0 0 1 0
     21600      21720 1 1 1 1 1 0 0
     21720      21780 0 0 0 0 0 1 0
     23340      23460 0 0 0 0 0 1 0
     23400      23520 1 1 1 1 1 0 0
     23520      23580 0 0 0 0 0 1 0
     24420      24540 1 1 1 1 1 0 0
     25140      25260 0 0 0 0 0 1 0
     25200      25320 1 1 1 1 1 0 0
     25320      25380 0 0 0 0 0 1 0
     26940      27060 0 0 0 0 0 1 0
     27000      27120 1 1 1 1 1 0 0
     27120      27180 0 0 0 0 0 1 0
     28740      28860 0 0 0 0 0 1 0
     28920      28980 0 0 0 0 0 1 0
     30540      30660 0 0 0 0 0 1 0
     30720      30780 0 0 0 0 0 1 0
     32340      32460 0 0 0 0 0 1 0
     32520      32580 0 0 0 0 0 1 0
     34440      34560 0 0 0 0 0 1 0
     34440      34560 0 0 0 0 0 1 0
     35940      36060 1 1 1 1 1 0 0
     36240      36360 0 0 0 0 0 1 0
     36420      36540 0 0 0 0 0 1 0
     38040      38160 0 0 0 0 0 1 0
     38040      38160 0 0 0 0 0 1 0
     38820      38940 1 1 1 1 1 0 0
     39600      39720 1 1 1 1 1 0 0
     39840      39960 0 0 0 0 0 1 0
     39840      39960 0 0 0 0 0 0 0
     39840      39960 0 0 0 0 0 1 0
     40620      40740 0 0 0 0 1 0 0
     40620      40740 1 1 1 1 1 0 0
     41400      41520 1 1 1 1 1 0 0
     41640      41760 0 0 0 0 0 1 0
     41640      41760 0 0 0 0 0 1 0
     42420      42540 1 1 1 1 1 0 0
     42540      42660 1 0 0 0 0 0 0
     42540      42660 1 0 0 0 0 0 0
     43200      43320 1 0 0 0 0 0 0
     43200      43320 1 1 1 1 1 0 0
     43440      43560 0 0 0 0 0 1 0
     43440      43560 0 0 0 0 0 1 0
     44220      44340 1 0 0 0 0 0 0
     44220      44340 1 1 1 1 1 0 0
     45000      45120 1 1 1 1 1 0 0
     45000      45120 1 0 0 0 0 0 0
     45240      45360 0 0 0 0 0 1 0
     45360      45420 0 0 0 0 0 1 0
     46020      46140 1 1 1 1 1 0 0
     46080      46200 1 0 0 0 0 0 0
     46080      46200 1 0 0 0 0 0 0
     46800      46920 1 1 1 1 1 0 0
     46800      46920 1 0 0 0 0 0 0
     47040      47160 0 0 0 0 0 1 0
     47040      47160 0 0 0 0 0 1 0
     47820      47940 1 1 1 1 1 0 0
     48600      48720 1 1 1 1 1 0 0
     48840      48960 0 0 0 0 0 1 0
     48840      48960 0 0 0 0 0 1 0
     49620      49740 1 1 1 1 1 0 0
     50400      50520 1 1 1 1 1 0 0
     50640      50760 0 0 0 0 0 1 0
     50640      50760 0 0 0 0 0 1 0
     51420      51540 1 1 1 1 1 0 0
     52200      52320 1 1 1 1 1 0 0
     52440      52560 0 0 0 0 0 1 0
     52440      52560 0 0 0 0 0 1 0
     53220      53340 1 1 1 1 1 0 0
     54000      54120 1 1 1 1 1 0 0
     54240      54360 0 0 0 0 0 1 0
     54240      54360 0 0 0 0 0 1 0
     55020      55140 1 1 1 1 1 0 0
     55800      55920 1 1 1 1 1 0 0
     56040      56160 0 0 0 0 0 1 0
     56040      56160 0 0 0 0 0 1 0
     56820      56940 1 1 1 1 1 0 0
     57600      57720 1 1 1 1 1 0 0
     57840      57960 0 0 0 0 0 1 0
     57840      57960 0 0 0 0 0 1 0
     59640      59760 0 0 0 0 0 1 0
     59700      59820 0 0 0 0 0 1 0
     61440      61560 0 0 0 0 0 1 0
     61440      61560 0 0 0 0 0 1 0
     63240      63360 0 0 0 0 0 1 0
     63420      63540 0 0 0 0 0 1 0
     65040      65160 0 0 0 0 0 1 0
     65220      65340 0 0 0 0 0 1 0
     66840      66960 0 0 0 0 0 1 0
     66840      66960 0 0 0 0 0 1 0
     68640      68760 0 0 0 0 0 1 0
     68700      68820 0 0 0 0 0 1 0
     70440      70560 0 0 0 0 0 1 0
     70500      70620 0 0 0 0 0 1 0
     72240      72360 0 0 0 0 0 1 0
     72300      72420 0 0 0 0 0 1 0
     73800      73920 1 1 1 1 1 0 0
     74040      74160 0 0 0 0 0 1 0
     74100      74220 0 0 0 0 0 1 0
     74820      74940 1 1 1 1 1 0 0
     75000      75060 0 0 0 1 0 0 0
     75600      75720 1 1 1 1 1 0 0
     75840      75960 0 0 0 0 0 1 0
     75900      76020 0 0 0 0 0 1 0
     76620      76740 1 1 1 1 1 0 0
     77340      77460 0 0 0 0 0 1 0
     77400      77520 1 1 1 1 1 0 0
     77460      77580 0 0 0 0 0 1 0
     78420      78540 1 1 1 1 1 0 0
     78840      78960 0 0 0 0 0 1 0
     78840      78960 0 0 0 0 0 1 0
     79200      79320 1 1 1 1 1 0 0
     80220      80340 1 1 1 1 1 0 0
     80640      80760 0 0 0 0 0 1 0
     80640      80760 0 0 0 0 0 1 0
     81000      81120 1 1 1 1 1 0 0
     82020      82140 1 1 1 1 1 0 0
     82440      82560 0 0 0 0 0 1 0
     82440      82560 0 0 0 0 0 1 0
     82800      82920 1 1 1 1 1 0 0
     83820      83940 1 1 1 1 1 0 0
     84240      84360 0 0 0 0 0 1 0
     84240      84360 0 0 0 0 0 1 0
     84600      84720 1 1 1 1 1 0 0
     85620      85740 1 1 1 1 1 0 0
     86040      86160 0 0 0 0 0 1 0
     86040      86160 0 0 0 0 0 1 0
155
