      2520       3180 1 1 1 1 1 0 0
      2580       3180 0 0 0 1 0 0 0
      2640       3300 1 1 1 1 0 0 0
      3480       3900 0 0 0 0 0 1 0
      3480       3900 0 0 0 0 0 1 0
      3480       3900 0 0 0 0 0 0 0
     16920      17400 1 1 1 1 1 0 0
     16920      17400 0 0 0 0 1 0 0
     17400      17880 0 0 0 0 0 1 0
     17400      17880 0 0 0 0 0 1 0
     17400      17880 0 0 0 0 0 1 0
     20460      21000 1 1 1 1 1 0 0
     21960      22380 1 1 1 1 1 0 0
     22680      23220 0 0 0 0 0 1 0
     22680      23220 0 0 0 0 0 1 0
     22680      23220 0 0 0 0 0 1 0
     22920      23340 1 1 1 1 1 0 0
     23100      23520 1 1 1 1 1 0 0
     23760      24180 1 1 1 1 1 0 0
     24360      24900 0 0 0 0 0 1 0
     24360      24900 0 0 0 0 0 1 0
     24360      24780 1 1 1 1 1 0 0
     24720      25140 1 1 1 1 1 0 0
     25380      25920 1 1 1 1 1 0 0
     25380      25920 1 1 1 1 1 0 0
     25920      26340 1 1 1 1 1 0 0
     26160      26580 1 1 1 1 1 0 0
     26520      26940 1 1 1 1 1 0 0
     26700      27120 1 1 1 1 1 0 0
     26700      27120 1 1 1 1 1 0 0
     27120      27540 1 1 1 1 1 0 0
     27360      27780 1 1 1 1 1 0 0
     27720      28140 1 1 1 1 1 0 0
     27900      28320 1 1 1 1 1 0 0
     27900      28320 1 1 1 1 1 0 0
     28320      28740 1 1 1 1 1 0 0
     28500      28980 0 0 0 0 0 1 0
     28560      28980 1 1 1 1 1 0 0
     28920      29340 1 1 1 1 1 0 0
     29100      29520 1 1 1 1 1 0 0
     29520      29940 1 1 1 1 1 0 0
     29760      30180 1 1 1 1 1 0 0
     30120      30540 1 1 1 1 1 0 0
     30300      30720 1 1 1 1 1 0 0
     30300      30720 1 1 1 1 1 0 0
     30720      31140 1 1 1 1 1 0 0
     30960      31380 1 1 1 1 1 0 0
     31320      31740 1 1 1 1 1 0 0
     31500      31920 1 1 1 1 1 0 0
     31920      32340 1 1 1 1 1 0 0
     32100      32580 0 0 0 0 0 1 0
     32160      32580 1 1 1 1 1 0 0
     32520      32940 1 1 1 1 1 0 0
     32700      33120 1 1 1 1 1 0 0
     32700      33120 1 1 1 1 1 0 0
     33120      33540 1 1 1 1 1 0 0
     33360      33780 1 1 1 1 1 0 0
     33720      34140 1 1 1 1 1 0 0
     34500      34920 1 1 1 1 1 0 0
     34920      35340 1 1 1 1 1 0 0
     35760      36240 0 0 0 0 0 1 0
     35760      36240 0 0 0 0 0 1 0
     35760      36240 0 0 0 0 0 1 0
     37500      37980 0 0 0 0 0 1 0
     37500      37980 0 0 0 0 0 1 0
     37500      37980 0 0 0 0 0 1 0
     38520      39000 1 1 1 1 1 0 0
     39300      39780 0 0 0 0 0 1 0
     39300      39780 0 0 0 0 0 1 0
     39300      39780 0 0 0 0 0 1 0
     42120      42780 0 0 0 0 1 0 0
     42120      42600 1 0 0 0 0 0 0
     42120      42600 1 1 1 1 1 0 0
     42900      43380 0 0 0 0 0 1 0
     42900      43380 0 0 0 0 0 1 0
     42900      43380 0 0 0 0 0 1 0
     45720      46200 0 0 0 0 1 0 0
     46560      47040 0 0 0 0 0 1 0
     46560      47040 0 0 0 0 0 1 0
     46560      47040 0 0 0 0 0 1 0
     49320      49800 1 1 1 1 1 0 0
     49320      49800 0 1 0 0 0 0 0
     49320      49800 0 0 0 1 0 0 0
     50100      50580 0 0 0 0 0 1 0
     50100      50580 0 0 0 0 0 1 0
     50100      50580 0 0 0 0 0 1 0
     52920      53400 0 1 0 0 0 0 0
     52920      53400 1 1 1 1 1 0 0
     53700      54180 0 0 0 0 0 1 0
     53700      54180 0 0 0 0 0 1 0
     53700      54180 0 0 0 0 0 1 0
     54300      54720 1 1 1 1 1 0 0
     55020      55440 1 1 1 1 1 0 0
     55440      55860 1 1 1 1 1 0 0
     55620      56040 1 1 1 1 1 0 0
     56100      56520 1 1 1 1 1 0 0
     56520      57060 0 1 0 0 0 0 0
     56520      57060 1 1 1 1 1 0 0
     56820      57240 1 1 1 1 1 0 0
     57240      57660 1 1 1 1 1 0 0
     57360      57840 0 0 0 0 0 1 0
     57360      57840 0 0 0 0 0 1 0
     57360      57840 0 0 0 0 0 1 0
     57420      57840 1 1 1 1 1 0 0
     57900      58440 1 1 1 1 1 0 0
     58440      58860 1 1 1 1 1 0 0
     58620      59040 1 1 1 1 1 0 0
     59040      59460 1 1 1 1 1 0 0
     59220      59640 1 1 1 1 1 0 0
     59580      60060 1 1 1 1 1 0 0
     59760      60240 1 1 1 1 1 0 0
     60120      60660 0 1 0 0 0 0 0
     60120      60660 1 1 1 1 1 0 0
     60420      60840 1 1 1 1 1 0 0
     60840      61260 1 1 1 1 1 0 0
     60900      61380 0 0 0 0 0 1 0
     60900      61380 0 0 0 0 0 1 0
     60900      61380 0 0 0 0 0 1 0
     61020      61440 1 1 1 1 1 0 0
     61380      61800 1 1 1 1 1 0 0
     61620      62040 1 1 1 1 1 0 0
     61920      62400 1 1 1 1 1 0 0
     62220      62640 1 1 1 1 1 0 0
     62640      63060 1 1 1 1 1 0 0
     62820      63240 1 1 1 1 1 0 0
     63420      63840 1 1 1 1 1 0 0
     63720      64200 0 1 0 0 0 0 0
     63720      64200 1 1 1 1 1 0 0
     64020      64440 1 1 1 1 1 0 0
     64500      64980 0 0 0 0 0 1 0
     64500      64980 0 0 0 0 0 1 0
     64500      64980 0 0 0 0 0 1 0
     64620      65040 1 1 1 1 1 0 0
     65160      65640 1 1 1 1 1 0 0
     65820      66240 1 1 1 1 1 0 0
     66420      66840 1 1 1 1 1 0 0
     66960      67440 1 1 1 1 1 0 0
     67320      67860 0 1 0 0 0 0 0
     67320      67860 1 1 1 1 1 0 0
     67620      68040 1 1 1 1 1 0 0
     68100      68580 0 0 0 0 0 1 0
     68100      68580 0 0 0 0 0 1 0
     68100      68580 0 0 0 0 0 1 0
     68220      68640 1 1 1 1 1 0 0
     68700      69120 1 1 1 1 1 0 0
     70920      71400 1 1 1 1 1 0 0
     70920      71400 0 0 1 0 0 0 0
     71700      72180 0 0 0 0 0 1 0
     71700      72180 0 0 0 0 0 1 0
     71700      72180 0 0 0 0 0 1 0
     74520      75000 0 0 1 0 0 0 0
     74520      75000 1 1 1 1 1 0 0
     74520      75000 0 0 0 1 0 0 0
     76440      76860 0 0 0 0 0 1 0
     76440      76920 0 0 0 0 0 1 0
     76440      76920 0 0 0 0 0 1 0
     78120      78600 1 1 1 1 1 0 0
     80040      80520 0 0 0 0 0 1 0
     80040      80460 0 0 0 0 0 1 0
     80040      80520 0 0 0 0 0 1 0
     81720      82200 1 1 1 1 1 0 0
     81720      82200 0 0 1 0 0 0 0
     81720      82200 1 1 1 1 0 0 0
     83640      84060 0 0 0 0 0 1 0
     83640      84120 0 0 0 0 0 1 0
     83640      84120 0 0 0 0 0 1 0
     85320      85800 1 1 1 1 1 0 0
167
