       300        420 1 1 0 1 0 0 0
     21840      22020 1 1 1 1 1 0 0
     22800      22980 1 1 1 1 1 0 0
     23400      23580 1 1 1 1 1 0 0
     24000      24180 1 1 1 1 1 0 0
     24600      24780 1 1 1 1 1 0 0
     25200      25380 1 1 1 1 1 0 0
     25800      25980 1 1 1 1 1 0 0
     27600      27780 1 1 1 1 1 0 0
     28800      28980 1 1 1 1 1 0 0
     36300      36420 1 1 1 1 1 0 0
     37260      37380 1 1 1 1 1 0 0
     39060      39180 0 0 0 1 0 0 0
     39900      40020 0 0 0 1 0 0 0
     40860      40980 0 0 0 1 0 0 0
     41700      41820 0 0 0 1 0 0 0
     42660      42780 0 0 0 1 0 0 0
     43500      43620 0 0 0 1 0 0 0
     44460      44580 0 0 0 1 0 0 0
     45300      45420 0 0 0 1 0 0 0
     46260      46380 0 0 0 1 0 0 0
     47100      47220 0 0 0 1 0 0 0
     48060      48180 0 0 0 1 0 0 0
     49860      49980 1 1 1 1 1 0 0
     50700      50820 1 1 1 1 1 0 0
     52560      52680 0 0 0 0 0 1 0
     52560      52680 0 0 0 0 0 1 0
     54060      54240 1 1 1 1 1 0 0
     54660      54840 1 1 1 1 1 0 0
     55260      55440 1 1 1 1 1 0 0
     55860      56040 1 1 1 1 1 0 0
     56460      56640 1 1 1 1 1 0 0
     57060      57240 1 1 1 1 1 0 0
     57660      57840 1 1 1 1 1 0 0
     58260      58440 1 1 1 1 1 0 0
     58860      59040 1 1 1 1 1 0 0
     60060      60240 1 1 1 1 1 0 0
     61260      61440 1 1 1 1 1 0 0
     62460      62640 1 1 1 1 1 0 0
     63660      63840 1 1 1 1 1 0 0
     64860      65040 1 1 1 1 1 0 0
     66060      66240 1 1 1 1 1 0 0
     67260      67440 1 1 1 1 1 0 0
     68460      68640 1 1 1 1 1 0 0
     69660      69780 1 1 1 1 1 0 0
     78660      78780 1 1 0 1 0 0 0
     79500      79620 1 1 0 1 0 0 0
     80460      80580 1 1 1 1 1 0 0
     81300      81420 1 1 0 1 0 0 0
     82260      82380 1 1 0 1 0 0 0
     83100      83220 1 1 0 1 0 0 0
     84060      84180 1 1 0 1 0 0 0
     84900      85020 1 1 0 1 0 0 0
     85860      85980 1 1 0 1 0 0 0
54
