     36840      37020 0 0 0 0 0 1 0
     36960      37140 0 0 0 0 0 1 0
     38640      38820 0 0 0 0 0 1 0
     38760      38940 0 0 0 0 0 1 0
     40440      40620 0 0 0 0 0 1 0
     40560      40740 0 0 0 0 0 1 0
     42240      42420 0 0 0 0 0 1 0
     42360      42480 0 0 0 0 0 1 0
     44040      44220 0 0 0 0 0 1 0
     44160      44340 0 0 0 0 0 1 0
     45840      46020 0 0 0 0 0 1 0
     45960      46080 0 0 0 0 0 1 0
     47640      47820 0 0 0 0 0 1 0
     47760      47940 0 0 0 0 0 1 0
     49440      49620 0 0 0 0 0 1 0
     49560      49680 0 0 0 0 0 1 0
     51240      51420 0 0 0 0 0 1 0
     51360      51540 0 0 0 0 0 1 0
     53040      53220 0 0 0 0 0 1 0
     53160      53280 0 0 0 0 0 1 0
     54840      55020 0 0 0 0 0 1 0
     54960      55140 0 0 0 0 0 1 0
     56640      56820 0 0 0 0 0 1 0
     56760      56880 0 0 0 0 0 1 0
     58440      58620 0 0 0 0 0 1 0
     58560      58740 0 0 0 0 0 1 0
     60240      60420 0 0 0 0 0 1 0
     60360      60480 0 0 0 0 0 1 0
     62040      62220 0 0 0 0 0 1 0
     62160      62340 0 0 0 0 0 1 0
     63840      64020 0 0 0 0 0 1 0
     63960      64080 0 0 0 0 0 1 0
     65640      65820 0 0 0 0 0 1 0
     65760      65940 0 0 0 0 0 1 0
     67440      67620 0 0 0 0 0 1 0
     67560      67680 0 0 0 0 0 1 0
     69240      69420 0 0 0 0 0 1 0
     69360      69540 0 0 0 0 0 1 0
     71040      71220 0 0 0 0 0 1 0
     71160      71280 0 0 0 0 0 1 0
     72840      73020 0 0 0 0 0 1 0
     72960      73140 0 0 0 0 0 1 0
     74640      74820 0 0 0 0 0 1 0
     74760      74880 0 0 0 0 0 1 0
     76440      76620 0 0 0 0 0 1 0
     76560      76740 0 0 0 0 0 1 0
46
