       120        240 0 0 0 0 0 1 0
       120        240 0 0 0 0 0 1 0
       420        540 1 1 1 1 1 0 0
      1380       1500 0 0 1 0 1 0 0
      1440       1560 0 0 0 0 0 1 0
      1440       1560 0 0 0 0 0 1 0
      2220       2340 0 0 1 0 1 0 0
     15780      15900 1 1 1 1 1 0 0
     16620      16740 0 0 0 0 0 1 0
     16620      16740 1 1 1 1 1 0 0
     16620      16740 0 0 0 0 0 1 0
     17580      17700 1 1 1 1 1 0 0
     18420      18540 1 1 1 1 1 0 0
     18480      18600 0 0 0 0 0 1 0
     18480      18600 0 0 0 0 0 1 0
     19380      19500 1 1 1 1 1 0 0
     20220      20340 1 1 1 1 1 0 0
     20280      20400 0 0 0 0 0 1 0
     20280      20400 0 0 0 0 0 1 0
     21180      21300 1 1 1 1 1 0 0
     22080      22200 0 0 0 0 0 1 0
     22080      22200 0 0 0 0 0 1 0
     23880      24000 0 0 0 0 0 1 0
     23880      24000 0 0 0 0 0 1 0
     25680      25800 0 0 0 0 0 1 0
     25680      25800 0 0 0 0 0 1 0
     27480      27600 0 0 0 0 0 1 0
     27480      27600 0 0 0 0 0 1 0
     29280      29400 0 0 0 0 0 1 0
     29280      29400 0 0 0 0 0 1 0
     31080      31200 0 0 0 0 0 1 0
     31080      31200 0 0 0 0 0 1 0
     32880      33000 0 0 0 0 0 1 0
     32880      33000 0 0 0 0 0 1 0
     34680      34800 0 0 0 0 0 1 0
     34680      34800 0 0 0 0 0 1 0
     35580      35700 1 1 1 1 1 0 0
     36480      36600 0 0 0 0 0 1 0
     36480      36600 0 0 0 0 0 1 0
     38220      38340 1 1 1 1 1 0 0
     38280      38400 0 0 0 0 0 1 0
     38280      38400 0 0 0 0 0 1 0
     39180      39300 1 1 1 1 1 0 0
     39180      39300 1 0 0 0 0 0 0
     40020      40140 1 1 1 1 1 0 0
     40080      40200 0 0 0 0 0 1 0
     40080      40200 0 0 0 0 0 1 0
     40980      41100 1 0 0 0 0 0 0
     40980      41100 1 1 1 1 1 0 0
     40980      41100 1 0 0 0 0 0 0
     41820      41940 1 0 0 0 0 0 0
     41820      41940 1 1 1 1 1 0 0
     41880      42000 0 0 0 0 0 1 0
     41880      42000 0 0 0 0 0 1 0
     42780      42900 1 1 1 1 1 0 0
     42780      42900 1 0 0 0 0 0 0
     42780      42900 1 0 0 0 0 0 0
     43620      43740 1 1 1 1 1 0 0
     43620      43740 1 0 0 0 0 0 0
     43680      43800 0 0 0 0 0 1 0
     43680      43800 0 0 0 0 0 1 0
     44580      44700 1 0 0 0 0 0 0
     44580      44700 1 0 0 0 0 0 0
     44580      44700 1 1 1 1 1 0 0
     45420      45540 1 1 1 1 1 0 0
     45420      45540 1 0 0 0 0 0 0
     45480      45600 0 0 0 0 0 1 0
     45480      45600 0 0 0 0 0 1 0
     46380      46500 1 1 1 1 1 0 0
     47220      47340 1 1 1 1 1 0 0
     47280      47400 0 0 0 0 0 1 0
     47280      47400 0 0 0 0 0 1 0
     48180      48300 1 1 1 1 1 0 0
     49020      49140 1 1 1 1 1 0 0
     49080      49200 0 0 0 0 0 1 0
     49080      49200 0 0 0 0 0 1 0
     50880      51000 0 0 0 0 0 1 0
     50880      51000 0 0 0 0 0 1 0
     51780      51900 1 1 1 1 1 0 0
     52620      52740 1 1 1 1 1 0 0
     53580      53700 1 1 1 1 1 0 0
     54480      54600 0 0 0 0 0 1 0
     54480      54600 0 0 0 0 0 1 0
     56280      56400 0 0 0 0 0 1 0
     56280      56400 0 0 0 0 0 1 0
     58080      58200 0 0 0 0 0 1 0
     58080      58200 0 0 0 0 0 1 0
     59880      60000 0 0 0 0 0 1 0
     59880      60000 0 0 0 0 0 1 0
     61680      61800 0 0 0 0 0 1 0
     61680      61800 0 0 0 0 0 1 0
     63480      63600 0 0 0 0 0 1 0
     63480      63600 0 0 0 0 0 1 0
     65280      65400 0 0 0 0 0 1 0
     65280      65400 0 0 0 0 0 1 0
     67080      67200 0 0 0 0 0 1 0
     67080      67200 0 0 0 0 0 1 0
     68880      69000 0 0 0 0 0 1 0
     68880      69000 0 0 0 0 0 1 0
     70620      70740 1 1 1 1 1 0 0
     70680      70800 0 0 0 0 0 1 0
     70680      70800 0 0 0 0 0 1 0
     71580      71700 1 1 1 1 1 0 0
     72420      72540 1 1 1 1 1 0 0
     72480      72600 0 0 0 0 0 1 0
     72480      72600 0 0 0 0 0 1 0
     73380      73500 1 1 1 1 1 0 0
     73920      74040 0 0 0 0 0 1 0
     73920      74040 0 0 0 0 0 1 0
     74220      74340 1 1 1 1 1 0 0
     75180      75300 1 1 1 1 1 0 0
     75720      75840 0 0 0 0 0 1 0
     75720      75840 0 0 0 0 0 1 0
     76020      76140 1 1 1 1 1 0 0
     76980      77100 1 1 1 1 1 0 0
     77520      77640 0 0 0 0 0 1 0
     77520      77640 0 0 0 0 0 1 0
     77820      77940 1 1 1 1 1 0 0
     78780      78900 1 1 1 1 1 0 0
     79320      79440 0 0 0 0 0 1 0
     79320      79440 0 0 0 0 0 1 0
     79620      79740 1 1 1 1 1 0 0
     80580      80700 0 0 0 1 0 0 0
     80580      80700 1 1 1 1 0 0 0
     81120      81240 0 0 0 0 0 1 0
     81120      81240 0 0 0 0 0 1 0
     81420      81540 1 1 1 1 1 0 0
     82380      82500 1 1 1 1 1 0 0
     82920      83040 0 0 0 0 0 1 0
     82920      83040 0 0 0 0 0 1 0
     83220      83340 1 1 1 1 1 0 0
     84180      84300 1 1 1 1 1 0 0
     84240      84360 0 0 0 1 0 0 0
     84720      84840 0 0 0 0 0 1 0
     84720      84840 0 0 0 0 0 1 0
     85020      85140 1 1 1 1 1 0 0
     85980      86100 1 1 1 1 1 0 0
137
