       120        240 1 1 1 1 1 0 0
      1140       1320 1 1 1 1 1 0 0
      1560       1740 0 0 0 0 0 1 0
      1560       1740 0 0 0 0 0 1 0
      1920       2040 1 1 1 1 1 0 0
      1980       2100 1 1 1 1 0 0 0
      2460       2640 0 0 0 0 0 1 0
      2460       2640 0 0 0 0 0 1 0
      2940       3120 1 1 1 1 1 0 0
      3720       3840 1 1 1 1 0 0 0
      3720       3840 1 1 1 1 1 0 0
      4260       4440 0 0 0 0 0 1 0
      4260       4440 0 0 0 0 0 1 0
      4920       5040 1 1 1 1 1 0 0
      5160       5340 0 0 0 0 0 1 0
      5160       5340 0 0 0 0 0 1 0
      5520       5640 0 0 1 0 1 0 0
      5520       5640 1 1 1 1 0 0 0
      5580       5700 0 0 0 1 0 0 0
      6060       6240 0 0 0 0 0 1 0
      6060       6240 0 0 0 0 0 1 0
      6780       6960 0 0 1 0 1 0 0
      6960       7140 0 0 0 0 0 1 0
      6960       7140 0 0 0 0 0 1 0
      7980       8160 0 0 1 0 1 0 0
     19920      20040 1 1 1 1 1 0 0
     20940      21120 1 1 1 1 1 0 0
     21660      21840 0 0 0 0 0 1 0
     21720      21840 1 1 1 1 1 0 0
     21780      21960 0 0 0 0 0 1 0
     23460      23640 0 0 0 0 0 1 0
     23520      23640 1 1 1 1 1 0 0
     23580      23760 0 0 0 0 0 1 0
     24540      24660 1 1 1 1 1 0 0
     25260      25440 0 0 0 0 0 1 0
     25320      25440 1 1 1 1 1 0 0
     25380      25560 0 0 0 0 0 1 0
     27060      27240 0 0 0 0 0 1 0
     27120      27240 1 1 1 1 1 0 0
     27180      27360 0 0 0 0 0 1 0
     28860      29040 0 0 0 0 0 1 0
     28980      29160 0 0 0 0 0 1 0
     30660      30840 0 0 0 0 0 1 0
     30780      30960 0 0 0 0 0 1 0
     32460      32640 0 0 0 0 0 1 0
     32580      32760 0 0 0 0 0 1 0
     34560      34740 0 0 0 0 0 1 0
     34560      34740 0 0 0 0 0 1 0
     36360      36540 0 0 0 0 0 1 0
     36540      36660 0 0 0 0 0 1 0
     38160      38340 0 0 0 0 0 1 0
     38160      38340 0 0 0 0 0 1 0
     38940      39120 1 1 1 1 1 0 0
     39720      39840 1 1 1 1 1 0 0
     39960      40140 0 0 0 0 0 0 0
     39960      40140 0 0 0 0 0 1 0
     39960      40140 0 0 0 0 0 1 0
     40740      40920 0 0 0 0 1 0 0
     40740      40920 1 1 1 1 1 0 0
     41520      41640 1 1 1 1 1 0 0
     41760      41940 0 0 0 0 0 1 0
     41760      41940 0 0 0 0 0 1 0
     42540      42720 1 1 1 1 1 0 0
     42660      42780 1 0 0 0 0 0 0
     42660      42780 1 0 0 0 0 0 0
     43320      43440 1 0 0 0 0 0 0
     43320      43440 1 1 1 1 1 0 0
     43560      43740 0 0 0 0 0 1 0
     43560      43740 0 0 0 0 0 1 0
     44340      44520 1 1 1 1 1 0 0
     44340      44520 1 0 0 0 0 0 0
     45120      45240 1 0 0 0 0 0 0
     45120      45240 1 1 1 1 1 0 0
     45360      45540 0 0 0 0 0 1 0
     45420      45600 0 0 0 0 0 1 0
     46140      46320 1 1 1 1 1 0 0
     46200      46320 1 0 0 0 0 0 0
     46200      46380 1 0 0 0 0 0 0
     46920      47040 1 0 0 0 0 0 0
     46920      47040 1 1 1 1 1 0 0
     47160      47340 0 0 0 0 0 1 0
     47160      47340 0 0 0 0 0 1 0
     47940      48120 1 1 1 1 1 0 0
     48720      48840 1 1 1 1 1 0 0
     48960      49140 0 0 0 0 0 1 0
     48960      49140 0 0 0 0 0 1 0
     49740      49920 1 1 1 1 1 0 0
     50520      50640 1 1 1 1 1 0 0
     50760      50940 0 0 0 0 0 1 0
     50760      50940 0 0 0 0 0 1 0
     51540      51720 1 1 1 1 1 0 0
     52320      52440 1 1 1 1 1 0 0
     52560      52740 0 0 0 0 0 1 0
     52560      52740 0 0 0 0 0 1 0
     53340      53520 1 1 1 1 1 0 0
     54120      54240 1 1 1 1 1 0 0
     54360      54540 0 0 0 0 0 1 0
     54360      54540 0 0 0 0 0 1 0
     55140      55320 1 1 1 1 1 0 0
     55920      56040 1 1 1 1 1 0 0
     56160      56340 0 0 0 0 0 1 0
     56160      56340 0 0 0 0 0 1 0
     56940      57120 1 1 1 1 1 0 0
     57720      57840 1 1 1 1 1 0 0
     57960      58140 0 0 0 0 0 1 0
     57960      58140 0 0 0 0 0 1 0
     59760      59940 0 0 0 0 0 1 0
     59820      60000 0 0 0 0 0 1 0
     61560      61740 0 0 0 0 0 1 0
     61560      61740 0 0 0 0 0 1 0
     63360      63540 0 0 0 0 0 1 0
     63540      63660 0 0 0 0 0 1 0
     65160      65340 0 0 0 0 0 1 0
     65340      65460 0 0 0 0 0 1 0
     66960      67140 0 0 0 0 0 1 0
     66960      67140 0 0 0 0 0 1 0
     68760      68940 0 0 0 0 0 1 0
     68820      69000 0 0 0 0 0 1 0
     70560      70740 0 0 0 0 0 1 0
     70620      70800 0 0 0 0 0 1 0
     72360      72540 0 0 0 0 0 1 0
     72420      72600 0 0 0 0 0 1 0
     73920      74040 1 1 1 1 1 0 0
     74160      74340 0 0 0 0 0 1 0
     74220      74400 0 0 0 0 0 1 0
     74940      75120 1 1 1 1 1 0 0
     75720      75840 1 1 1 1 1 0 0
     75960      76140 0 0 0 0 0 1 0
     76020      76200 0 0 0 0 0 1 0
     76740      76920 1 1 1 1 1 0 0
     77460      77640 0 0 0 0 0 1 0
     77520      77640 1 1 1 1 1 0 0
     77580      77760 0 0 0 0 0 1 0
     78540      78720 1 1 1 1 1 0 0
     78960      79140 0 0 0 0 0 1 0
     78960      79140 0 0 0 0 0 1 0
     79320      79440 1 1 1 1 1 0 0
     80340      80520 1 1 1 1 1 0 0
     80760      80940 0 0 0 0 0 1 0
     80760      80940 0 0 0 0 0 1 0
     81120      81240 1 1 1 1 1 0 0
     82140      82320 1 1 1 1 1 0 0
     82560      82740 0 0 0 0 0 1 0
     82560      82740 0 0 0 0 0 1 0
     82920      83040 1 1 1 1 1 0 0
     83940      84120 1 1 1 1 1 0 0
     84360      84540 0 0 0 0 0 1 0
     84360      84540 0 0 0 0 0 1 0
     84720      84840 1 1 1 1 1 0 0
     85740      85920 1 1 1 1 1 0 0
     86160      86340 0 0 0 0 0 1 0
     86160      86340 0 0 0 0 0 1 0
152
