      3120       3360 0 0 0 0 0 1 0
      3120       3360 0 0 0 0 0 1 0
     15420      15660 1 1 1 1 1 0 0
     15900      16140 0 0 0 0 0 1 0
     15900      16140 0 0 0 0 0 1 0
     17220      17460 1 1 1 1 1 0 0
     17700      17940 0 0 0 0 0 1 0
     17700      17940 0 0 0 0 0 1 0
     19020      19260 1 1 1 1 1 0 0
     19500      19740 0 0 0 0 0 1 0
     19500      19740 0 0 0 0 0 1 0
     21300      21540 0 0 0 0 0 1 0
     21300      21540 0 0 0 0 0 1 0
     23100      23340 0 0 0 0 0 1 0
     23100      23340 0 0 0 0 0 1 0
     24900      25140 0 0 0 0 0 1 0
     24900      25140 0 0 0 0 0 1 0
     28200      28440 0 0 0 0 0 1 0
     28200      28440 0 0 0 0 0 1 0
     28800      29040 0 0 0 0 0 1 0
     28800      29040 0 0 0 0 0 1 0
     30000      30240 0 0 0 0 0 1 0
     30000      30240 0 0 0 0 0 1 0
     30600      30840 0 0 0 0 0 1 0
     30600      30840 0 0 0 0 0 1 0
     31800      32040 0 0 0 0 0 1 0
     31800      32040 0 0 0 0 0 1 0
     32400      32640 0 0 0 0 0 1 0
     32400      32640 0 0 0 0 0 1 0
     33600      33840 0 0 0 0 0 1 0
     33600      33840 0 0 0 0 0 1 0
     34200      34440 0 0 0 0 0 1 0
     34200      34440 0 0 0 0 0 1 0
     35400      35640 0 0 0 0 0 1 0
     35400      35640 0 0 0 0 0 1 0
     37020      37260 1 1 1 1 1 0 0
     37200      37440 0 0 0 0 0 1 0
     37200      37440 0 0 0 0 0 1 0
     37800      38040 0 0 0 0 0 1 0
     37800      38040 0 0 0 0 0 1 0
     38820      39060 1 1 1 1 1 0 0
     39000      39240 0 0 0 0 0 1 0
     39000      39240 0 0 0 0 0 1 0
     39600      39840 0 0 0 0 0 1 0
     39600      39840 0 0 0 0 0 1 0
     40620      40860 0 0 0 0 1 0 0
     41400      41640 0 0 0 0 0 1 0
     41400      41640 0 0 0 0 0 1 0
     42420      42660 0 0 0 0 1 0 0
     42600      42840 0 0 0 0 0 1 0
     42600      42840 0 0 0 0 0 1 0
     43200      43440 0 0 0 0 0 1 0
     43200      43440 0 0 0 0 0 1 0
     44220      44460 1 0 0 0 0 0 0
     44220      44460 1 0 0 0 0 0 0
     44220      44460 1 1 1 1 1 0 0
     44280      44520 0 0 0 0 1 0 0
     45000      45240 0 0 0 0 0 1 0
     45000      45240 0 0 0 0 0 1 0
     46020      46260 1 1 1 1 1 0 0
     46020      46260 1 0 0 0 0 0 0
     46200      46440 0 0 0 0 0 1 0
     46200      46440 0 0 0 0 0 1 0
     46800      47040 0 0 0 0 0 1 0
     46800      47040 0 0 0 0 0 1 0
     47820      48060 1 1 1 1 1 0 0
     48600      48840 0 0 0 0 0 1 0
     48600      48840 0 0 0 0 0 1 0
     49800      50040 0 0 0 0 0 1 0
     49800      50040 0 0 0 0 0 1 0
     50400      50640 0 0 0 0 0 1 0
     50400      50640 0 0 0 0 0 1 0
     51420      51660 1 1 1 1 1 0 0
     52200      52440 0 0 0 0 0 1 0
     52200      52440 0 0 0 0 0 1 0
     53220      53460 1 1 1 1 1 0 0
     53400      53640 0 0 0 0 0 1 0
     53400      53640 0 0 0 0 0 1 0
     54000      54240 0 0 0 0 0 1 0
     54000      54240 0 0 0 0 0 1 0
     55800      56040 0 0 0 0 0 1 0
     55800      56040 0 0 0 0 0 1 0
     57600      57840 0 0 0 0 0 1 0
     57600      57840 0 0 0 0 0 1 0
     58800      59040 0 0 0 0 0 1 0
     58800      59040 0 0 0 0 0 1 0
     59400      59640 0 0 0 0 0 1 0
     59400      59640 0 0 0 0 0 1 0
     60600      60840 0 0 0 0 0 1 0
     60600      60840 0 0 0 0 0 1 0
     61200      61440 0 0 0 0 0 1 0
     61200      61440 0 0 0 0 0 1 0
     62400      62640 0 0 0 0 0 1 0
     62400      62640 0 0 0 0 0 1 0
     63000      63240 0 0 0 0 0 1 0
     63000      63240 0 0 0 0 0 1 0
     64200      64440 0 0 0 0 0 1 0
     64200      64440 0 0 0 0 0 1 0
     64800      65040 0 0 0 0 0 1 0
     64800      65040 0 0 0 0 0 1 0
     66000      66240 0 0 0 0 0 1 0
     66000      66240 0 0 0 0 0 1 0
     66600      66840 0 0 0 0 0 1 0
     66600      66840 0 0 0 0 0 1 0
     67800      68040 0 0 0 0 0 1 0
     67800      68040 0 0 0 0 0 1 0
     68400      68640 0 0 0 0 0 1 0
     68400      68640 0 0 0 0 0 1 0
     69420      69660 1 1 1 1 1 0 0
     69600      69840 0 0 0 0 0 1 0
     69600      69840 0 0 0 0 0 1 0
     70200      70440 0 0 0 0 0 1 0
     70200      70440 0 0 0 0 0 1 0
     71220      71460 1 1 1 1 1 0 0
     71400      71640 0 0 0 0 0 1 0
     71400      71640 0 0 0 0 0 1 0
     72120      72360 0 0 0 0 0 1 0
     72120      72360 0 0 0 0 0 1 0
     73200      73440 0 0 0 0 0 1 0
     73200      73440 0 0 0 0 0 1 0
     75000      75240 0 0 0 0 0 1 0
     75000      75240 0 0 0 0 0 1 0
     76620      76860 0 0 0 1 0 0 0
     76620      76860 1 1 1 1 1 0 0
     76800      77040 0 0 0 0 0 1 0
     76800      77040 0 0 0 0 0 1 0
     78600      78840 0 0 0 0 0 1 0
     78600      78840 0 0 0 0 0 1 0
     80400      80640 0 0 0 0 0 1 0
     80400      80640 0 0 0 0 0 1 0
     82200      82440 0 0 0 0 0 1 0
     82200      82440 0 0 0 0 0 1 0
     85800      86040 0 0 0 0 0 1 0
     85800      86040 0 0 0 0 0 1 0
134
