         0        120 0 0 0 0 0 1 0
         0        120 0 0 0 0 0 1 0
       300        420 1 1 1 1 1 0 0
      1260       1380 0 0 1 0 1 0 0
      1320       1440 0 0 0 0 0 1 0
      1320       1440 0 0 0 0 0 1 0
      2100       2220 0 0 1 0 1 0 0
     15660      15780 1 1 1 1 1 0 0
     16500      16620 0 0 0 0 0 1 0
     16500      16620 0 0 0 0 0 1 0
     16500      16620 1 1 1 1 1 0 0
     17460      17580 1 1 1 1 1 0 0
     18300      18420 1 1 1 1 1 0 0
     18360      18480 0 0 0 0 0 1 0
     18360      18480 0 0 0 0 0 1 0
     19260      19380 1 1 1 1 1 0 0
     20100      20220 1 1 1 1 1 0 0
     20160      20280 0 0 0 0 0 1 0
     20160      20280 0 0 0 0 0 1 0
     21060      21180 1 1 1 1 1 0 0
     21960      22080 0 0 0 0 0 1 0
     21960      22080 0 0 0 0 0 1 0
     23760      23880 0 0 0 0 0 1 0
     23760      23880 0 0 0 0 0 1 0
     25560      25680 0 0 0 0 0 1 0
     25560      25680 0 0 0 0 0 1 0
     27360      27480 0 0 0 0 0 1 0
     27360      27480 0 0 0 0 0 1 0
     29160      29280 0 0 0 0 0 1 0
     29160      29280 0 0 0 0 0 1 0
     30960      31080 0 0 0 0 0 1 0
     30960      31080 0 0 0 0 0 1 0
     32760      32880 0 0 0 0 0 1 0
     32760      32880 0 0 0 0 0 1 0
     34560      34680 0 0 0 0 0 1 0
     34560      34680 0 0 0 0 0 1 0
     35460      35580 1 1 1 1 1 0 0
     36360      36480 0 0 0 0 0 1 0
     36360      36480 0 0 0 0 0 1 0
     38100      38220 1 1 1 1 1 0 0
     38160      38280 0 0 0 0 0 1 0
     38160      38280 0 0 0 0 0 1 0
     39060      39180 1 0 0 0 0 0 0
     39060      39180 1 1 1 1 1 0 0
     39900      40020 1 1 1 1 1 0 0
     39960      40080 0 0 0 0 0 1 0
     39960      40080 0 0 0 0 0 1 0
     40860      40980 1 1 1 1 1 0 0
     40860      40980 1 0 0 0 0 0 0
     40860      40980 1 0 0 0 0 0 0
     41700      41820 1 1 1 1 1 0 0
     41700      41820 1 0 0 0 0 0 0
     41760      41880 0 0 0 0 0 1 0
     41760      41880 0 0 0 0 0 1 0
     42660      42780 1 0 0 0 0 0 0
     42660      42780 1 0 0 0 0 0 0
     42660      42780 1 1 1 1 1 0 0
     43500      43620 1 1 1 1 1 0 0
     43500      43620 1 0 0 0 0 0 0
     43560      43680 0 0 0 0 0 1 0
     43560      43680 0 0 0 0 0 1 0
     44460      44580 1 0 0 0 0 0 0
     44460      44580 1 1 1 1 1 0 0
     44460      44580 1 0 0 0 0 0 0
     45300      45420 1 1 1 1 1 0 0
     45300      45420 1 0 0 0 0 0 0
     45360      45480 0 0 0 0 0 1 0
     45360      45480 0 0 0 0 0 1 0
     46260      46380 1 1 1 1 1 0 0
     47100      47220 1 1 1 1 1 0 0
     47160      47280 0 0 0 0 0 1 0
     47160      47280 0 0 0 0 0 1 0
     48060      48180 1 1 1 1 1 0 0
     48900      49020 1 1 1 1 1 0 0
     48960      49080 0 0 0 0 0 1 0
     48960      49080 0 0 0 0 0 1 0
     50760      50880 0 0 0 0 0 1 0
     50760      50880 0 0 0 0 0 1 0
     51660      51780 1 1 1 1 1 0 0
     52500      52620 1 1 1 1 1 0 0
     53460      53580 1 1 1 1 1 0 0
     54360      54480 0 0 0 0 0 1 0
     54360      54480 0 0 0 0 0 1 0
     56160      56280 0 0 0 0 0 1 0
     56160      56280 0 0 0 0 0 1 0
     57960      58080 0 0 0 0 0 1 0
     57960      58080 0 0 0 0 0 1 0
     59760      59880 0 0 0 0 0 1 0
     59760      59880 0 0 0 0 0 1 0
     61560      61680 0 0 0 0 0 1 0
     61560      61680 0 0 0 0 0 1 0
     63360      63480 0 0 0 0 0 1 0
     63360      63480 0 0 0 0 0 1 0
     65160      65280 0 0 0 0 0 1 0
     65160      65280 0 0 0 0 0 1 0
     66960      67080 0 0 0 0 0 1 0
     66960      67080 0 0 0 0 0 1 0
     68760      68880 0 0 0 0 0 1 0
     68760      68880 0 0 0 0 0 1 0
     70500      70620 1 1 1 1 1 0 0
     70560      70680 0 0 0 0 0 1 0
     70560      70680 0 0 0 0 0 1 0
     71460      71580 1 1 1 1 1 0 0
     72300      72420 1 1 1 1 1 0 0
     72360      72480 0 0 0 0 0 1 0
     72360      72480 0 0 0 0 0 1 0
     73260      73380 1 1 1 1 1 0 0
     73800      73920 0 0 0 0 0 1 0
     73800      73920 0 0 0 0 0 1 0
     74100      74220 1 1 1 1 1 0 0
     75060      75180 1 1 1 1 1 0 0
     75600      75720 0 0 0 0 0 1 0
     75600      75720 0 0 0 0 0 1 0
     75900      76020 1 1 1 1 1 0 0
     76860      76980 1 1 1 1 1 0 0
     77400      77520 0 0 0 0 0 1 0
     77400      77520 0 0 0 0 0 1 0
     77700      77820 1 1 1 1 1 0 0
     78660      78780 1 1 1 1 1 0 0
     79200      79320 0 0 0 0 0 1 0
     79200      79320 0 0 0 0 0 1 0
     79500      79620 1 1 1 1 1 0 0
     80460      80580 0 0 0 1 0 0 0
     80460      80580 1 1 1 1 0 0 0
     81000      81120 0 0 0 0 0 1 0
     81000      81120 0 0 0 0 0 1 0
     81300      81420 1 1 1 1 1 0 0
     82260      82380 1 1 1 1 1 0 0
     82800      82920 0 0 0 0 0 1 0
     82800      82920 0 0 0 0 0 1 0
     83100      83220 1 1 1 1 1 0 0
     84060      84180 1 1 1 1 1 0 0
     84120      84240 0 0 0 1 0 0 0
     84600      84720 0 0 0 0 0 1 0
     84600      84720 0 0 0 0 0 1 0
     84900      85020 1 1 1 1 1 0 0
     85860      85980 1 1 1 1 1 0 0
137
