      2640       3240 0 0 1 0 0 0 0
      2640       3240 0 0 0 0 1 0 0
      2640       3240 1 1 1 1 1 0 0
      2820       3420 1 1 1 1 0 0 0
      3180       3780 0 0 0 0 0 1 0
      3180       3780 0 0 0 0 0 1 0
      3180       3780 0 0 0 0 0 1 0
     18060      18660 1 1 1 1 1 0 0
     20340      20940 0 0 0 0 0 1 0
     20340      20940 0 0 0 0 0 1 0
     20340      20940 0 0 0 0 0 1 0
     24480      25080 0 0 0 0 0 1 0
     24480      25080 0 0 0 0 0 1 0
     24480      25080 0 0 0 0 0 1 0
     26100      26700 1 1 1 1 1 0 0
     28080      28800 0 0 0 0 0 1 0
     28080      28800 0 0 0 0 0 1 0
     28140      28860 0 0 0 0 0 1 0
     30000      30600 1 1 1 1 1 0 0
     30600      31260 1 1 1 1 1 0 0
     31680      32400 0 0 0 0 0 1 0
     31680      32400 0 0 0 0 0 1 0
     31740      32460 0 0 0 0 0 1 0
     35160      35820 0 1 0 0 0 0 0
     35160      35820 1 1 1 1 1 0 0
     35280      35940 0 0 0 0 0 1 0
     35280      35940 0 0 0 0 0 1 0
     35340      36060 0 0 0 0 0 1 0
     36600      37200 1 1 1 1 1 0 0
     37800      38400 1 1 1 1 1 0 0
     38640      39240 1 1 1 1 1 0 0
     38640      39240 0 1 0 0 0 0 0
     38880      39540 0 0 0 0 0 1 0
     38880      39540 0 0 0 0 0 1 0
     38940      39660 0 0 0 0 0 1 0
     42240      42840 1 1 1 1 1 0 0
     42240      42840 0 1 0 0 0 0 0
     42420      43080 1 0 0 0 0 0 0
     42420      43080 1 0 0 0 0 0 0
     42480      43140 0 0 0 0 0 1 0
     42480      43140 0 0 0 0 0 1 0
     42540      43260 0 0 0 0 0 1 0
     45840      46440 1 1 1 1 1 0 0
     45840      46440 0 1 0 0 0 0 0
     45900      46560 1 0 0 0 0 0 0
     45960      46560 1 0 0 0 0 0 0
     46080      46740 0 0 0 0 0 1 0
     46080      46740 0 0 0 0 0 1 0
     46140      46860 0 0 0 0 0 1 0
     49440      50040 0 1 0 0 0 0 0
     49440      50040 1 1 1 1 1 0 0
     49680      50340 0 0 0 0 0 1 0
     49680      50340 0 0 0 0 0 1 0
     49740      50460 0 0 0 0 0 1 0
     53040      53640 0 1 0 0 0 0 0
     53040      53640 1 1 1 1 1 0 0
     53280      53940 0 0 0 0 0 1 0
     53280      53940 0 0 0 0 0 1 0
     53340      54060 0 0 0 0 0 1 0
     56640      57240 1 1 1 1 1 0 0
     56640      57240 0 1 0 0 0 0 0
     56880      57540 0 0 0 0 0 1 0
     56880      57540 0 0 0 0 0 1 0
     56940      57660 0 0 0 0 0 1 0
     58500      59100 1 1 1 1 1 0 0
     58500      59100 1 1 1 1 1 0 0
     58740      59460 0 0 0 0 0 1 0
     58740      59400 0 0 0 0 0 1 0
     60300      60900 1 1 1 1 1 0 0
     60480      61140 0 0 0 0 0 1 0
     60480      61140 0 0 0 0 0 1 0
     60540      61260 0 0 0 0 0 1 0
     61500      62100 1 1 1 1 1 0 0
     61500      62100 1 1 1 1 1 0 0
     62700      63300 1 1 1 1 1 0 0
     63900      64500 1 1 1 1 1 0 0
     63900      64500 1 1 1 1 1 0 0
     64080      64740 0 0 0 0 0 1 0
     64080      64740 0 0 0 0 0 1 0
     64140      64860 0 0 0 0 0 1 0
     65100      65700 1 1 1 1 1 0 0
     66300      66900 1 1 1 1 1 0 0
     66300      66900 1 1 1 1 1 0 0
     67680      68340 0 0 0 0 0 1 0
     67680      68340 0 0 0 0 0 1 0
     67740      68460 0 0 0 0 0 1 0
     68700      69300 1 1 1 1 1 0 0
     68700      69300 1 1 1 1 1 0 0
     68700      69300 0 0 1 0 0 0 0
     71280      71940 0 0 0 0 0 1 0
     71280      71880 0 0 0 0 0 1 0
     71280      71880 0 0 0 0 0 1 0
     74640      75240 0 0 1 0 0 0 0
     74640      75240 1 1 1 1 1 0 0
     74880      75480 0 0 0 0 0 1 0
     74880      75540 0 0 0 0 0 1 0
     74880      75480 0 0 0 0 0 1 0
     78240      78840 1 1 1 1 1 0 0
     78480      79140 0 0 0 0 0 1 0
     78480      79080 0 0 0 0 0 1 0
     78480      79080 0 0 0 0 0 1 0
     81840      82440 1 1 1 1 1 0 0
     82080      82680 0 0 0 0 0 1 0
     82080      82740 0 0 0 0 0 1 0
     82080      82680 0 0 0 0 0 1 0
     85440      86040 1 1 1 1 1 0 0
     85440      86040 0 0 1 0 0 0 0
     85680      86280 0 0 0 0 0 1 0
     85680      86280 0 0 0 0 0 1 0
     85680      86340 0 0 0 0 0 1 0
110
