     26400      26580 1 1 1 1 1 0 0
     27000      27180 1 1 1 1 1 0 0
     28200      28380 1 1 1 1 1 0 0
     29400      29580 1 1 1 1 1 0 0
     30000      30180 1 1 1 1 1 0 0
     30600      30780 1 1 1 1 1 0 0
     31200      31380 1 1 1 1 1 0 0
     31800      31980 1 1 1 1 1 0 0
     32400      32580 1 1 1 1 1 0 0
     33000      33180 1 1 1 1 1 0 0
     33600      33780 1 1 1 1 1 0 0
     34200      34380 1 1 1 1 1 0 0
     59460      59640 1 1 1 1 1 0 0
     60660      60840 1 1 1 1 1 0 0
     61860      62040 1 1 1 1 1 0 0
     63060      63240 1 1 1 1 1 0 0
     63060      63240 0 0 1 0 0 0 0
     64260      64440 1 1 1 1 1 0 0
     65460      65640 1 1 1 1 1 0 0
     66660      66840 1 1 1 1 1 0 0
     67860      68040 1 1 1 1 1 0 0
21
