     20400      20640 1 1 1 1 1 0 0
     22200      22440 1 1 1 1 1 0 0
     24000      24240 1 1 1 1 1 0 0
     25800      26040 1 1 1 1 1 0 0
     27600      27840 1 1 1 1 1 0 0
     31200      31440 1 1 1 1 1 0 0
     33000      33240 1 1 1 1 1 0 0
     34680      34920 1 1 1 1 1 0 0
     36780      37020 1 1 1 1 1 0 0
     38400      38640 1 1 1 1 1 0 0
     40200      40440 1 1 1 1 1 0 0
     42000      42240 1 1 1 1 1 0 0
     42000      42240 1 0 0 0 0 0 0
     43800      44040 1 1 1 1 1 0 0
     43800      44040 1 0 0 0 0 0 0
     45600      45840 1 0 0 0 0 0 0
     45600      45840 1 1 1 1 1 0 0
     47400      47640 1 1 1 1 1 0 0
     47400      47640 1 0 0 0 0 0 0
     49200      49440 1 1 1 1 1 0 0
     51000      51240 1 1 1 1 1 0 0
     52800      53040 1 1 1 1 1 0 0
     54600      54840 1 1 1 1 1 0 0
     56400      56640 1 1 1 1 1 0 0
     58200      58440 1 1 1 1 1 0 0
     59820      60060 1 1 1 1 1 0 0
     61680      61920 1 1 1 1 1 0 0
     63300      63540 1 1 1 1 1 0 0
     64500      64740 1 1 1 1 1 0 0
     65700      65940 1 1 1 1 1 0 0
     66900      67140 1 1 1 1 1 0 0
     68100      68340 1 1 1 1 1 0 0
     68880      69120 1 1 1 1 1 0 0
     70680      70920 1 1 1 1 1 0 0
     72480      72720 1 1 1 1 1 0 0
     74400      74640 1 1 1 1 1 0 0
     76200      76440 1 1 1 1 1 0 0
     78000      78240 1 1 1 1 1 0 0
     78000      78240 1 1 0 1 0 0 0
     79800      80040 1 1 1 1 1 0 0
     79800      80040 0 0 0 0 1 0 0
41
