       300        420 1 1 0 1 0 0 0
      1320       1440 1 1 0 1 0 0 0
      3120       3240 1 1 0 1 0 0 0
      3900       4020 1 1 0 1 0 0 0
      5100       5220 1 1 0 1 0 0 0
     23100      23220 1 1 1 1 1 0 0
     26640      26760 0 0 0 0 0 1 0
     28440      28560 0 0 0 0 0 1 0
     28560      28680 1 1 1 1 1 0 0
     30240      30360 0 0 0 0 0 1 0
     32040      32160 0 0 0 0 0 1 0
     35400      35520 1 1 1 1 1 0 0
     36000      36120 1 1 1 1 1 0 0
     39900      40020 0 0 0 1 0 0 0
     40920      41040 0 0 0 1 0 0 0
     41700      41820 0 0 0 1 0 0 0
     42720      42840 0 0 0 1 0 0 0
     43500      43620 0 0 0 1 0 0 0
     44520      44640 0 0 0 1 0 0 0
     45300      45420 0 0 0 1 0 0 0
     46320      46440 0 0 0 1 0 0 0
     47100      47220 0 0 0 1 0 0 0
     48120      48240 0 0 0 1 0 0 0
     48900      49020 0 0 0 1 0 0 0
     72660      72780 1 1 1 1 1 0 0
     79500      79620 1 1 0 1 0 0 0
     80520      80640 1 1 0 1 0 0 0
     81300      81420 1 1 0 1 0 0 0
     82320      82440 1 1 0 1 0 0 0
     83100      83220 1 1 0 1 0 0 0
     84120      84240 1 1 0 1 0 0 0
     84900      85020 1 1 0 1 0 0 0
     85920      86040 1 1 0 1 0 0 0
33
