       420        540 1 1 0 1 0 0 0
     22020      22140 1 1 1 1 1 0 0
     22980      23100 1 1 1 1 1 0 0
     23580      23700 1 1 1 1 1 0 0
     24180      24300 1 1 1 1 1 0 0
     24780      24900 1 1 1 1 1 0 0
     25380      25500 1 1 1 1 1 0 0
     25980      26100 1 1 1 1 1 0 0
     26580      26700 1 1 1 1 1 0 0
     27180      27300 1 1 1 1 1 0 0
     27780      27900 1 1 1 1 1 0 0
     28380      28500 1 1 1 1 1 0 0
     28980      29100 1 1 1 1 1 0 0
     29580      29700 1 1 1 1 1 0 0
     30180      30300 1 1 1 1 1 0 0
     30780      30900 1 1 1 1 1 0 0
     31380      31500 1 1 1 1 1 0 0
     31980      32100 1 1 1 1 1 0 0
     32580      32700 1 1 1 1 1 0 0
     33180      33300 1 1 1 1 1 0 0
     33780      33900 1 1 1 1 1 0 0
     34380      34500 1 1 1 1 1 0 0
     36420      36540 1 1 1 1 1 0 0
     37380      37500 1 1 1 1 1 0 0
     39180      39300 0 0 0 1 0 0 0
     40020      40140 0 0 0 1 0 0 0
     40980      41100 0 0 0 1 0 0 0
     41820      41940 0 0 0 1 0 0 0
     42780      42900 0 0 0 1 0 0 0
     43620      43740 0 0 0 1 0 0 0
     44580      44700 0 0 0 1 0 0 0
     45420      45540 0 0 0 1 0 0 0
     46380      46500 0 0 0 1 0 0 0
     47220      47340 0 0 0 1 0 0 0
     48180      48300 0 0 0 1 0 0 0
     49980      50100 1 1 1 1 1 0 0
     50820      50940 1 1 1 1 1 0 0
     52680      52800 0 0 0 0 0 1 0
     52680      52800 0 0 0 0 0 1 0
     54240      54360 1 1 1 1 1 0 0
     54840      54960 1 1 1 1 1 0 0
     55440      55560 1 1 1 1 1 0 0
     56040      56160 1 1 1 1 1 0 0
     56640      56760 1 1 1 1 1 0 0
     57240      57360 1 1 1 1 1 0 0
     57840      57960 1 1 1 1 1 0 0
     58440      58560 1 1 1 1 1 0 0
     59040      59160 1 1 1 1 1 0 0
     59640      59760 1 1 1 1 1 0 0
     60240      60360 1 1 1 1 1 0 0
     60840      60960 1 1 1 1 1 0 0
     61440      61560 1 1 1 1 1 0 0
     62040      62160 1 1 1 1 1 0 0
     62640      62760 1 1 1 1 1 0 0
     63240      63360 0 0 1 0 0 0 0
     63240      63360 1 1 1 1 1 0 0
     63840      63960 1 1 1 1 1 0 0
     64440      64560 1 1 1 1 1 0 0
     65040      65160 1 1 1 1 1 0 0
     65640      65760 1 1 1 1 1 0 0
     66240      66360 1 1 1 1 1 0 0
     66840      66960 1 1 1 1 1 0 0
     67440      67560 1 1 1 1 1 0 0
     68040      68160 1 1 1 1 1 0 0
     68640      68760 1 1 1 1 1 0 0
     69780      69900 1 1 1 1 1 0 0
     78780      78900 1 1 0 1 0 0 0
     79620      79740 1 1 0 1 0 0 0
     80580      80700 1 1 1 1 1 0 0
     81420      81540 1 1 0 1 0 0 0
     82380      82500 1 1 0 1 0 0 0
     83220      83340 1 1 0 1 0 0 0
     84180      84300 1 1 0 1 0 0 0
     85020      85140 1 1 0 1 0 0 0
     85980      86100 1 1 0 1 0 0 0
75
