       120        240 1 1 0 1 0 0 0
      1140       1320 1 1 0 1 0 0 0
      2940       3120 1 1 0 1 0 0 0
      3720       3840 1 1 0 1 0 0 0
      4920       5100 1 1 0 1 0 0 0
      5520       5640 1 1 0 1 0 0 0
     22800      22920 1 1 1 1 1 0 0
     26460      26580 1 1 1 1 1 0 0
     27660      27780 1 1 1 1 1 0 0
     28260      28380 1 1 1 1 1 0 0
     28860      28980 1 1 1 1 1 0 0
     29460      29580 1 1 1 1 1 0 0
     30060      30180 1 1 1 1 1 0 0
     30660      30780 1 1 1 1 1 0 0
     31260      31380 1 1 1 1 1 0 0
     31860      31980 1 1 1 1 1 0 0
     32460      32580 1 1 1 1 1 0 0
     33060      33180 1 1 1 1 1 0 0
     33660      33780 1 1 1 1 1 0 0
     34620      34800 1 1 1 1 1 0 0
     35220      35340 1 1 1 1 1 0 0
     36660      36780 1 1 1 1 1 0 0
     37260      37380 1 1 1 1 1 0 0
     37860      37980 1 1 1 1 1 0 0
     39720      39900 0 0 0 1 0 0 0
     40740      40920 0 0 0 1 0 0 0
     41520      41700 0 0 0 1 0 0 0
     42540      42720 0 0 0 1 0 0 0
     43320      43500 0 0 0 1 0 0 0
     44340      44520 0 0 0 1 0 0 0
     45120      45300 0 0 0 1 0 0 0
     46140      46320 0 0 0 1 0 0 0
     46920      47100 0 0 0 1 0 0 0
     47940      48120 0 0 0 1 0 0 0
     48720      48840 0 0 0 1 0 0 0
     58560      58680 1 1 1 1 1 0 0
     59760      59880 1 1 1 1 1 0 0
     60960      61080 1 1 1 1 1 0 0
     62160      62280 1 1 1 1 1 0 0
     63360      63480 1 1 1 1 1 0 0
     64560      64680 1 1 1 1 1 0 0
     65760      65880 1 1 1 1 1 0 0
     66960      67080 1 1 1 1 1 0 0
     68160      68280 1 1 1 1 1 0 0
     69360      69480 1 1 1 1 1 0 0
     69960      70080 1 1 1 1 1 0 0
     70560      70680 1 1 1 1 1 0 0
     71160      71280 1 1 1 1 1 0 0
     72360      72480 1 1 1 1 1 0 0
     73080      73200 1 1 1 1 1 0 0
     79320      79440 1 1 0 1 0 0 0
     80340      80520 1 1 0 1 0 0 0
     81120      81240 1 1 0 1 0 0 0
     82140      82320 1 1 0 1 0 0 0
     82920      83040 1 1 0 1 0 0 0
     83940      84120 1 1 0 1 0 0 0
     84720      84840 1 1 0 1 0 0 0
     85740      85920 1 1 0 1 0 0 0
58
