       300        420 1 1 1 1 1 0 0
       540        660 0 0 0 0 0 1 0
       540        660 0 0 0 0 0 1 0
      1320       1440 1 1 1 1 1 0 0
      1740       1860 0 0 0 0 0 1 0
      1740       1860 0 0 0 0 0 1 0
      2100       2220 1 1 1 1 1 0 0
      2160       2280 1 1 1 1 0 0 0
      2640       2760 0 0 0 0 0 1 0
      2640       2760 0 0 0 0 0 1 0
      3120       3240 1 1 1 1 1 0 0
      3900       4020 1 1 1 1 1 0 0
      3900       4020 1 1 1 1 0 0 0
      4440       4560 0 0 0 0 0 1 0
      4440       4560 0 0 0 0 0 1 0
      5100       5220 1 1 1 1 1 0 0
      5340       5460 0 0 0 0 0 1 0
      5340       5460 0 0 0 0 0 1 0
      5700       5820 0 0 1 0 1 0 0
      6240       6360 0 0 0 0 0 1 0
      6240       6360 0 0 0 0 0 1 0
      6960       7080 0 0 1 0 1 0 0
      7140       7260 0 0 0 0 0 1 0
      7140       7260 0 0 0 0 0 1 0
      8160       8280 0 0 1 0 1 0 0
     15720      15840 1 1 1 1 1 0 0
     17040      17160 0 0 0 0 0 1 0
     17520      17640 1 1 1 1 1 0 0
     18240      18360 0 0 0 0 0 1 0
     18840      18960 0 0 0 0 0 1 0
     19320      19440 1 1 1 1 1 0 0
     20100      20220 1 1 1 1 1 0 0
     20640      20760 0 0 0 0 0 1 0
     20640      20760 0 0 0 0 0 1 0
     21120      21240 1 1 1 1 1 0 0
     21840      21960 0 0 0 0 0 1 0
     21900      22020 1 1 1 1 1 0 0
     21960      22080 0 0 0 0 0 1 0
     22440      22560 0 0 0 0 0 1 0
     22440      22560 0 0 0 0 0 1 0
     23640      23760 0 0 0 0 0 1 0
     23700      23820 1 1 1 1 1 0 0
     23760      23880 0 0 0 0 0 1 0
     24240      24360 0 0 0 0 0 1 0
     24240      24360 0 0 0 0 0 1 0
     24780      24900 1 1 1 1 1 0 0
     25440      25560 0 0 0 0 0 1 0
     25500      25620 1 1 1 1 1 0 0
     25560      25680 0 0 0 0 0 1 0
     26040      26160 0 0 0 0 0 1 0
     26040      26160 0 0 0 0 0 1 0
     26460      26580 1 1 1 1 1 0 0
     27240      27360 0 0 0 0 0 1 0
     27300      27420 1 1 1 1 1 0 0
     27360      27480 0 0 0 0 0 1 0
     27840      27960 0 0 0 0 0 1 0
     27960      28080 0 0 0 0 0 1 0
     28200      28320 1 1 1 1 1 0 0
     28800      28920 1 1 1 1 1 0 0
     29040      29160 0 0 0 0 0 1 0
     29160      29280 0 0 0 0 0 1 0
     29400      29520 1 1 1 1 1 0 0
     29640      29760 0 0 0 0 0 1 0
     29760      29880 0 0 0 0 0 1 0
     30180      30300 1 1 1 1 1 0 0
     30840      30960 0 0 0 0 0 1 0
     30960      31080 0 0 0 0 0 1 0
     31380      31500 1 1 1 1 1 0 0
     31440      31560 0 0 0 0 0 1 0
     31560      31680 0 0 0 0 0 1 0
     31800      31920 1 1 1 1 1 0 0
     32400      32520 1 1 1 1 1 0 0
     32640      32760 0 0 0 0 0 1 0
     32760      32880 0 0 0 0 0 1 0
     33240      33360 0 0 0 0 0 1 0
     33360      33480 0 0 0 0 0 1 0
     33600      33720 1 1 1 1 1 0 0
     33840      33960 0 0 0 0 0 1 0
     33840      33960 0 0 0 0 0 1 0
     34200      34320 1 1 1 1 1 0 0
     34740      34860 0 0 0 0 0 1 0
     34740      34860 0 0 0 0 0 1 0
     35040      35160 0 0 0 0 0 1 0
     35160      35280 0 0 0 0 0 1 0
     35640      35760 0 0 0 0 0 1 0
     35640      35760 0 0 0 0 0 1 0
     36540      36660 0 0 0 0 0 1 0
     36660      36780 0 0 0 0 0 1 0
     37200      37320 1 1 1 1 1 0 0
     37380      37500 1 1 1 1 1 0 0
     37440      37560 0 0 0 0 0 1 0
     37440      37560 0 0 0 0 0 1 0
     37980      38100 1 1 1 1 1 0 0
     38340      38460 0 0 0 0 0 1 0
     38340      38460 0 0 0 0 0 1 0
     39120      39240 1 1 1 1 1 0 0
     39240      39360 0 0 0 0 0 1 0
     39240      39360 0 0 0 0 0 1 0
     39900      40020 1 1 1 1 1 0 0
     40140      40260 0 0 0 0 0 1 0
     40140      40260 0 0 0 0 0 1 0
     40140      40260 0 0 0 0 0 0 0
     40920      41040 0 0 0 0 1 0 0
     40920      41040 1 1 1 1 1 0 0
     41040      41160 0 0 0 0 0 1 0
     41040      41160 0 0 0 0 0 1 0
     41700      41820 1 1 1 1 1 0 0
     41940      42060 0 0 0 0 0 1 0
     41940      42060 0 0 0 0 0 1 0
     42720      42840 1 1 1 1 1 0 0
     42780      42900 1 0 0 0 0 0 0
     42780      42900 1 0 0 0 0 0 0
     42840      42960 0 0 0 0 0 1 0
     42840      42960 0 0 0 0 0 1 0
     43500      43620 1 1 1 1 1 0 0
     43500      43620 1 0 0 0 0 0 0
     43740      43860 0 0 0 0 0 1 0
     43740      43860 0 0 0 0 0 1 0
     44520      44640 1 1 1 1 1 0 0
     44520      44640 1 0 0 0 0 0 0
     44640      44760 0 0 0 0 0 1 0
     44640      44760 0 0 0 0 0 1 0
     45300      45420 1 0 0 0 0 0 0
     45300      45420 1 1 1 1 1 0 0
     45540      45660 0 0 0 0 0 1 0
     45600      45720 0 0 0 0 0 1 0
     46320      46440 1 1 1 1 1 0 0
     46320      46440 1 0 0 0 0 0 0
     46380      46500 1 0 0 0 0 0 0
     46440      46560 0 0 0 0 0 1 0
     46440      46560 0 0 0 0 0 1 0
     47100      47220 1 0 0 0 0 0 0
     47100      47220 1 1 1 1 1 0 0
     47340      47460 0 0 0 0 0 1 0
     47340      47460 0 0 0 0 0 1 0
     48120      48240 1 1 1 1 1 0 0
     48240      48360 0 0 0 0 0 1 0
     48240      48360 0 0 0 0 0 1 0
     48900      49020 1 1 1 1 1 0 0
     49140      49260 0 0 0 0 0 1 0
     49140      49260 0 0 0 0 0 1 0
     49920      50040 1 1 1 1 1 0 0
     50040      50160 0 0 0 0 0 1 0
     50040      50160 0 0 0 0 0 1 0
     50700      50820 1 1 1 1 1 0 0
     50940      51060 0 0 0 0 0 1 0
     50940      51060 0 0 0 0 0 1 0
     51720      51840 1 1 1 1 1 0 0
     51840      51960 0 0 0 0 0 1 0
     51840      51960 0 0 0 0 0 1 0
     52500      52620 1 1 1 1 1 0 0
     52740      52860 0 0 0 0 0 1 0
     52740      52860 0 0 0 0 0 1 0
     53520      53640 1 1 1 1 1 0 0
     53640      53760 0 0 0 0 0 1 0
     53640      53760 0 0 0 0 0 1 0
     54300      54420 1 1 1 1 1 0 0
     54540      54660 0 0 0 0 0 1 0
     54540      54660 0 0 0 0 0 1 0
     55320      55440 1 1 1 1 1 0 0
     55440      55560 0 0 0 0 0 1 0
     55440      55560 0 0 0 0 0 1 0
     56100      56220 1 1 1 1 1 0 0
     56340      56460 0 0 0 0 0 1 0
     56340      56460 0 0 0 0 0 1 0
     57180      57300 1 1 1 1 1 0 0
     57240      57360 0 0 0 0 0 1 0
     57240      57360 0 0 0 0 0 1 0
     57900      58020 1 1 1 1 1 0 0
     58140      58260 0 0 0 0 0 1 0
     58140      58260 0 0 0 0 0 1 0
     58680      58800 1 1 1 1 1 0 0
     59040      59160 0 0 0 0 0 1 0
     59040      59160 0 0 0 0 0 1 0
     59220      59340 1 1 1 1 1 0 0
     59940      60060 0 0 0 0 0 1 0
     60000      60120 0 0 0 0 0 1 0
     60480      60600 1 1 1 1 1 0 0
     60840      60960 0 0 0 0 0 1 0
     60840      60960 0 0 0 0 0 1 0
     61020      61140 1 1 1 1 1 0 0
     61740      61860 0 0 0 0 0 1 0
     61740      61860 0 0 0 0 0 1 0
     62220      62340 1 1 1 1 1 0 0
     62640      62760 0 0 0 0 0 1 0
     62640      62760 0 0 0 0 0 1 0
     62880      63000 1 1 1 1 1 0 0
     63480      63600 1 1 1 1 1 0 0
     63540      63660 0 0 0 0 0 1 0
     63660      63780 0 0 0 0 0 1 0
     64080      64200 1 1 1 1 1 0 0
     64440      64560 0 0 0 0 0 1 0
     64440      64560 0 0 0 0 0 1 0
     64680      64800 1 1 1 1 1 0 0
     65280      65400 1 1 1 1 1 0 0
     65340      65460 0 0 0 0 0 1 0
     65460      65580 0 0 0 0 0 1 0
     65880      66000 1 1 1 1 1 0 0
     66240      66360 0 0 0 0 0 1 0
     66240      66360 0 0 0 0 0 1 0
     66480      66600 1 1 1 1 1 0 0
     67080      67200 1 1 1 1 1 0 0
     67140      67260 0 0 0 0 0 1 0
     67140      67260 0 0 0 0 0 1 0
     67680      67800 1 1 1 1 1 0 0
     68040      68160 0 0 0 0 0 1 0
     68040      68160 0 0 0 0 0 1 0
     68280      68400 1 1 1 1 1 0 0
     68940      69060 0 0 0 0 0 1 0
     69000      69120 0 0 0 0 0 1 0
     69420      69540 1 1 1 1 1 0 0
     69840      69960 0 0 0 0 0 1 0
     69840      69960 0 0 0 0 0 1 0
     70020      70140 1 1 1 1 1 0 0
     70740      70860 0 0 0 0 0 1 0
     70800      70920 0 0 0 0 0 1 0
     71280      71400 1 1 1 1 1 0 0
     71640      71760 0 0 0 0 0 1 0
     71640      71760 0 0 0 0 0 1 0
     71820      71940 1 1 1 1 1 0 0
     72540      72660 0 0 0 0 0 1 0
     72600      72720 0 0 0 0 0 1 0
     73260      73380 1 1 1 1 1 0 0
     73440      73560 0 0 0 0 0 1 0
     73440      73560 0 0 0 0 0 1 0
     74100      74220 1 1 1 1 1 0 0
     74340      74460 0 0 0 0 0 1 0
     74400      74520 0 0 0 0 0 1 0
     75120      75240 1 1 1 1 1 0 0
     75240      75360 0 0 0 0 0 1 0
     75240      75360 0 0 0 0 0 1 0
     75900      76020 1 1 1 1 1 0 0
     76140      76260 0 0 0 0 0 1 0
     76200      76320 0 0 0 0 0 1 0
     76920      77040 1 1 1 1 1 0 0
     77040      77160 0 0 0 0 0 1 0
     77040      77160 0 0 0 0 0 1 0
     77640      77760 0 0 0 0 0 1 0
     77700      77820 1 1 1 1 1 0 0
     77760      77880 0 0 0 0 0 1 0
     77940      78060 0 0 0 0 0 1 0
     77940      78060 0 0 0 0 0 1 0
     78720      78840 1 1 1 1 1 0 0
     79140      79260 0 0 0 0 0 1 0
     79140      79260 0 0 0 0 0 1 0
     79500      79620 1 1 1 1 1 0 0
     79740      79860 0 0 0 0 0 1 0
     79740      79860 0 0 0 0 0 1 0
     80520      80640 1 1 1 1 1 0 0
     80940      81060 0 0 0 0 0 1 0
     80940      81060 0 0 0 0 0 1 0
     81300      81420 1 1 1 1 1 0 0
     81540      81660 0 0 0 0 0 1 0
     81540      81660 0 0 0 0 0 1 0
     82320      82440 1 1 1 1 1 0 0
     82740      82860 0 0 0 0 0 1 0
     82740      82860 0 0 0 0 0 1 0
     83100      83220 1 1 1 1 1 0 0
     83340      83460 0 0 0 0 0 1 0
     83340      83460 0 0 0 0 0 1 0
     84120      84240 1 1 1 1 1 0 0
     84540      84660 0 0 0 0 0 1 0
     84540      84660 0 0 0 0 0 1 0
     84900      85020 1 1 1 1 1 0 0
     85140      85260 0 0 0 0 0 1 0
     85140      85260 0 0 0 0 0 1 0
     85920      86040 1 1 1 1 1 0 0
     86340         60 0 0 0 0 0 1 0
     86340         60 0 0 0 0 0 1 0
269
