     20820      21060 1 1 1 1 1 0 0
     26700      26940 0 0 0 0 0 1 0
     26700      26940 0 0 0 0 0 1 0
     35220      35460 1 1 1 1 1 0 0
     36000      36240 0 0 0 0 0 1 0
     36000      36240 0 0 0 0 0 1 0
     40620      40860 1 0 0 0 0 0 0
     40620      40860 1 1 1 1 1 0 0
     40620      40860 1 0 0 0 0 0 0
     40800      41040 0 0 0 0 0 1 0
     40800      41040 0 0 0 0 0 1 0
     42420      42660 1 0 0 0 0 0 0
     42420      42660 1 1 1 1 1 0 0
     44220      44460 0 0 0 1 0 0 0
     44400      44640 0 0 0 0 0 1 0
     44400      44640 0 0 0 0 0 1 0
     46020      46260 0 0 0 1 0 0 0
     47820      48060 0 0 0 1 0 0 0
     48000      48240 0 0 0 0 0 1 0
     48000      48240 0 0 0 0 0 1 0
     49620      49860 1 1 1 1 1 0 0
     51600      51840 0 0 0 0 0 1 0
     51600      51840 0 0 0 0 0 1 0
     55200      55440 0 0 0 0 0 1 0
     55200      55440 0 0 0 0 0 1 0
     57000      57240 0 0 0 0 0 1 0
     57000      57240 0 0 0 0 0 1 0
     73020      73260 1 1 1 1 1 0 0
     74820      75060 1 1 1 1 1 0 0
     78420      78660 1 1 1 1 1 0 0
     84000      84240 0 0 0 0 0 1 0
     84000      84240 0 0 0 0 0 1 0
32
