       120        240 1 1 0 1 0 0 0
      1920       2040 1 1 1 1 0 0 0
      2940       3060 0 0 0 0 0 0 0
      3060       3180 1 1 0 1 0 0 0
      3720       3840 1 1 0 1 0 0 0
     10620      10740 0 0 0 0 0 1 0
     21540      21660 1 1 1 1 1 0 0
     22560      22680 1 1 1 1 1 0 0
     25020      25140 1 1 1 1 1 0 0
     26520      26700 0 0 0 0 0 1 0
     26520      26700 0 0 0 0 0 1 0
     36120      36240 1 1 1 1 1 0 0
     37080      37200 1 1 1 1 1 0 0
     38880      39000 0 0 0 1 0 0 0
     39720      39840 0 0 0 1 0 0 0
     40620      40740 0 0 0 0 0 1 0
     40620      40740 0 0 0 0 0 1 0
     40680      40860 0 0 0 1 0 0 0
     41520      41640 0 0 0 1 0 0 0
     42480      42600 0 0 0 1 0 0 0
     43320      43440 0 0 0 1 0 0 0
     44220      44340 0 0 0 0 0 1 0
     44220      44340 0 0 0 0 0 1 0
     44280      44400 0 0 0 1 0 0 0
     45120      45240 0 0 0 1 0 0 0
     46080      46200 0 0 0 1 0 0 0
     46920      47040 0 0 0 1 0 0 0
     47820      47940 0 0 0 0 0 1 0
     47820      47940 0 0 0 0 0 1 0
     47880      48060 0 0 0 1 0 0 0
     49680      49800 1 1 1 1 1 0 0
     50520      50640 1 1 1 1 1 0 0
     51420      51540 0 0 0 0 0 1 0
     51420      51540 0 0 0 0 0 1 0
     52380      52560 0 0 0 0 0 1 0
     52380      52560 0 0 0 0 0 1 0
     53880      54000 1 1 1 1 1 0 0
     54300      54420 1 1 1 1 1 0 0
     55020      55140 0 0 0 0 0 1 0
     55020      55140 0 0 0 0 0 1 0
     55680      55800 1 1 1 1 1 0 0
     56280      56400 1 1 1 1 1 0 0
     56820      56940 0 0 0 0 0 1 0
     56820      56940 0 0 0 0 0 1 0
     57480      57600 1 1 1 1 1 0 0
     58080      58200 1 1 1 1 1 0 0
     69480      69600 1 1 1 1 1 0 0
     78480      78600 1 1 0 1 0 0 0
     79320      79440 1 1 0 1 0 0 0
     80280      80400 1 1 1 1 1 0 0
     81120      81240 1 1 0 1 0 0 0
     82080      82200 1 1 0 1 0 0 0
     82920      83040 1 1 0 1 0 0 0
     83820      84000 0 0 0 0 0 1 0
     83820      84000 0 0 0 0 0 1 0
     83880      84000 1 1 0 1 0 0 0
     84720      84840 1 1 0 1 0 0 0
     85680      85800 1 1 0 1 0 0 0
58
