        60        180 0 0 0 0 0 1 0
        60        180 0 0 0 0 0 1 0
       420        540 1 1 1 1 1 0 0
       420        540 1 1 0 1 0 0 0
       660        780 0 0 0 0 0 1 0
       660        780 0 0 0 0 0 1 0
      1440       1560 1 1 1 1 1 0 0
      1440       1560 1 1 0 1 0 0 0
      1860       1980 0 0 0 0 0 1 0
      1860       1980 0 0 0 0 0 1 0
      2220       2340 1 1 1 1 1 0 0
      2220       2340 1 1 0 1 0 0 0
      2280       2400 1 1 1 1 0 0 0
      2760       2880 0 0 0 0 0 1 0
      2760       2880 0 0 0 0 0 1 0
      3240       3360 1 1 0 1 0 0 0
      3240       3360 1 1 1 1 1 0 0
      3360       3480 0 0 0 1 0 0 0
      4020       4140 1 1 1 1 0 0 0
      4020       4140 1 1 1 1 1 0 0
      4020       4140 1 1 0 1 0 0 0
      5460       5580 0 0 0 0 0 1 0
      5460       5580 0 0 0 0 0 1 0
      5820       5940 0 0 1 0 1 0 0
      6360       6480 0 0 0 0 0 1 0
      6360       6480 0 0 0 0 0 1 0
      7080       7200 0 0 1 0 1 0 0
      7260       7380 0 0 0 0 0 1 0
      7260       7380 0 0 0 0 0 1 0
      8280       8400 0 0 1 0 1 0 0
     15840      15960 1 1 1 1 1 0 0
     17160      17280 0 0 0 0 0 1 0
     17640      17760 1 1 1 1 1 0 0
     18360      18480 0 0 0 0 0 1 0
     18960      19080 0 0 0 0 0 1 0
     19440      19560 1 1 1 1 1 0 0
     20220      20340 1 1 1 1 1 0 0
     20760      20880 0 0 0 0 0 1 0
     20760      20880 0 0 0 0 0 1 0
     21240      21360 1 1 1 1 1 0 0
     21960      22080 0 0 0 0 0 1 0
     22020      22140 1 1 1 1 1 0 0
     22080      22200 0 0 0 0 0 1 0
     22560      22680 0 0 0 0 0 1 0
     22560      22680 0 0 0 0 0 1 0
     23220      23340 1 1 1 1 1 0 0
     23760      23880 0 0 0 0 0 1 0
     23820      23940 1 1 1 1 1 0 0
     23880      24000 0 0 0 0 0 1 0
     24360      24480 0 0 0 0 0 1 0
     24360      24480 0 0 0 0 0 1 0
     24900      25020 1 1 1 1 1 0 0
     25560      25680 0 0 0 0 0 1 0
     25620      25740 1 1 1 1 1 0 0
     25680      25800 0 0 0 0 0 1 0
     26160      26280 0 0 0 0 0 1 0
     26160      26280 0 0 0 0 0 1 0
     26580      26700 1 1 1 1 1 0 0
     26760      26880 0 0 0 0 0 1 0
     27360      27480 0 0 0 0 0 1 0
     27420      27540 1 1 1 1 1 0 0
     27480      27600 0 0 0 0 0 1 0
     27960      28080 0 0 0 0 0 1 0
     28080      28140 0 0 0 0 0 1 0
     28320      28440 1 1 1 1 1 0 0
     28560      28680 0 0 0 0 0 1 0
     28680      28800 1 1 1 1 1 0 0
     28920      29040 1 1 1 1 1 0 0
     29160      29280 0 0 0 0 0 1 0
     29280      29400 0 0 0 0 0 1 0
     29760      29880 0 0 0 0 0 1 0
     29880      30000 0 0 0 0 0 1 0
     30300      30420 1 1 1 1 1 0 0
     30360      30480 0 0 0 0 0 1 0
     30960      31080 0 0 0 0 0 1 0
     31080      31200 0 0 0 0 0 1 0
     31500      31620 1 1 1 1 1 0 0
     31560      31680 0 0 0 0 0 1 0
     31680      31800 0 0 0 0 0 1 0
     31920      32040 1 1 1 1 1 0 0
     32160      32280 0 0 0 0 0 1 0
     32520      32640 1 1 1 1 1 0 0
     32760      32880 0 0 0 0 0 1 0
     32880      33000 0 0 0 0 0 1 0
     33360      33480 0 0 0 0 0 1 0
     33480      33600 0 0 0 0 0 1 0
     33720      33840 1 1 1 1 1 0 0
     33960      34080 0 0 0 0 0 1 0
     33960      34080 0 0 0 0 0 1 0
     34320      34440 1 1 1 1 1 0 0
     34860      34980 0 0 0 0 0 1 0
     34860      34980 0 0 0 0 0 1 0
     35160      35280 0 0 0 0 0 1 0
     35280      35400 0 0 0 0 0 1 0
     35520      35640 1 1 1 1 1 0 0
     35760      35880 0 0 0 0 0 1 0
     35760      35880 0 0 0 0 0 1 0
     36120      36240 1 1 1 1 1 0 0
     36660      36780 0 0 0 0 0 1 0
     36780      36900 0 0 0 0 0 1 0
     37320      37440 1 1 1 1 1 0 0
     37500      37620 1 1 1 1 1 0 0
     37560      37680 0 0 0 0 0 1 0
     37560      37680 0 0 0 0 0 1 0
     38100      38220 1 1 1 1 1 0 0
     38460      38580 0 0 0 0 0 1 0
     38460      38580 0 0 0 0 0 1 0
     39240      39360 1 1 1 1 1 0 0
     39360      39480 0 0 0 0 0 1 0
     39360      39480 0 0 0 0 0 1 0
     40020      40140 1 1 1 1 1 0 0
     40020      40140 0 0 0 1 0 0 0
     40260      40380 0 0 0 0 0 1 0
     40260      40380 0 0 0 0 0 1 0
     40260      40380 0 0 0 0 0 0 0
     41040      41160 0 0 0 0 1 0 0
     41040      41160 0 0 0 1 0 0 0
     41040      41160 1 1 1 1 1 0 0
     41160      41280 0 0 0 0 0 1 0
     41160      41280 0 0 0 0 0 1 0
     41820      41940 1 1 1 1 1 0 0
     41820      41940 0 0 0 1 0 0 0
     42060      42180 0 0 0 0 0 1 0
     42060      42180 0 0 0 0 0 1 0
     42840      42960 0 0 0 1 0 0 0
     42840      42960 1 1 1 1 1 0 0
     42900      43020 1 0 0 0 0 0 0
     42900      43020 1 0 0 0 0 0 0
     42960      43080 0 0 0 0 0 1 0
     42960      43080 0 0 0 0 0 1 0
     43620      43740 0 0 0 1 0 0 0
     43620      43740 1 1 1 1 1 0 0
     43620      43740 1 0 0 0 0 0 0
     43860      43980 0 0 0 0 0 1 0
     43860      43980 0 0 0 0 0 1 0
     44640      44760 1 0 0 0 0 0 0
     44640      44760 1 1 1 1 1 0 0
     44640      44760 0 0 0 1 0 0 0
     44760      44880 0 0 0 0 0 1 0
     44760      44880 0 0 0 0 0 1 0
     45420      45540 1 1 1 1 1 0 0
     45420      45540 0 0 0 1 0 0 0
     45420      45540 1 0 0 0 0 0 0
     45660      45780 0 0 0 0 0 1 0
     45720      45840 0 0 0 0 0 1 0
     46440      46560 0 0 0 1 0 0 0
     46440      46560 1 0 0 0 0 0 0
     46440      46560 1 1 1 1 1 0 0
     46500      46620 1 0 0 0 0 0 0
     46560      46680 0 0 0 0 0 1 0
     46560      46680 0 0 0 0 0 1 0
     47220      47340 0 0 0 1 0 0 0
     47220      47340 1 0 0 0 0 0 0
     47220      47340 1 1 1 1 1 0 0
     47460      47580 0 0 0 0 0 1 0
     47460      47580 0 0 0 0 0 1 0
     48240      48360 1 1 1 1 1 0 0
     48240      48360 0 0 0 1 0 0 0
     48360      48480 0 0 0 0 0 1 0
     48360      48480 0 0 0 0 0 1 0
     49020      49140 1 1 1 1 1 0 0
     49020      49140 0 0 0 1 0 0 0
     49260      49380 0 0 0 0 0 1 0
     49260      49380 0 0 0 0 0 1 0
     50040      50160 1 1 1 1 1 0 0
     50160      50280 0 0 0 0 0 1 0
     50160      50280 0 0 0 0 0 1 0
     50820      50940 1 1 1 1 1 0 0
     51060      51180 0 0 0 0 0 1 0
     51060      51180 0 0 0 0 0 1 0
     51840      51960 1 1 1 1 1 0 0
     51960      52080 0 0 0 0 0 1 0
     51960      52080 0 0 0 0 0 1 0
     52620      52740 1 1 1 1 1 0 0
     52860      52980 0 0 0 0 0 1 0
     52860      52980 0 0 0 0 0 1 0
     53640      53760 1 1 1 1 1 0 0
     53760      53880 0 0 0 0 0 1 0
     53760      53880 0 0 0 0 0 1 0
     54420      54540 1 1 1 1 1 0 0
     54660      54780 0 0 0 0 0 1 0
     54660      54780 0 0 0 0 0 1 0
     55440      55560 1 1 1 1 1 0 0
     55560      55680 0 0 0 0 0 1 0
     55560      55680 0 0 0 0 0 1 0
     56220      56340 1 1 1 1 1 0 0
     56460      56580 0 0 0 0 0 1 0
     56460      56580 0 0 0 0 0 1 0
     57300      57420 1 1 1 1 1 0 0
     57360      57480 0 0 0 0 0 1 0
     57360      57480 0 0 0 0 0 1 0
     58020      58140 1 1 1 1 1 0 0
     58260      58380 0 0 0 0 0 1 0
     58260      58380 0 0 0 0 0 1 0
     58800      58920 1 1 1 1 1 0 0
     59160      59280 0 0 0 0 0 1 0
     59160      59280 0 0 0 0 0 1 0
     59340      59460 1 1 1 1 1 0 0
     60060      60180 0 0 0 0 0 1 0
     60120      60180 0 0 0 0 0 1 0
     60600      60720 1 1 1 1 1 0 0
     60960      61080 0 0 0 0 0 1 0
     60960      61080 0 0 0 0 0 1 0
     61140      61260 1 1 1 1 1 0 0
     61860      61980 0 0 0 0 0 1 0
     61860      61980 0 0 0 0 0 1 0
     62340      62460 1 1 1 1 1 0 0
     62760      62880 0 0 0 0 0 1 0
     62760      62880 0 0 0 0 0 1 0
     63000      63120 1 1 1 1 1 0 0
     63600      63720 1 1 1 1 1 0 0
     63660      63780 0 0 0 0 0 1 0
     63780      63900 0 0 0 0 0 1 0
     64200      64320 1 1 1 1 1 0 0
     64560      64680 0 0 0 0 0 1 0
     64560      64680 0 0 0 0 0 1 0
     64800      64920 1 1 1 1 1 0 0
     65400      65520 1 1 1 1 1 0 0
     65460      65580 0 0 0 0 0 1 0
     65580      65700 0 0 0 0 0 1 0
     66000      66120 1 1 1 1 1 0 0
     66360      66480 0 0 0 0 0 1 0
     66360      66480 0 0 0 0 0 1 0
     66600      66720 1 1 1 1 1 0 0
     67200      67320 1 1 1 1 1 0 0
     67260      67380 0 0 0 0 0 1 0
     67260      67380 0 0 0 0 0 1 0
     67800      67920 1 1 1 1 1 0 0
     68160      68280 0 0 0 0 0 1 0
     68160      68280 0 0 0 0 0 1 0
     68400      68520 1 1 1 1 1 0 0
     69060      69180 0 0 0 0 0 1 0
     69120      69180 0 0 0 0 0 1 0
     69180      69300 1 1 1 1 1 0 0
     69540      69660 1 1 1 1 1 0 0
     69960      70080 0 0 0 0 0 1 0
     69960      70080 0 0 0 0 0 1 0
     70140      70260 1 1 1 1 1 0 0
     70860      70980 0 0 0 0 0 1 0
     70920      70980 0 0 0 0 0 1 0
     71400      71520 1 1 1 1 1 0 0
     71760      71880 0 0 0 0 0 1 0
     71760      71880 0 0 0 0 0 1 0
     71940      72060 1 1 1 1 1 0 0
     72660      72780 0 0 0 0 0 1 0
     72720      72780 0 0 0 0 0 1 0
     72780      72900 1 1 1 1 1 0 0
     73380      73500 1 1 1 1 1 0 0
     73560      73680 0 0 0 0 0 1 0
     73560      73680 0 0 0 0 0 1 0
     74220      74340 1 1 1 1 1 0 0
     74460      74580 0 0 0 0 0 1 0
     74520      74580 0 0 0 0 0 1 0
     75240      75360 1 1 1 1 1 0 0
     75360      75480 0 0 0 0 0 1 0
     75360      75480 0 0 0 0 0 1 0
     75420      75540 0 0 0 1 0 0 0
     76020      76140 1 1 1 1 1 0 0
     76260      76380 0 0 0 0 0 1 0
     76320      76380 0 0 0 0 0 1 0
     77040      77160 1 1 1 1 1 0 0
     77160      77280 0 0 0 0 0 1 0
     77160      77280 0 0 0 0 0 1 0
     77760      77880 0 0 0 0 0 1 0
     77820      77940 1 1 1 1 1 0 0
     77880      77940 0 0 0 0 0 1 0
     78060      78180 0 0 0 0 0 1 0
     78060      78180 0 0 0 0 0 1 0
     78840      78960 1 1 1 1 1 0 0
     79260      79380 0 0 0 0 0 1 0
     79260      79380 0 0 0 0 0 1 0
     79620      79740 1 1 1 1 1 0 0
     79620      79740 1 1 0 1 0 0 0
     79860      79980 0 0 0 0 0 1 0
     79860      79980 0 0 0 0 0 1 0
     80640      80760 1 1 1 1 1 0 0
     80640      80760 1 1 0 1 0 0 0
     81060      81180 0 0 0 0 0 1 0
     81060      81180 0 0 0 0 0 1 0
     81420      81540 1 1 1 1 1 0 0
     81420      81540 1 1 0 1 0 0 0
     81660      81780 0 0 0 0 0 1 0
     81660      81780 0 0 0 0 0 1 0
     82440      82560 1 1 0 1 0 0 0
     82440      82560 1 1 1 1 1 0 0
     82860      82980 0 0 0 0 0 1 0
     82860      82980 0 0 0 0 0 1 0
     83220      83340 1 1 0 1 0 0 0
     83220      83340 1 1 1 1 1 0 0
     83460      83580 0 0 0 0 0 1 0
     83460      83580 0 0 0 0 0 1 0
     84240      84360 1 1 0 1 0 0 0
     84240      84360 1 1 1 1 1 0 0
     84660      84780 0 0 0 0 0 1 0
     84660      84780 0 0 0 0 0 1 0
     85020      85140 1 1 0 1 0 0 0
     85020      85140 1 1 1 1 1 0 0
     85260      85380 0 0 0 0 0 1 0
     85260      85380 0 0 0 0 0 1 0
     86040      86160 1 1 1 1 1 0 0
     86040      86160 1 1 0 1 0 0 0
301
