       120        240 1 1 1 1 1 0 0
      1080       1200 0 0 1 0 1 0 0
      1140       1260 0 0 0 0 0 0 0
      1140       1320 0 0 0 0 0 1 0
      1140       1320 0 0 0 0 0 1 0
      1920       1980 0 0 0 1 0 0 0
      1920       2040 1 1 1 1 0 0 0
      1920       2040 0 0 1 0 1 0 0
      2940       3120 0 0 0 0 0 1 0
      2940       3120 0 0 0 0 0 1 0
      3120       3240 1 1 1 1 0 0 0
      3720       3840 1 1 1 1 1 0 0
      5640       5760 0 0 0 0 0 1 0
      7080       7200 0 0 0 0 0 1 0
      7860       7980 1 1 1 1 1 0 0
      7860       7980 1 1 1 1 0 0 0
     10260      10380 0 0 1 0 1 0 0
     15480      15600 1 1 1 1 1 0 0
     15720      15840 0 0 0 0 0 1 0
     15720      15840 0 0 0 0 0 1 0
     16320      16440 1 1 1 1 1 0 0
     16320      16500 0 0 0 0 0 1 0
     16320      16500 0 0 0 0 0 1 0
     17280      17400 1 1 1 1 1 0 0
     17520      17700 0 0 0 0 0 1 0
     17520      17700 0 0 0 0 0 1 0
     18120      18240 1 1 1 1 1 0 0
     18240      18360 0 0 0 0 0 1 0
     18240      18360 0 0 0 0 0 1 0
     19080      19200 1 1 1 1 1 0 0
     19320      19500 0 0 0 0 0 1 0
     19320      19500 0 0 0 0 0 1 0
     19920      20040 1 1 1 1 1 0 0
     20040      20160 0 0 0 0 0 1 0
     20040      20160 0 0 0 0 0 1 0
     20880      21060 1 1 1 1 1 0 0
     21120      21300 0 0 0 0 0 1 0
     21120      21300 0 0 0 0 0 1 0
     21720      21900 1 1 1 1 1 0 0
     21840      21960 0 0 0 0 0 1 0
     21840      21960 0 0 0 0 0 1 0
     22740      22860 1 1 1 1 1 0 0
     22920      23100 0 0 0 0 0 1 0
     22920      23100 0 0 0 0 0 1 0
     23520      23700 1 1 1 1 1 0 0
     23640      23760 0 0 0 0 0 1 0
     23640      23760 0 0 0 0 0 1 0
     24540      24660 1 1 1 1 1 0 0
     24720      24900 0 0 0 0 0 1 0
     24720      24900 0 0 0 0 0 1 0
     25440      25560 0 0 0 0 0 1 0
     25440      25560 0 0 0 0 0 1 0
     25740      25860 1 1 1 1 1 0 0
     26340      26460 1 1 1 1 1 0 0
     26940      27060 1 1 1 1 1 0 0
     27240      27360 0 0 0 0 0 1 0
     27240      27360 0 0 0 0 0 1 0
     27540      27660 1 1 1 1 1 0 0
     28020      28200 0 0 0 0 0 1 0
     28020      28200 0 0 0 0 0 1 0
     28140      28260 1 1 1 1 1 0 0
     28740      28860 1 1 1 1 1 0 0
     28980      29160 0 0 0 0 0 1 0
     28980      29160 0 0 0 0 0 1 0
     29340      29460 1 1 1 1 1 0 0
     29820      30000 0 0 0 0 0 1 0
     29820      30000 0 0 0 0 0 1 0
     29940      30060 1 1 1 1 1 0 0
     30540      30660 1 1 1 1 1 0 0
     30780      30960 0 0 0 0 0 1 0
     30780      30960 0 0 0 0 0 1 0
     31140      31260 1 1 1 1 1 0 0
     31620      31800 0 0 0 0 0 1 0
     31620      31800 0 0 0 0 0 1 0
     31740      31860 1 1 1 1 1 0 0
     32340      32460 1 1 1 1 1 0 0
     32580      32760 0 0 0 0 0 1 0
     32580      32760 0 0 0 0 0 1 0
     32940      33060 1 1 1 1 1 0 0
     33420      33600 0 0 0 0 0 1 0
     33420      33600 0 0 0 0 0 1 0
     33540      33660 1 1 1 1 1 0 0
     34320      34440 1 1 1 1 1 0 0
     34380      34560 0 0 0 0 0 1 0
     34380      34560 0 0 0 0 0 1 0
     35220      35400 0 0 0 0 0 1 0
     35220      35400 0 0 0 0 0 1 0
     35280      35400 1 1 1 1 1 0 0
     36180      36360 0 0 0 0 0 1 0
     36180      36360 0 0 0 0 0 1 0
     37020      37200 0 0 0 0 0 1 0
     37020      37200 0 0 0 0 0 1 0
     37920      38040 1 1 1 1 1 0 0
     37980      38160 0 0 0 0 0 1 0
     37980      38160 0 0 0 0 0 1 0
     38820      39000 0 0 0 0 0 1 0
     38820      39000 0 0 0 0 0 1 0
     38880      39000 1 0 0 0 0 0 0
     38880      39000 1 1 1 1 1 0 0
     39720      39840 1 1 1 1 1 0 0
     39780      39960 0 0 0 0 0 1 0
     39780      39960 0 0 0 0 0 1 0
     40680      40800 1 0 0 0 0 0 0
     40680      40800 1 0 0 0 0 0 0
     40680      40800 1 1 1 1 1 0 0
     41520      41640 1 0 0 0 0 0 0
     41520      41640 1 1 1 1 1 0 0
     41580      41760 0 0 0 0 0 1 0
     41580      41760 0 0 0 0 0 1 0
     42420      42600 0 0 0 0 0 1 0
     42420      42600 0 0 0 0 0 1 0
     42480      42600 1 0 0 0 0 0 0
     42480      42600 1 0 0 0 0 0 0
     42480      42600 1 1 1 1 1 0 0
     43320      43440 1 1 1 1 1 0 0
     43320      43440 1 0 0 0 0 0 0
     43380      43560 0 0 0 0 0 1 0
     43380      43560 0 0 0 0 0 1 0
     44280      44400 1 0 0 0 0 0 0
     44280      44400 1 1 1 1 1 0 0
     44280      44400 1 0 0 0 0 0 0
     45120      45240 1 0 0 0 0 0 0
     45120      45240 1 1 1 1 1 0 0
     45180      45360 0 0 0 0 0 1 0
     45180      45360 0 0 0 0 0 1 0
     46020      46200 0 0 0 0 0 1 0
     46020      46200 0 0 0 0 0 1 0
     46080      46200 1 1 1 1 1 0 0
     46920      47040 1 1 1 1 1 0 0
     46980      47160 0 0 0 0 0 1 0
     46980      47160 0 0 0 0 0 1 0
     47880      48000 1 1 1 1 1 0 0
     48720      48840 1 1 1 1 1 0 0
     48780      48960 0 0 0 0 0 1 0
     48780      48960 0 0 0 0 0 1 0
     49620      49800 0 0 0 0 0 1 0
     49620      49800 0 0 0 0 0 1 0
     50580      50760 0 0 0 0 0 1 0
     50580      50760 0 0 0 0 0 1 0
     51480      51600 1 1 1 1 1 0 0
     52320      52440 1 1 1 1 1 0 0
     53220      53400 0 0 0 0 0 1 0
     53220      53400 0 0 0 0 0 1 0
     53280      53400 1 1 1 1 1 0 0
     54120      54240 1 1 1 1 1 0 0
     54180      54360 0 0 0 0 0 1 0
     54180      54360 0 0 0 0 0 1 0
     55440      55560 1 1 1 1 1 0 0
     55920      56040 1 1 1 1 1 0 0
     55980      56160 0 0 0 0 0 1 0
     55980      56160 0 0 0 0 0 1 0
     57240      57360 1 1 1 1 1 0 0
     57720      57840 1 1 1 1 1 0 0
     57780      57960 0 0 0 0 0 1 0
     57780      57960 0 0 0 0 0 1 0
     58620      58800 0 0 0 0 0 1 0
     58620      58800 0 0 0 0 0 1 0
     59040      59160 1 1 1 1 1 0 0
     59580      59760 0 0 0 0 0 1 0
     59580      59760 0 0 0 0 0 1 0
     59580      59700 1 1 1 1 1 0 0
     60420      60600 0 0 0 0 0 1 0
     60420      60600 0 0 0 0 0 1 0
     60660      60780 1 1 1 1 1 0 0
     60840      60960 1 1 1 1 1 0 0
     61200      61320 1 1 1 1 1 0 0
     61380      61560 0 0 0 0 0 1 0
     61380      61560 0 0 0 0 0 1 0
     61440      61560 1 1 1 1 1 0 0
     62220      62400 0 0 0 0 0 1 0
     62220      62400 0 0 0 0 0 1 0
     62640      62760 1 1 1 1 1 0 0
     63180      63360 0 0 0 0 0 1 0
     63180      63360 0 0 0 0 0 1 0
     63240      63360 1 1 1 1 1 0 0
     64020      64200 0 0 0 0 0 1 0
     64020      64200 0 0 0 0 0 1 0
     64440      64560 1 1 1 1 1 0 0
     64980      65160 0 0 0 0 0 1 0
     64980      65160 0 0 0 0 0 1 0
     64980      65100 1 1 1 1 1 0 0
     65820      66000 0 0 0 0 0 1 0
     65820      66000 0 0 0 0 0 1 0
     66240      66360 1 1 1 1 1 0 0
     66780      66900 1 1 1 1 1 0 0
     66780      66960 0 0 0 0 0 1 0
     66780      66960 0 0 0 0 0 1 0
     67620      67800 0 0 0 0 0 1 0
     67620      67800 0 0 0 0 0 1 0
     68040      68160 1 1 1 1 1 0 0
     68520      68640 1 1 1 1 1 0 0
     68580      68760 0 0 0 0 0 1 0
     68580      68760 0 0 0 0 0 1 0
     69420      69600 0 0 0 0 0 1 0
     69420      69600 0 0 0 0 0 1 0
     70320      70440 1 1 1 1 1 0 0
     70380      70560 0 0 0 0 0 1 0
     70380      70560 0 0 0 0 0 1 0
     71220      71400 0 0 0 0 0 1 0
     71220      71400 0 0 0 0 0 1 0
     71280      71400 1 1 1 1 1 0 0
     71940      72120 0 0 0 0 0 1 0
     71940      72120 0 0 0 0 0 1 0
     72120      72240 1 1 1 1 1 0 0
     72180      72360 0 0 0 0 0 1 0
     72180      72360 0 0 0 0 0 1 0
     73020      73200 0 0 0 0 0 1 0
     73020      73200 0 0 0 0 0 1 0
     73080      73200 1 1 1 1 1 0 0
     73680      73800 0 0 0 0 0 1 0
     73680      73800 0 0 0 0 0 1 0
     73920      74040 1 1 1 1 1 0 0
     74820      75000 0 0 0 0 0 1 0
     74820      75000 0 0 0 0 0 1 0
     74880      75000 1 1 1 1 1 0 0
     75480      75600 0 0 0 0 0 1 0
     75480      75600 0 0 0 0 0 1 0
     75720      75840 1 1 1 1 1 0 0
     76620      76800 0 0 0 0 0 1 0
     76620      76800 0 0 0 0 0 1 0
     76680      76800 1 1 1 1 1 0 0
     77280      77400 0 0 0 0 0 1 0
     77280      77400 0 0 0 0 0 1 0
     77520      77640 1 1 1 1 1 0 0
     78420      78600 0 0 0 0 0 1 0
     78420      78600 0 0 0 0 0 1 0
     78480      78600 1 1 1 1 1 0 0
     79080      79200 0 0 0 0 0 1 0
     79080      79200 0 0 0 0 0 1 0
     79320      79440 1 1 1 1 1 0 0
     80220      80400 0 0 0 0 0 1 0
     80220      80400 0 0 0 0 0 1 0
     80280      80400 0 0 0 1 0 0 0
     80280      80400 1 1 1 1 0 0 0
     80880      81000 0 0 0 0 0 1 0
     80880      81000 0 0 0 0 0 1 0
     81120      81240 1 1 1 1 1 0 0
     82020      82200 0 0 0 0 0 1 0
     82020      82200 0 0 0 0 0 1 0
     82080      82200 1 1 1 1 1 0 0
     82680      82800 0 0 0 0 0 1 0
     82680      82800 0 0 0 0 0 1 0
     82920      83040 1 1 1 1 1 0 0
     83880      84000 1 1 1 1 1 0 0
     84000      84120 0 0 0 1 0 0 0
     84480      84600 0 0 0 0 0 1 0
     84480      84600 0 0 0 0 0 1 0
     84720      84840 1 1 1 1 1 0 0
     85620      85800 0 0 0 0 0 1 0
     85620      85800 0 0 0 0 0 1 0
     85680      85800 1 1 1 1 1 0 0
     86280          0 0 0 0 0 0 1 0
     86280          0 0 0 0 0 0 0 0
     86280          0 0 0 0 0 0 1 0
254
