         0        120 1 1 1 1 1 0 0
         0        120 1 1 0 1 0 0 0
       960       1080 0 0 1 0 1 0 0
      1020       1140 0 0 0 0 0 1 0
      1020       1140 0 0 0 0 0 1 0
      1020       1140 0 0 0 0 0 0 0
      1800       1920 1 1 0 1 0 0 0
      1800       1920 1 1 1 1 0 0 0
      1800       1920 0 0 1 0 1 0 0
      1800       1920 0 0 0 1 0 0 0
      1800       1920 1 1 1 1 0 0 0
      2820       2940 0 0 0 0 0 0 0
      2820       2940 0 0 0 0 0 1 0
      2820       2940 0 0 0 0 0 1 0
      2940       3060 1 1 0 1 0 0 0
      2940       3060 1 1 1 1 1 0 0
      3000       3120 1 1 1 1 0 0 0
      3600       3720 1 1 1 1 1 0 0
      3600       3720 1 1 0 1 0 0 0
      5520       5640 0 0 0 0 0 1 0
      6960       7080 0 0 0 0 0 1 0
      6960       7080 0 0 0 0 0 0 0
      7740       7860 1 1 1 1 1 0 0
      7740       7860 1 1 0 1 0 0 0
      7740       7860 1 1 1 1 0 0 0
     10140      10260 0 0 1 0 1 0 0
     10500      10620 0 0 0 0 0 1 0
     15360      15480 1 1 1 1 1 0 0
     15600      15720 0 0 0 0 0 1 0
     15600      15720 0 0 0 0 0 1 0
     16200      16320 1 1 1 1 1 0 0
     17160      17280 1 1 1 1 1 0 0
     17400      17520 0 0 0 0 0 1 0
     17400      17520 0 0 0 0 0 1 0
     18000      18120 1 1 1 1 1 0 0
     18120      18240 0 0 0 0 0 1 0
     18120      18240 0 0 0 0 0 1 0
     18960      19080 1 1 1 1 1 0 0
     19200      19320 0 0 0 0 0 1 0
     19200      19320 0 0 0 0 0 1 0
     19800      19920 1 1 1 1 1 0 0
     19920      20040 0 0 0 0 0 1 0
     19920      20040 0 0 0 0 0 1 0
     20760      20880 1 1 1 1 1 0 0
     21000      21120 0 0 0 0 0 1 0
     21000      21120 0 0 0 0 0 1 0
     21420      21540 1 1 1 1 1 0 0
     21600      21720 1 1 1 1 1 0 0
     21720      21840 0 0 0 0 0 1 0
     21720      21840 0 0 0 0 0 1 0
     22440      22560 1 1 1 1 1 0 0
     22620      22740 1 1 1 1 1 0 0
     22800      22920 0 0 0 0 0 1 0
     22800      22920 0 0 0 0 0 1 0
     23400      23520 1 1 1 1 1 0 0
     23520      23640 0 0 0 0 0 1 0
     23520      23640 0 0 0 0 0 1 0
     24420      24540 1 1 1 1 1 0 0
     24600      24720 0 0 0 0 0 1 0
     24600      24720 0 0 0 0 0 1 0
     24900      25020 1 1 1 1 1 0 0
     25320      25440 0 0 0 0 0 1 0
     25320      25440 0 0 0 0 0 1 0
     25620      25740 1 1 1 1 1 0 0
     26220      26340 1 1 1 1 1 0 0
     26400      26520 0 0 0 0 0 1 0
     26400      26520 0 0 0 0 0 1 0
     26820      26940 1 1 1 1 1 0 0
     27120      27240 0 0 0 0 0 1 0
     27120      27240 0 0 0 0 0 1 0
     27420      27540 1 1 1 1 1 0 0
     27900      28020 0 0 0 0 0 1 0
     27900      28020 0 0 0 0 0 1 0
     28020      28140 1 1 1 1 1 0 0
     28620      28740 1 1 1 1 1 0 0
     28860      28980 0 0 0 0 0 1 0
     28860      28980 0 0 0 0 0 1 0
     29220      29340 1 1 1 1 1 0 0
     29700      29820 0 0 0 0 0 1 0
     29700      29820 0 0 0 0 0 1 0
     29820      29940 1 1 1 1 1 0 0
     30420      30540 1 1 1 1 1 0 0
     30660      30780 0 0 0 0 0 1 0
     30660      30780 0 0 0 0 0 1 0
     31020      31140 1 1 1 1 1 0 0
     31500      31620 0 0 0 0 0 1 0
     31500      31620 0 0 0 0 0 1 0
     31620      31740 1 1 1 1 1 0 0
     32220      32340 1 1 1 1 1 0 0
     32460      32580 0 0 0 0 0 1 0
     32460      32580 0 0 0 0 0 1 0
     32820      32940 1 1 1 1 1 0 0
     33300      33420 0 0 0 0 0 1 0
     33300      33420 0 0 0 0 0 1 0
     33420      33540 1 1 1 1 1 0 0
     34200      34320 1 1 1 1 1 0 0
     34260      34380 0 0 0 0 0 1 0
     34260      34380 0 0 0 0 0 1 0
     35100      35220 0 0 0 0 0 1 0
     35100      35220 0 0 0 0 0 1 0
     35160      35280 1 1 1 1 1 0 0
     36000      36120 1 1 1 1 1 0 0
     36060      36180 0 0 0 0 0 1 0
     36060      36180 0 0 0 0 0 1 0
     36900      37020 0 0 0 0 0 1 0
     36900      37020 0 0 0 0 0 1 0
     36960      37080 1 1 1 1 1 0 0
     37800      37920 1 1 1 1 1 0 0
     37860      37980 0 0 0 0 0 1 0
     37860      37980 0 0 0 0 0 1 0
     38700      38820 0 0 0 0 0 1 0
     38700      38820 0 0 0 0 0 1 0
     38760      38880 1 0 0 0 0 0 0
     38760      38880 1 1 1 1 1 0 0
     38760      38880 0 0 0 1 0 0 0
     39600      39720 1 1 1 1 1 0 0
     39600      39720 0 0 0 1 0 0 0
     39660      39780 0 0 0 0 0 1 0
     39660      39780 0 0 0 0 0 1 0
     40500      40620 0 0 0 0 0 1 0
     40500      40620 0 0 0 0 0 1 0
     40560      40680 1 0 0 0 0 0 0
     40560      40680 1 1 1 1 1 0 0
     40560      40680 0 0 0 1 0 0 0
     40560      40680 1 0 0 0 0 0 0
     41400      41520 0 0 0 1 0 0 0
     41400      41520 1 0 0 0 0 0 0
     41400      41520 1 1 1 1 1 0 0
     41460      41580 0 0 0 0 0 1 0
     41460      41580 0 0 0 0 0 1 0
     42300      42420 0 0 0 0 0 1 0
     42300      42420 0 0 0 0 0 1 0
     42360      42480 1 1 1 1 1 0 0
     42360      42480 1 0 0 0 0 0 0
     42360      42480 0 0 0 1 0 0 0
     42360      42480 1 0 0 0 0 0 0
     43200      43320 1 1 1 1 1 0 0
     43200      43320 1 0 0 0 0 0 0
     43200      43320 0 0 0 1 0 0 0
     43260      43380 0 0 0 0 0 1 0
     43260      43380 0 0 0 0 0 1 0
     44100      44220 0 0 0 0 0 1 0
     44100      44220 0 0 0 0 0 1 0
     44160      44280 1 1 1 1 1 0 0
     44160      44280 1 0 0 0 0 0 0
     44160      44280 1 0 0 0 0 0 0
     44160      44280 0 0 0 1 0 0 0
     45000      45120 1 1 1 1 1 0 0
     45000      45120 0 0 0 1 0 0 0
     45000      45120 1 0 0 0 0 0 0
     45060      45180 0 0 0 0 0 1 0
     45060      45180 0 0 0 0 0 1 0
     45900      46020 0 0 0 0 0 1 0
     45900      46020 0 0 0 0 0 1 0
     45960      46080 1 1 1 1 1 0 0
     45960      46080 0 0 0 1 0 0 0
     46800      46920 1 1 1 1 1 0 0
     46800      46920 0 0 0 1 0 0 0
     46860      46980 0 0 0 0 0 1 0
     46860      46980 0 0 0 0 0 1 0
     47700      47820 0 0 0 0 0 1 0
     47700      47820 0 0 0 0 0 1 0
     47760      47880 1 1 1 1 1 0 0
     47760      47880 0 0 0 1 0 0 0
     48600      48720 1 1 1 1 1 0 0
     48660      48780 0 0 0 0 0 1 0
     48660      48780 0 0 0 0 0 1 0
     49500      49620 0 0 0 0 0 1 0
     49500      49620 0 0 0 0 0 1 0
     49560      49680 1 1 1 1 1 0 0
     50400      50520 1 1 1 1 1 0 0
     50460      50580 0 0 0 0 0 1 0
     50460      50580 0 0 0 0 0 1 0
     51300      51420 0 0 0 0 0 1 0
     51300      51420 0 0 0 0 0 1 0
     51360      51480 1 1 1 1 1 0 0
     52200      52320 1 1 1 1 1 0 0
     52260      52380 0 0 0 0 0 1 0
     52260      52380 0 0 0 0 0 1 0
     53100      53220 0 0 0 0 0 1 0
     53100      53220 0 0 0 0 0 1 0
     53160      53280 1 1 1 1 1 0 0
     53760      53880 1 1 1 1 1 0 0
     54000      54120 1 1 1 1 1 0 0
     54060      54180 0 0 0 0 0 1 0
     54060      54180 0 0 0 0 0 1 0
     54180      54300 1 1 1 1 1 0 0
     54900      55020 0 0 0 0 0 1 0
     54900      55020 0 0 0 0 0 1 0
     55320      55440 1 1 1 1 1 0 0
     55560      55680 1 1 1 1 1 0 0
     55800      55920 1 1 1 1 1 0 0
     55860      55980 0 0 0 0 0 1 0
     55860      55980 0 0 0 0 0 1 0
     56160      56280 1 1 1 1 1 0 0
     56700      56820 0 0 0 0 0 1 0
     56700      56820 0 0 0 0 0 1 0
     57120      57240 1 1 1 1 1 0 0
     57360      57480 1 1 1 1 1 0 0
     57600      57720 1 1 1 1 1 0 0
     57660      57780 0 0 0 0 0 1 0
     57660      57780 0 0 0 0 0 1 0
     57960      58080 1 1 1 1 1 0 0
     58500      58620 0 0 0 0 0 1 0
     58500      58620 0 0 0 0 0 1 0
     58920      59040 1 1 1 1 1 0 0
     59460      59580 0 0 0 0 0 1 0
     59460      59580 1 1 1 1 1 0 0
     59460      59580 0 0 0 0 0 1 0
     60300      60420 0 0 0 0 0 1 0
     60300      60420 0 0 0 0 0 1 0
     60540      60660 1 1 1 1 1 0 0
     60720      60840 1 1 1 1 1 0 0
     61080      61200 1 1 1 1 1 0 0
     61260      61380 0 0 0 0 0 1 0
     61260      61380 0 0 0 0 0 1 0
     61320      61440 1 1 1 1 1 0 0
     62100      62220 0 0 0 0 0 1 0
     62100      62220 0 0 0 0 0 1 0
     62520      62640 1 1 1 1 1 0 0
     63060      63180 0 0 0 0 0 1 0
     63060      63180 0 0 0 0 0 1 0
     63120      63240 1 1 1 1 1 0 0
     63900      64020 0 0 0 0 0 1 0
     63900      64020 0 0 0 0 0 1 0
     64320      64440 1 1 1 1 1 0 0
     64860      64980 1 1 1 1 1 0 0
     64860      64980 0 0 0 0 0 1 0
     64860      64980 0 0 0 0 0 1 0
     65700      65820 0 0 0 0 0 1 0
     65700      65820 0 0 0 0 0 1 0
     66120      66240 1 1 1 1 1 0 0
     66660      66780 0 0 0 0 0 1 0
     66660      66780 1 1 1 1 1 0 0
     66660      66780 0 0 0 0 0 1 0
     67500      67620 0 0 0 0 0 1 0
     67500      67620 0 0 0 0 0 1 0
     67920      68040 1 1 1 1 1 0 0
     68400      68520 1 1 1 1 1 0 0
     68460      68580 0 0 0 0 0 1 0
     68460      68580 0 0 0 0 0 1 0
     69300      69420 0 0 0 0 0 1 0
     69300      69420 0 0 0 0 0 1 0
     69360      69480 1 1 1 1 1 0 0
     70200      70320 1 1 1 1 1 0 0
     70260      70380 0 0 0 0 0 1 0
     70260      70380 0 0 0 0 0 1 0
     71100      71220 0 0 0 0 0 1 0
     71100      71220 0 0 0 0 0 1 0
     71160      71280 1 1 1 1 1 0 0
     71820      71940 0 0 0 0 0 1 0
     71820      71940 0 0 0 0 0 1 0
     72000      72120 1 1 1 1 1 0 0
     72060      72180 0 0 0 0 0 1 0
     72060      72180 0 0 0 0 0 1 0
     72900      73020 0 0 0 0 0 1 0
     72900      73020 0 0 0 0 0 1 0
     72960      73080 1 1 1 1 1 0 0
     73560      73680 0 0 0 0 0 1 0
     73560      73680 0 0 0 0 0 1 0
     73800      73920 1 1 1 1 1 0 0
     74700      74820 0 0 0 0 0 1 0
     74700      74820 0 0 0 0 0 1 0
     74760      74880 1 1 1 1 1 0 0
     75360      75480 0 0 0 0 0 1 0
     75360      75480 0 0 0 0 0 1 0
     75600      75720 1 1 1 1 1 0 0
     76500      76620 0 0 0 0 0 1 0
     76500      76620 0 0 0 0 0 1 0
     76560      76680 1 1 1 1 1 0 0
     77160      77280 0 0 0 0 0 1 0
     77160      77280 0 0 0 0 0 1 0
     77400      77520 1 1 1 1 1 0 0
     78300      78420 0 0 0 0 0 1 0
     78300      78420 0 0 0 0 0 1 0
     78360      78480 1 1 1 1 1 0 0
     78360      78480 1 1 0 1 0 0 0
     78960      79080 0 0 0 0 0 1 0
     78960      79080 0 0 0 0 0 1 0
     79200      79320 1 1 1 1 1 0 0
     79200      79320 1 1 0 1 0 0 0
     80100      80220 0 0 0 0 0 1 0
     80100      80220 0 0 0 0 0 1 0
     80160      80280 1 1 1 1 0 0 0
     80160      80280 0 0 0 1 0 0 0
     80160      80280 1 1 1 1 1 0 0
     80760      80880 0 0 0 0 0 1 0
     80760      80880 0 0 0 0 0 1 0
     81000      81120 1 1 0 1 0 0 0
     81000      81120 1 1 1 1 1 0 0
     81900      82020 0 0 0 0 0 1 0
     81900      82020 0 0 0 0 0 1 0
     81960      82080 1 1 1 1 1 0 0
     81960      82080 1 1 0 1 0 0 0
     82560      82680 0 0 0 0 0 1 0
     82560      82680 0 0 0 0 0 1 0
     82800      82920 1 1 1 1 1 0 0
     82800      82920 1 1 0 1 0 0 0
     83700      83820 0 0 0 0 0 1 0
     83700      83820 0 0 0 0 0 1 0
     83760      83880 1 1 0 1 0 0 0
     83760      83880 1 1 1 1 1 0 0
     83880      84000 0 0 0 1 0 0 0
     84360      84480 0 0 0 0 0 1 0
     84360      84480 0 0 0 0 0 1 0
     84600      84720 1 1 1 1 1 0 0
     84600      84720 1 1 0 1 0 0 0
     85500      85620 0 0 0 0 0 1 0
     85500      85620 0 0 0 0 0 1 0
     85560      85680 1 1 1 1 1 0 0
     85560      85680 1 1 0 1 0 0 0
     86160      86280 0 0 0 0 0 1 0
     86160      86280 0 0 0 0 0 0 0
     86160      86280 0 0 0 0 0 1 0
314
