       900       1020 0 0 0 0 0 0 0
       900       1020 0 0 0 0 0 1 0
       900       1020 0 0 0 0 0 1 0
      1680       1800 1 1 1 1 0 0 0
      1680       1800 1 1 1 1 0 0 0
      1680       1800 0 0 0 1 0 0 0
      1680       1800 0 0 1 0 1 0 0
      1680       1800 1 1 0 1 0 0 0
      2700       2820 0 0 0 0 0 1 0
      2700       2820 0 0 0 0 0 0 0
      2700       2820 0 0 0 0 0 1 0
      2820       2940 0 0 0 1 0 0 0
      2820       2940 1 1 0 1 0 0 0
      2820       2940 1 1 1 1 1 0 0
      2820       3000 1 1 1 1 0 0 0
      3480       3600 1 1 0 1 0 0 0
      3480       3600 1 1 1 1 1 0 0
      5400       5520 0 0 0 0 0 1 0
      6840       6960 0 0 0 0 0 0 0
      6840       6960 0 0 0 0 0 1 0
      7620       7740 1 1 1 1 1 0 0
      7620       7740 1 1 0 1 0 0 0
      7620       7740 1 1 1 1 0 0 0
     10020      10140 0 0 1 0 1 0 0
     10380      10500 0 0 0 0 0 1 0
     16080      16200 1 1 1 1 1 0 0
     17880      18000 1 1 1 1 1 0 0
     18000      18120 0 0 0 0 0 1 0
     18000      18120 0 0 0 0 0 1 0
     19680      19800 1 1 1 1 1 0 0
     19800      19920 0 0 0 0 0 1 0
     19800      19920 0 0 0 0 0 1 0
     21480      21600 1 1 1 1 1 0 0
     21600      21720 0 0 0 0 0 1 0
     21600      21720 0 0 0 0 0 1 0
     23280      23400 1 1 1 1 1 0 0
     23400      23520 0 0 0 0 0 1 0
     23400      23520 0 0 0 0 0 1 0
     24780      24900 1 1 1 1 1 0 0
     25200      25320 0 0 0 0 0 1 0
     25200      25320 0 0 0 0 0 1 0
     25500      25620 1 1 1 1 1 0 0
     26700      26820 1 1 1 1 1 0 0
     27000      27120 0 0 0 0 0 1 0
     27000      27120 0 0 0 0 0 1 0
     27780      27900 0 0 0 0 0 1 0
     27780      27900 0 0 0 0 0 1 0
     27900      28020 1 1 1 1 1 0 0
     29100      29220 1 1 1 1 1 0 0
     29580      29700 0 0 0 0 0 1 0
     29580      29700 0 0 0 0 0 1 0
     30300      30420 1 1 1 1 1 0 0
     31380      31500 0 0 0 0 0 1 0
     31380      31500 0 0 0 0 0 1 0
     31500      31620 1 1 1 1 1 0 0
     32700      32820 1 1 1 1 1 0 0
     33180      33300 0 0 0 0 0 1 0
     33180      33300 0 0 0 0 0 1 0
     34080      34200 1 1 1 1 1 0 0
     34980      35100 0 0 0 0 0 1 0
     34980      35100 0 0 0 0 0 1 0
     35880      36000 1 1 1 1 1 0 0
     36780      36900 0 0 0 0 0 1 0
     36780      36900 0 0 0 0 0 1 0
     37680      37800 1 1 1 1 1 0 0
     38580      38700 0 0 0 0 0 1 0
     38580      38700 0 0 0 0 0 1 0
     39480      39600 0 0 0 1 0 0 0
     39480      39600 1 1 1 1 1 0 0
     40380      40500 0 0 0 0 0 1 0
     40380      40500 0 0 0 0 0 1 0
     41280      41400 1 0 0 0 0 0 0
     41280      41400 0 0 0 1 0 0 0
     41280      41400 1 1 1 1 1 0 0
     42180      42300 0 0 0 0 0 1 0
     42180      42300 0 0 0 0 0 1 0
     43080      43200 0 0 0 1 0 0 0
     43080      43200 1 1 1 1 1 0 0
     43080      43200 1 0 0 0 0 0 0
     43980      44100 0 0 0 0 0 1 0
     43980      44100 0 0 0 0 0 1 0
     44880      45000 0 0 0 1 0 0 0
     44880      45000 1 1 1 1 1 0 0
     44880      45000 1 0 0 0 0 0 0
     45780      45900 0 0 0 0 0 1 0
     45780      45900 0 0 0 0 0 1 0
     46680      46800 0 0 0 1 0 0 0
     46680      46800 1 1 1 1 1 0 0
     47580      47700 0 0 0 0 0 1 0
     47580      47700 0 0 0 0 0 1 0
     48480      48600 1 1 1 1 1 0 0
     49380      49500 0 0 0 0 0 1 0
     49380      49500 0 0 0 0 0 1 0
     50280      50400 1 1 1 1 1 0 0
     51180      51300 0 0 0 0 0 1 0
     51180      51300 0 0 0 0 0 1 0
     52080      52200 1 1 1 1 1 0 0
     52980      53100 0 0 0 0 0 1 0
     52980      53100 0 0 0 0 0 1 0
     53880      54000 1 1 1 1 1 0 0
     54780      54900 0 0 0 0 0 1 0
     54780      54900 0 0 0 0 0 1 0
     55680      55800 1 1 1 1 1 0 0
     56580      56700 0 0 0 0 0 1 0
     56580      56700 0 0 0 0 0 1 0
     57480      57600 1 1 1 1 1 0 0
     58380      58500 0 0 0 0 0 1 0
     58380      58500 0 0 0 0 0 1 0
     59340      59460 1 1 1 1 1 0 0
     60180      60300 0 0 0 0 0 1 0
     60180      60300 0 0 0 0 0 1 0
     60960      61080 1 1 1 1 1 0 0
     61200      61320 1 1 1 1 1 0 0
     61980      62100 0 0 0 0 0 1 0
     61980      62100 0 0 0 0 0 1 0
     63000      63120 1 1 1 1 1 0 0
     63780      63900 0 0 0 0 0 1 0
     63780      63900 0 0 0 0 0 1 0
     64740      64860 1 1 1 1 1 0 0
     65580      65700 0 0 0 0 0 1 0
     65580      65700 0 0 0 0 0 1 0
     66540      66660 1 1 1 1 1 0 0
     67380      67500 0 0 0 0 0 1 0
     67380      67500 0 0 0 0 0 1 0
     68280      68400 1 1 1 1 1 0 0
     69180      69300 0 0 0 0 0 1 0
     69180      69300 0 0 0 0 0 1 0
     70080      70200 1 1 1 1 1 0 0
     70980      71100 0 0 0 0 0 1 0
     70980      71100 0 0 0 0 0 1 0
     71700      71820 0 0 0 0 0 1 0
     71700      71820 0 0 0 0 0 1 0
     71880      72000 1 1 1 1 1 0 0
     73440      73560 0 0 0 0 0 1 0
     73440      73560 0 0 0 0 0 1 0
     73680      73800 1 1 1 1 1 0 0
     75240      75360 0 0 0 0 0 1 0
     75240      75360 0 0 0 0 0 1 0
     75480      75600 1 1 1 1 1 0 0
     77040      77160 0 0 0 0 0 1 0
     77040      77160 0 0 0 0 0 1 0
     77280      77400 1 1 1 1 1 0 0
     78840      78960 0 0 0 0 0 1 0
     78840      78960 0 0 0 0 0 1 0
     79080      79200 1 1 1 1 1 0 0
     79080      79200 1 1 0 1 0 0 0
     80640      80760 0 0 0 0 0 1 0
     80640      80760 0 0 0 0 0 1 0
     80880      81000 1 1 0 1 0 0 0
     80880      81000 1 1 1 1 1 0 0
     82440      82560 0 0 0 0 0 1 0
     82440      82560 0 0 0 0 0 1 0
     82680      82800 1 1 1 1 1 0 0
     82680      82800 1 1 0 1 0 0 0
     84240      84360 0 0 0 0 0 1 0
     84240      84360 0 0 0 0 0 1 0
     84480      84600 1 1 1 1 1 0 0
     84480      84600 1 1 0 1 0 0 0
     86040      86160 0 0 0 0 0 0 0
     86040      86160 0 0 0 0 0 1 0
     86040      86160 0 0 0 0 0 1 0
     86280          0 1 1 0 1 0 0 0
     86280          0 1 1 1 1 1 0 0
163
