      4140       4620 1 1 1 1 1 0 0
      4140       4620 1 1 0 1 0 0 0
      4140       4620 1 1 1 1 0 0 0
     23940      24420 1 1 1 1 1 0 0
     24660      25140 1 1 1 1 1 0 0
     27540      28020 1 1 1 1 1 0 0
     28800      29280 1 1 1 1 1 0 0
     32640      33120 1 1 1 1 1 0 0
     34440      34920 1 1 1 1 1 0 0
     36240      36720 1 1 1 1 1 0 0
     59460      59940 1 1 1 1 1 0 0
     61260      61740 1 1 1 1 1 0 0
     69300      69780 1 1 1 1 1 0 0
     72060      72600 1 1 1 1 1 0 0
     73020      73500 0 0 0 0 0 1 0
15
