       300        540 0 0 0 0 0 1 0
       300        540 0 0 0 0 0 1 0
      1680       1860 1 1 0 1 0 0 0
      1680       1860 1 1 1 1 1 0 0
      2100       2340 0 0 0 0 0 1 0
      2100       2340 0 0 0 0 0 1 0
      3000       3180 0 0 0 0 0 1 0
      3000       3180 0 0 0 0 0 1 0
      3480       3660 1 1 0 1 0 0 0
      3480       3660 1 1 1 1 1 0 0
      3600       3780 0 0 0 1 0 0 0
      4800       4980 0 0 0 0 0 1 0
      4800       4980 0 0 0 0 0 1 0
      5460       5640 1 1 0 1 0 0 0
      5460       5640 1 1 1 1 1 0 0
      5700       5940 0 0 0 0 0 1 0
      5700       5940 0 0 0 0 0 1 0
      6060       6240 0 0 1 0 1 0 0
      6600       6780 0 0 0 0 0 1 0
      6600       6780 0 0 0 0 0 1 0
      7320       7500 0 0 1 0 1 0 0
      7500       7680 0 0 0 0 0 1 0
      7500       7680 0 0 0 0 0 1 0
      8520       8700 0 0 1 0 1 0 0
     16080      16260 1 1 1 1 1 0 0
     17880      18060 1 1 1 1 1 0 0
     18600      18840 0 0 0 0 0 1 0
     19680      19860 1 1 1 1 1 0 0
     21480      21660 1 1 1 1 1 0 0
     22200      22440 0 0 0 0 0 1 0
     22320      22500 0 0 0 0 0 1 0
     23460      23640 1 1 1 1 1 0 0
     24000      24240 0 0 0 0 0 1 0
     24120      24300 0 0 0 0 0 1 0
     25800      26040 0 0 0 0 0 1 0
     25920      26100 0 0 0 0 0 1 0
     26820      27000 1 1 1 1 1 0 0
     27000      27240 0 0 0 0 0 1 0
     27600      27840 0 0 0 0 0 1 0
     27720      27900 0 0 0 0 0 1 0
     28560      28740 1 1 1 1 1 0 0
     28800      29040 0 0 0 0 0 1 0
     29400      29640 0 0 0 0 0 1 0
     29520      29700 0 0 0 0 0 1 0
     30540      30720 1 1 1 1 1 0 0
     30600      30840 0 0 0 0 0 1 0
     31200      31440 0 0 0 0 0 1 0
     31320      31500 0 0 0 0 0 1 0
     32160      32340 1 1 1 1 1 0 0
     32400      32640 0 0 0 0 0 1 0
     33000      33240 0 0 0 0 0 1 0
     33120      33300 0 0 0 0 0 1 0
     33960      34140 1 1 1 1 1 0 0
     34200      34440 0 0 0 0 0 1 0
     34200      34440 0 0 0 0 0 1 0
     35760      35940 1 1 1 1 1 0 0
     36000      36240 0 0 0 0 0 1 0
     36000      36240 0 0 0 0 0 1 0
     37740      37920 1 1 1 1 1 0 0
     37800      38040 0 0 0 0 0 1 0
     37800      38040 0 0 0 0 0 1 0
     39480      39660 1 1 1 1 1 0 0
     39600      39840 0 0 0 0 0 1 0
     39600      39840 0 0 0 0 0 1 0
     41280      41520 0 0 0 0 1 0 0
     41280      41460 0 0 0 1 0 0 0
     41280      41460 1 1 1 1 1 0 0
     41400      41640 0 0 0 0 0 1 0
     41400      41640 0 0 0 0 0 1 0
     43080      43260 0 0 0 1 0 0 0
     43080      43260 1 1 1 1 1 0 0
     43140      43320 1 0 0 0 0 0 0
     43200      43440 0 0 0 0 0 1 0
     43200      43380 1 0 0 0 0 0 0
     43200      43440 0 0 0 0 0 1 0
     44880      45060 0 0 0 1 0 0 0
     44880      45060 1 1 1 1 1 0 0
     44880      45060 1 0 0 0 0 0 0
     45000      45240 0 0 0 0 0 1 0
     45000      45240 0 0 0 0 0 1 0
     46680      46860 1 1 1 1 1 0 0
     46680      46920 1 0 0 0 0 0 0
     46680      46860 0 0 0 1 0 0 0
     46740      46920 1 0 0 0 0 0 0
     46800      47040 0 0 0 0 0 1 0
     46800      47040 0 0 0 0 0 1 0
     48480      48660 1 1 1 1 1 0 0
     48480      48660 0 0 0 1 0 0 0
     48600      48840 0 0 0 0 0 1 0
     48600      48840 0 0 0 0 0 1 0
     50280      50460 1 1 1 1 1 0 0
     50400      50640 0 0 0 0 0 1 0
     50400      50640 0 0 0 0 0 1 0
     52080      52260 1 1 1 1 1 0 0
     52200      52440 0 0 0 0 0 1 0
     52200      52440 0 0 0 0 0 1 0
     53880      54060 1 1 1 1 1 0 0
     54000      54240 0 0 0 0 0 1 0
     54000      54240 0 0 0 0 0 1 0
     55680      55860 1 1 1 1 1 0 0
     55800      56040 0 0 0 0 0 1 0
     55800      56040 0 0 0 0 0 1 0
     57540      57720 1 1 1 1 1 0 0
     57600      57840 0 0 0 0 0 1 0
     57600      57840 0 0 0 0 0 1 0
     59040      59220 1 1 1 1 1 0 0
     59400      59640 0 0 0 0 0 1 0
     59400      59640 0 0 0 0 0 1 0
     60840      61020 1 1 1 1 1 0 0
     61200      61440 0 0 0 0 0 1 0
     61200      61440 0 0 0 0 0 1 0
     62580      62760 1 1 1 1 1 0 0
     63000      63240 0 0 0 0 0 1 0
     63000      63240 0 0 0 0 0 1 0
     63540      63720 1 1 1 1 1 0 0
     64740      64920 1 1 1 1 1 0 0
     64800      65040 0 0 0 0 0 1 0
     64800      65040 0 0 0 0 0 1 0
     65940      66120 1 1 1 1 1 0 0
     66600      66840 0 0 0 0 0 1 0
     66600      66840 0 0 0 0 0 1 0
     67140      67320 1 1 1 1 1 0 0
     68340      68520 1 1 1 1 1 0 0
     68400      68640 0 0 0 0 0 1 0
     68400      68640 0 0 0 0 0 1 0
     69780      69960 1 1 1 1 1 0 0
     70200      70440 0 0 0 0 0 1 0
     70200      70440 0 0 0 0 0 1 0
     71640      71820 1 1 1 1 1 0 0
     72000      72240 0 0 0 0 0 1 0
     72000      72240 0 0 0 0 0 1 0
     73020      73200 1 1 1 1 1 0 0
     73620      73800 1 1 1 1 1 0 0
     73800      74040 0 0 0 0 0 1 0
     73800      74040 0 0 0 0 0 1 0
     75480      75660 1 1 1 1 1 0 0
     75600      75840 0 0 0 0 0 1 0
     75600      75840 0 0 0 0 0 1 0
     75660      75840 0 0 0 1 0 0 0
     77280      77460 1 1 1 1 1 0 0
     77400      77640 0 0 0 0 0 1 0
     77400      77640 0 0 0 0 0 1 0
     78000      78240 0 0 0 0 0 1 0
     78120      78300 0 0 0 0 0 1 0
     79080      79260 1 1 1 1 1 0 0
     79500      79740 0 0 0 0 0 1 0
     79500      79740 0 0 0 0 0 1 0
     80880      81060 1 1 0 1 0 0 0
     80880      81060 1 1 1 1 1 0 0
     81300      81540 0 0 0 0 0 1 0
     81300      81540 0 0 0 0 0 1 0
     82680      82860 1 1 0 1 0 0 0
     82680      82860 1 1 1 1 1 0 0
     83100      83340 0 0 0 0 0 1 0
     83100      83340 0 0 0 0 0 1 0
     84480      84660 1 1 1 1 1 0 0
     84480      84660 1 1 0 1 0 0 0
     84900      85140 0 0 0 0 0 1 0
     84900      85140 0 0 0 0 0 1 0
     86280         60 1 1 1 1 1 0 0
     86280         60 1 1 0 1 0 0 0
161
