     28560      28740 0 0 0 0 0 1 0
     28560      28740 0 0 0 0 0 1 0
     30360      30540 0 0 0 0 0 1 0
     30360      30540 0 0 0 0 0 1 0
     32160      32340 0 0 0 0 0 1 0
     32160      32340 0 0 0 0 0 1 0
     33960      34140 0 0 0 0 0 1 0
     33960      34140 0 0 0 0 0 1 0
     37560      37740 0 0 0 0 0 1 0
     37560      37740 0 0 0 0 0 1 0
     39360      39540 0 0 0 0 0 1 0
     39360      39540 0 0 0 0 0 1 0
     41160      41340 0 0 0 0 0 1 0
     41160      41340 0 0 0 0 0 1 0
     42960      43140 0 0 0 0 0 1 0
     42960      43140 0 0 0 0 0 1 0
     44760      44940 0 0 0 0 0 1 0
     44760      44940 0 0 0 0 0 1 0
     46560      46740 0 0 0 0 0 1 0
     46560      46740 0 0 0 0 0 1 0
     48360      48540 0 0 0 0 0 1 0
     48360      48540 0 0 0 0 0 1 0
     50160      50340 0 0 0 0 0 1 0
     50160      50340 0 0 0 0 0 1 0
     51960      52140 0 0 0 0 0 1 0
     51960      52140 0 0 0 0 0 1 0
     53760      53940 0 0 0 0 0 1 0
     53760      53940 0 0 0 0 0 1 0
     55560      55740 0 0 0 0 0 1 0
     55560      55740 0 0 0 0 0 1 0
     57360      57540 0 0 0 0 0 1 0
     57360      57540 0 0 0 0 0 1 0
     59160      59340 0 0 0 0 0 1 0
     59160      59340 0 0 0 0 0 1 0
     60960      61140 0 0 0 0 0 1 0
     60960      61140 0 0 0 0 0 1 0
     62760      62940 0 0 0 0 0 1 0
     62760      62940 0 0 0 0 0 1 0
     64560      64740 0 0 0 0 0 1 0
     64560      64740 0 0 0 0 0 1 0
     66360      66540 0 0 0 0 0 1 0
     66360      66540 0 0 0 0 0 1 0
     68160      68340 0 0 0 0 0 1 0
     68160      68340 0 0 0 0 0 1 0
     69960      70200 0 0 0 0 0 1 0
     69960      70140 0 0 0 0 0 1 0
46
