     20640      20940 1 1 1 1 1 0 0
     22440      22740 1 1 1 1 1 0 0
     24240      24540 1 1 1 1 1 0 0
     26040      26340 1 1 1 1 1 0 0
     27840      28140 1 1 1 1 1 0 0
     29700      30000 1 1 1 1 1 0 0
     31440      31740 1 1 1 1 1 0 0
     33240      33540 1 1 1 1 1 0 0
     34920      35220 1 1 1 1 1 0 0
     37020      37320 1 1 1 1 1 0 0
     38640      38940 1 1 1 1 1 0 0
     40440      40740 1 1 1 1 1 0 0
     40440      40740 0 0 0 1 0 0 0
     42240      42540 1 0 0 0 0 0 0
     42240      42540 1 1 1 1 1 0 0
     42240      42540 0 0 0 1 0 0 0
     44040      44340 1 1 1 1 1 0 0
     44040      44340 1 0 0 0 0 0 0
     44040      44340 0 0 0 1 0 0 0
     45840      46140 1 0 0 0 0 0 0
     45840      46140 0 0 0 1 0 0 0
     45840      46140 1 1 1 1 1 0 0
     47640      47940 1 1 1 1 1 0 0
     47640      47940 0 0 0 1 0 0 0
     47640      47940 1 0 0 0 0 0 0
     49440      49740 0 0 0 1 0 0 0
     49440      49740 1 1 1 1 1 0 0
     51240      51540 1 1 1 1 1 0 0
     53040      53340 1 1 1 1 1 0 0
     54840      55140 1 1 1 1 1 0 0
     56640      56940 1 1 1 1 1 0 0
     58440      58740 1 1 1 1 1 0 0
     60060      60360 1 1 1 1 1 0 0
     61920      62220 1 1 1 1 1 0 0
     63240      63540 1 1 1 1 1 0 0
     64440      64740 1 1 1 1 1 0 0
     65640      65940 1 1 1 1 1 0 0
     66840      67140 1 1 1 1 1 0 0
     68040      68340 1 1 1 1 1 0 0
     69120      69420 1 1 1 1 1 0 0
     70920      71220 1 1 1 1 1 0 0
     72720      73020 1 1 1 1 1 0 0
     74640      74940 1 1 1 1 1 0 0
     76440      76740 1 1 1 1 1 0 0
     78240      78540 1 1 0 1 0 0 0
     78240      78540 1 1 1 1 1 0 0
     80040      80340 1 1 0 1 0 0 0
     80040      80340 1 1 1 1 1 0 0
     80040      80340 0 0 0 0 1 0 0
49
