       780       1140 0 0 0 0 0 1 0
       780       1140 0 0 0 0 0 1 0
     17280      17640 0 0 0 0 0 1 0
     19080      19440 0 0 0 0 0 1 0
     20880      21240 0 0 0 0 0 1 0
     20880      21240 0 0 0 0 0 1 0
     22680      23040 0 0 0 0 0 1 0
     22680      23040 0 0 0 0 0 1 0
     24480      24840 0 0 0 0 0 1 0
     24480      24840 0 0 0 0 0 1 0
     26280      26640 0 0 0 0 0 1 0
     26280      26640 0 0 0 0 0 1 0
     28080      28440 0 0 0 0 0 1 0
     28140      28500 0 0 0 0 0 1 0
     29880      30240 0 0 0 0 0 1 0
     30000      30300 0 0 0 0 0 1 0
     31680      32040 0 0 0 0 0 1 0
     31800      32100 0 0 0 0 0 1 0
     33480      33840 0 0 0 0 0 1 0
     33600      33900 0 0 0 0 0 1 0
     34980      35340 0 0 0 0 0 1 0
     34980      35340 0 0 0 0 0 1 0
     35280      35640 0 0 0 0 0 1 0
     35400      35700 0 0 0 0 0 1 0
     36780      37140 0 0 0 0 0 1 0
     36900      37260 0 0 0 0 0 1 0
     38580      38940 0 0 0 0 0 1 0
     38580      38940 0 0 0 0 0 1 0
     40380      40740 0 0 0 0 0 1 0
     40380      40740 0 0 0 0 0 0 0
     40380      40740 0 0 0 0 0 1 0
     42180      42540 0 0 0 0 0 1 0
     42180      42540 0 0 0 0 0 1 0
     43980      44340 0 0 0 0 0 1 0
     43980      44340 0 0 0 0 0 1 0
     45780      46140 0 0 0 0 0 1 0
     45840      46140 0 0 0 0 0 1 0
     47580      47940 0 0 0 0 0 1 0
     47580      47940 0 0 0 0 0 1 0
     49380      49740 0 0 0 0 0 1 0
     49380      49740 0 0 0 0 0 1 0
     51180      51540 0 0 0 0 0 1 0
     51180      51540 0 0 0 0 0 1 0
     52980      53340 0 0 0 0 0 1 0
     52980      53340 0 0 0 0 0 1 0
     54780      55140 0 0 0 0 0 1 0
     54780      55140 0 0 0 0 0 1 0
     56580      56940 0 0 0 0 0 1 0
     56580      56940 0 0 0 0 0 1 0
     58380      58740 0 0 0 0 0 1 0
     58380      58740 0 0 0 0 0 1 0
     60180      60540 0 0 0 0 0 1 0
     60180      60540 0 0 0 0 0 1 0
     61980      62340 0 0 0 0 0 1 0
     61980      62340 0 0 0 0 0 1 0
     63720      64080 1 1 1 1 1 0 0
     63780      64140 0 0 0 0 0 1 0
     63900      64260 0 0 0 0 0 1 0
     64920      65280 1 1 1 1 1 0 0
     65580      65940 0 0 0 0 0 1 0
     65700      66060 0 0 0 0 0 1 0
     66120      66480 1 1 1 1 1 0 0
     67320      67680 1 1 1 1 1 0 0
     67380      67740 0 0 0 0 0 1 0
     67380      67740 0 0 0 0 0 1 0
     68520      68880 1 1 1 1 1 0 0
     69180      69540 0 0 0 0 0 1 0
     69180      69540 0 0 0 0 0 1 0
     70980      71340 0 0 0 0 0 1 0
     70980      71340 0 0 0 0 0 1 0
     72780      73140 0 0 0 0 0 1 0
     72780      73140 0 0 0 0 0 1 0
     74580      74940 0 0 0 0 0 1 0
     74580      74940 0 0 0 0 0 1 0
     76380      76740 0 0 0 0 0 1 0
     76380      76740 0 0 0 0 0 1 0
     78180      78540 0 0 0 0 0 1 0
     78180      78600 0 0 0 0 0 1 0
     79980      80340 0 0 0 0 0 1 0
     79980      80340 0 0 0 0 0 1 0
     81780      82140 0 0 0 0 0 1 0
     81780      82140 0 0 0 0 0 1 0
     83580      83940 0 0 0 0 0 1 0
     83580      83940 0 0 0 0 0 1 0
     85380      85740 0 0 0 0 0 1 0
     85380      85740 0 0 0 0 0 1 0
86
