       540       1020 1 1 1 1 1 0 0
       540       1020 1 1 0 1 0 0 0
      2340       2880 1 1 0 1 0 0 0
      2340       2820 1 1 1 1 1 0 0
      2400       2880 1 1 1 1 0 0 0
     20340      20820 1 1 1 1 1 0 0
     22140      22620 1 1 1 1 1 0 0
     25740      26220 1 1 1 1 1 0 0
     29040      29520 1 1 1 1 1 0 0
     31620      32100 1 1 1 1 1 0 0
     37020      37500 0 0 0 0 0 1 0
     37140      37620 0 0 0 0 0 1 0
     37440      37920 1 1 1 1 1 0 0
     38220      38700 1 1 1 1 1 0 0
     38820      39300 0 0 0 0 0 1 0
     38940      39420 0 0 0 0 0 1 0
     40140      40620 1 1 1 1 1 0 0
     40140      40620 0 0 0 1 0 0 0
     40620      41100 0 0 0 0 0 1 0
     40740      41220 0 0 0 0 0 1 0
     41940      42420 0 0 0 1 0 0 0
     41940      42420 1 1 1 1 1 0 0
     42420      42900 0 0 0 0 0 1 0
     42480      42960 0 0 0 0 0 1 0
     43740      44220 1 0 0 0 0 0 0
     43740      44220 1 1 1 1 1 0 0
     43740      44220 0 0 0 1 0 0 0
     44220      44700 0 0 0 0 0 1 0
     44340      44820 0 0 0 0 0 1 0
     45540      46020 1 1 1 1 1 0 0
     45540      46020 1 0 0 0 0 0 0
     45540      46020 0 0 0 1 0 0 0
     46020      46500 0 0 0 0 0 1 0
     46080      46560 0 0 0 0 0 1 0
     47340      47820 1 1 1 1 1 0 0
     47340      47820 1 0 0 0 0 0 0
     47340      47820 0 0 0 1 0 0 0
     47820      48300 0 0 0 0 0 1 0
     47940      48420 0 0 0 0 0 1 0
     49140      49620 0 0 0 1 0 0 0
     49140      49620 1 1 1 1 1 0 0
     49620      50100 0 0 0 0 0 1 0
     49680      50160 0 0 0 0 0 1 0
     50940      51420 1 1 1 1 1 0 0
     51420      51900 0 0 0 0 0 1 0
     51540      52020 0 0 0 0 0 1 0
     52740      53220 1 1 1 1 1 0 0
     53220      53700 0 0 0 0 0 1 0
     53280      53760 0 0 0 0 0 1 0
     54540      55020 1 1 1 1 1 0 0
     55020      55500 0 0 0 0 0 1 0
     55140      55620 0 0 0 0 0 1 0
     56340      56820 1 1 1 1 1 0 0
     56820      57300 0 0 0 0 0 1 0
     56880      57360 0 0 0 0 0 1 0
     58140      58620 1 1 1 1 1 0 0
     58620      59100 0 0 0 0 0 1 0
     58740      59220 0 0 0 0 0 1 0
     60420      60900 0 0 0 0 0 1 0
     60480      60960 0 0 0 0 0 1 0
     62220      62700 0 0 0 0 0 1 0
     62340      62820 0 0 0 0 0 1 0
     64020      64500 0 0 0 0 0 1 0
     64080      64560 0 0 0 0 0 1 0
     65820      66300 0 0 0 0 0 1 0
     65940      66420 0 0 0 0 0 1 0
     67620      68100 0 0 0 0 0 1 0
     67680      68160 0 0 0 0 0 1 0
     69420      69900 0 0 0 0 0 1 0
     69540      70020 0 0 0 0 0 1 0
     70260      70740 1 1 1 1 1 0 0
     71220      71700 0 0 0 0 0 1 0
     71280      71760 0 0 0 0 0 1 0
     73140      73740 0 0 0 0 0 1 0
     74340      74820 1 1 1 1 1 0 0
     74820      75300 0 0 0 0 0 1 0
     74880      75360 0 0 0 0 0 1 0
     76140      76620 1 1 1 1 1 0 0
     76620      77100 0 0 0 0 0 1 0
     76740      77220 0 0 0 0 0 1 0
     77940      78420 1 1 1 1 1 0 0
     79740      80220 1 1 0 1 0 0 0
     79740      80220 1 1 1 1 1 0 0
     81540      82020 1 1 0 1 0 0 0
     81540      82020 1 1 1 1 1 0 0
     83340      83820 1 1 1 1 1 0 0
     83340      83820 1 1 0 1 0 0 0
     85140      85620 1 1 0 1 0 0 0
     85140      85620 1 1 1 1 1 0 0
89
