     24060      24300 1 1 1 1 1 0 0
     26400      26640 1 1 1 1 1 0 0
     26400      26640 1 1 1 1 1 0 0
     27600      27840 1 1 1 1 1 0 0
     27600      27840 1 1 1 1 1 0 0
     28800      29040 1 1 1 1 1 0 0
     30000      30240 1 1 1 1 1 0 0
     30000      30240 1 1 1 1 1 0 0
     31200      31440 1 1 1 1 1 0 0
     36720      36960 1 1 1 1 1 0 0
     38520      38760 1 1 1 1 1 0 0
     40320      40560 0 0 0 0 1 0 0
     42120      42360 0 0 0 0 1 0 0
     43920      44220 0 0 0 0 1 0 0
     43920      44160 1 0 0 0 0 0 0
     43920      44160 1 1 1 1 1 0 0
     43920      44160 1 0 0 0 0 0 0
     45720      45960 1 1 1 1 1 0 0
     45720      45960 1 0 0 0 0 0 0
     47520      47760 1 1 1 1 1 0 0
     51120      51360 1 1 1 1 1 0 0
     52920      53160 1 1 1 1 1 0 0
     54720      54960 1 1 1 1 1 0 0
     56520      56760 1 1 1 1 1 0 0
     58320      58560 1 1 1 1 1 0 0
     60120      60360 1 1 1 1 1 0 0
     61920      62160 1 1 1 1 1 0 0
     63720      63960 1 1 1 1 1 0 0
     65520      65760 1 1 1 1 1 0 0
     67320      67560 1 1 1 1 1 0 0
     69120      69360 1 1 1 1 1 0 0
     70920      71160 1 1 1 1 1 0 0
     76320      76560 1 1 1 1 1 0 0
     76320      76560 0 0 0 1 0 0 0
34
