       180        300 0 0 0 0 0 1 0
       180        300 0 0 0 0 0 1 0
      1560       1680 1 1 1 1 1 0 0
      1560       1680 1 1 0 1 0 0 0
      1980       2100 0 0 0 0 0 1 0
      1980       2100 0 0 0 0 0 1 0
      2880       3000 0 0 0 0 0 1 0
      2880       3000 0 0 0 0 0 1 0
      3360       3480 1 1 0 1 0 0 0
      3360       3480 1 1 1 1 1 0 0
      3480       3600 0 0 0 1 0 0 0
      5580       5700 0 0 0 0 0 1 0
      5580       5700 0 0 0 0 0 1 0
      5940       6060 0 0 1 0 1 0 0
      6480       6600 0 0 0 0 0 1 0
      6480       6600 0 0 0 0 0 1 0
      7200       7320 0 0 1 0 1 0 0
      7380       7500 0 0 0 0 0 1 0
      7380       7500 0 0 0 0 0 1 0
      8400       8520 0 0 1 0 1 0 0
     15960      16080 1 1 1 1 1 0 0
     17760      17880 1 1 1 1 1 0 0
     18480      18600 0 0 0 0 0 1 0
     19560      19680 1 1 1 1 1 0 0
     21360      21480 1 1 1 1 1 0 0
     22080      22200 0 0 0 0 0 1 0
     22200      22320 0 0 0 0 0 1 0
     23340      23460 1 1 1 1 1 0 0
     23880      24000 0 0 0 0 0 1 0
     24000      24120 0 0 0 0 0 1 0
     25680      25800 0 0 0 0 0 1 0
     25800      25920 0 0 0 0 0 1 0
     26700      26820 1 1 1 1 1 0 0
     26880      27000 0 0 0 0 0 1 0
     27480      27600 0 0 0 0 0 1 0
     27600      27720 0 0 0 0 0 1 0
     28440      28560 1 1 1 1 1 0 0
     28680      28800 0 0 0 0 0 1 0
     29280      29400 0 0 0 0 0 1 0
     29400      29520 0 0 0 0 0 1 0
     30420      30540 1 1 1 1 1 0 0
     30480      30600 0 0 0 0 0 1 0
     31080      31200 0 0 0 0 0 1 0
     31200      31320 0 0 0 0 0 1 0
     32040      32160 1 1 1 1 1 0 0
     32280      32400 0 0 0 0 0 1 0
     32880      33000 0 0 0 0 0 1 0
     33000      33120 0 0 0 0 0 1 0
     33840      33960 1 1 1 1 1 0 0
     34080      34200 0 0 0 0 0 1 0
     34080      34200 0 0 0 0 0 1 0
     35640      35760 1 1 1 1 1 0 0
     35880      36000 0 0 0 0 0 1 0
     35880      36000 0 0 0 0 0 1 0
     37620      37740 1 1 1 1 1 0 0
     37680      37800 0 0 0 0 0 1 0
     37680      37800 0 0 0 0 0 1 0
     39360      39480 1 1 1 1 1 0 0
     39480      39600 0 0 0 0 0 1 0
     39480      39600 0 0 0 0 0 1 0
     41160      41280 0 0 0 1 0 0 0
     41160      41280 1 1 1 1 1 0 0
     41160      41280 0 0 0 0 1 0 0
     41280      41400 0 0 0 0 0 1 0
     41280      41400 0 0 0 0 0 1 0
     42960      43080 1 1 1 1 1 0 0
     42960      43080 0 0 0 1 0 0 0
     43020      43140 1 0 0 0 0 0 0
     43020      43200 1 0 0 0 0 0 0
     43080      43200 0 0 0 0 0 1 0
     43080      43200 0 0 0 0 0 1 0
     44760      44880 1 1 1 1 1 0 0
     44760      44880 0 0 0 1 0 0 0
     44760      44880 1 0 0 0 0 0 0
     44880      45000 0 0 0 0 0 1 0
     44880      45000 0 0 0 0 0 1 0
     46560      46680 1 0 0 0 0 0 0
     46560      46680 1 1 1 1 1 0 0
     46560      46680 0 0 0 1 0 0 0
     46620      46740 1 0 0 0 0 0 0
     46680      46800 0 0 0 0 0 1 0
     46680      46800 0 0 0 0 0 1 0
     48360      48480 1 1 1 1 1 0 0
     48360      48480 0 0 0 1 0 0 0
     48480      48600 0 0 0 0 0 1 0
     48480      48600 0 0 0 0 0 1 0
     50160      50280 1 1 1 1 1 0 0
     50280      50400 0 0 0 0 0 1 0
     50280      50400 0 0 0 0 0 1 0
     51960      52080 1 1 1 1 1 0 0
     52080      52200 0 0 0 0 0 1 0
     52080      52200 0 0 0 0 0 1 0
     53760      53880 1 1 1 1 1 0 0
     53880      54000 0 0 0 0 0 1 0
     53880      54000 0 0 0 0 0 1 0
     55560      55680 1 1 1 1 1 0 0
     55680      55800 0 0 0 0 0 1 0
     55680      55800 0 0 0 0 0 1 0
     57420      57540 1 1 1 1 1 0 0
     57480      57600 0 0 0 0 0 1 0
     57480      57600 0 0 0 0 0 1 0
     58920      59040 1 1 1 1 1 0 0
     59280      59400 0 0 0 0 0 1 0
     59280      59400 0 0 0 0 0 1 0
     60720      60840 1 1 1 1 1 0 0
     61080      61200 0 0 0 0 0 1 0
     61080      61200 0 0 0 0 0 1 0
     62460      62580 1 1 1 1 1 0 0
     62880      63000 0 0 0 0 0 1 0
     62880      63000 0 0 0 0 0 1 0
     63120      63240 1 1 1 1 1 0 0
     64320      64440 1 1 1 1 1 0 0
     64680      64800 0 0 0 0 0 1 0
     64680      64800 0 0 0 0 0 1 0
     65520      65640 1 1 1 1 1 0 0
     66480      66600 0 0 0 0 0 1 0
     66480      66600 0 0 0 0 0 1 0
     66720      66840 1 1 1 1 1 0 0
     67920      68040 1 1 1 1 1 0 0
     68280      68400 0 0 0 0 0 1 0
     68280      68400 0 0 0 0 0 1 0
     69660      69780 1 1 1 1 1 0 0
     70080      70200 0 0 0 0 0 1 0
     70080      70200 0 0 0 0 0 1 0
     71520      71640 1 1 1 1 1 0 0
     71880      72000 0 0 0 0 0 1 0
     71880      72000 0 0 0 0 0 1 0
     72900      73020 1 1 1 1 1 0 0
     73500      73620 1 1 1 1 1 0 0
     73680      73800 0 0 0 0 0 1 0
     73680      73800 0 0 0 0 0 1 0
     75360      75480 1 1 1 1 1 0 0
     75480      75600 0 0 0 0 0 1 0
     75480      75600 0 0 0 0 0 1 0
     75540      75660 0 0 0 1 0 0 0
     77160      77280 1 1 1 1 1 0 0
     77280      77400 0 0 0 0 0 1 0
     77280      77400 0 0 0 0 0 1 0
     77880      78000 0 0 0 0 0 1 0
     77940      78120 0 0 0 0 0 1 0
     78960      79080 1 1 1 1 1 0 0
     79380      79500 0 0 0 0 0 1 0
     79380      79500 0 0 0 0 0 1 0
     80760      80880 1 1 0 1 0 0 0
     80760      80880 1 1 1 1 1 0 0
     81180      81300 0 0 0 0 0 1 0
     81180      81300 0 0 0 0 0 1 0
     82560      82680 1 1 1 1 1 0 0
     82560      82680 1 1 0 1 0 0 0
     82980      83100 0 0 0 0 0 1 0
     82980      83100 0 0 0 0 0 1 0
     84360      84480 1 1 0 1 0 0 0
     84360      84480 1 1 1 1 1 0 0
     84780      84900 0 0 0 0 0 1 0
     84780      84900 0 0 0 0 0 1 0
     86160      86280 1 1 0 1 0 0 0
     86160      86280 1 1 1 1 1 0 0
157
