     23700      24060 1 1 1 1 1 0 0
     34560      34920 1 1 1 1 1 0 0
     36360      36720 1 1 1 1 1 0 0
     38160      38520 1 1 1 1 1 0 0
     39960      40320 0 0 0 0 1 0 0
     39960      40320 1 0 0 0 0 0 0
     39960      40320 1 0 0 0 0 0 0
     39960      40320 1 1 1 1 1 0 0
     41760      42120 1 1 1 1 1 0 0
     41760      42120 1 0 0 0 0 0 0
     41760      42120 0 0 0 0 1 0 0
     43560      43920 1 0 0 0 0 0 0
     43560      43920 0 0 0 1 0 0 0
     43560      43920 1 1 1 1 1 0 0
     43560      43920 0 0 0 0 1 0 0
     43560      43920 1 0 0 0 0 0 0
     45360      45720 0 0 0 1 0 0 0
     45360      45720 1 0 0 0 0 0 0
     45360      45720 1 1 1 1 1 0 0
     47160      47520 0 0 0 1 0 0 0
     47160      47520 1 1 1 1 1 0 0
     48960      49320 1 1 1 1 1 0 0
     50760      51120 1 1 1 1 1 0 0
     52560      52920 1 1 1 1 1 0 0
     54360      54720 1 1 1 1 1 0 0
     56160      56520 1 1 1 1 1 0 0
     57960      58320 1 1 1 1 1 0 0
     59760      60120 1 1 1 1 1 0 0
     60600      60960 1 1 1 1 1 0 0
     61560      61920 1 1 1 1 1 0 0
     63360      63720 1 1 1 1 1 0 0
     65160      65520 1 1 1 1 1 0 0
     66960      67320 1 1 1 1 1 0 0
     68760      69120 1 1 1 1 1 0 0
     70560      70920 1 1 1 1 1 0 0
     72360      72720 1 1 1 1 1 0 0
     74160      74520 1 1 1 1 1 0 0
     75960      76320 1 1 1 1 1 0 0
     75960      76320 0 0 0 1 0 0 0
     77760      78120 1 1 1 1 1 0 0
40
