       660        840 0 0 0 0 0 1 0
       660        840 0 0 0 0 0 1 0
      2460       2640 0 0 0 0 0 1 0
      2460       2640 0 0 0 0 0 1 0
      6060       6240 0 0 0 0 0 1 0
      6060       6240 0 0 0 0 0 1 0
      6420       6600 0 0 1 0 1 0 0
     18960      19200 0 0 0 0 0 1 0
     22560      22740 0 0 0 0 0 1 0
     22620      22800 0 0 0 0 0 1 0
     24360      24540 0 0 0 0 0 1 0
     24420      24600 0 0 0 0 0 1 0
     25440      25620 1 1 1 1 1 0 0
     26160      26340 0 0 0 0 0 1 0
     26220      26400 0 0 0 0 0 1 0
     27960      28140 0 0 0 0 0 1 0
     28020      28200 0 0 0 0 0 1 0
     29760      29940 0 0 0 0 0 1 0
     29820      30000 0 0 0 0 0 1 0
     31560      31740 0 0 0 0 0 1 0
     31620      31800 0 0 0 0 0 1 0
     31740      31920 1 1 1 1 1 0 0
     33360      33540 0 0 0 0 0 1 0
     33420      33600 0 0 0 0 0 1 0
     35340      35520 0 0 0 0 0 1 0
     35340      35520 0 0 0 0 0 1 0
     37140      37320 0 0 0 0 0 1 0
     37260      37440 0 0 0 0 0 1 0
     38940      39120 0 0 0 0 0 1 0
     38940      39120 0 0 0 0 0 1 0
     40740      40920 0 0 0 0 0 0 0
     40740      40920 0 0 0 0 0 1 0
     40740      40920 0 0 0 0 0 1 0
     42540      42720 0 0 0 0 0 1 0
     42540      42720 0 0 0 0 0 1 0
     44340      44520 0 0 0 0 0 1 0
     44340      44520 0 0 0 0 0 1 0
     46140      46320 0 0 0 0 0 1 0
     46140      46380 0 0 0 0 0 1 0
     47940      48120 0 0 0 0 0 1 0
     47940      48120 0 0 0 0 0 1 0
     49740      49920 0 0 0 0 0 1 0
     49740      49920 0 0 0 0 0 1 0
     51540      51720 0 0 0 0 0 1 0
     51540      51720 0 0 0 0 0 1 0
     53340      53520 0 0 0 0 0 1 0
     53340      53520 0 0 0 0 0 1 0
     55140      55320 0 0 0 0 0 1 0
     55140      55320 0 0 0 0 0 1 0
     56940      57120 0 0 0 0 0 1 0
     56940      57120 0 0 0 0 0 1 0
     58740      58920 0 0 0 0 0 1 0
     58740      58920 0 0 0 0 0 1 0
     60540      60720 0 0 0 0 0 1 0
     60540      60780 0 0 0 0 0 1 0
     62340      62520 0 0 0 0 0 1 0
     62340      62520 0 0 0 0 0 1 0
     64140      64320 0 0 0 0 0 1 0
     64260      64440 0 0 0 0 0 1 0
     65100      65280 1 1 1 1 1 0 0
     65940      66120 0 0 0 0 0 1 0
     66060      66240 0 0 0 0 0 1 0
     66300      66480 1 1 1 1 1 0 0
     67740      67920 0 0 0 0 0 1 0
     67740      67920 0 0 0 0 0 1 0
     68700      68880 1 1 1 1 1 0 0
     69540      69720 0 0 0 0 0 1 0
     69540      69780 0 0 0 0 0 1 0
     71340      71580 0 0 0 0 0 1 0
     71340      71520 0 0 0 0 0 1 0
     73140      73320 0 0 0 0 0 1 0
     73140      73380 0 0 0 0 0 1 0
     73380      73560 1 1 1 1 1 0 0
     74940      75180 0 0 0 0 0 1 0
     74940      75120 0 0 0 0 0 1 0
     76740      76920 0 0 0 0 0 1 0
     76740      76980 0 0 0 0 0 1 0
     79860      80040 0 0 0 0 0 1 0
     79860      80040 0 0 0 0 0 1 0
     81660      81840 0 0 0 0 0 1 0
     81660      81840 0 0 0 0 0 1 0
     83040      83220 1 1 1 1 1 0 0
     83040      83220 1 1 0 1 0 0 0
     83460      83640 0 0 0 0 0 1 0
     83460      83640 0 0 0 0 0 1 0
     85260      85440 0 0 0 0 0 1 0
     85260      85440 0 0 0 0 0 1 0
87
