       660        900 0 0 0 0 0 0 0
       660        900 0 0 0 0 0 1 0
       660        900 0 0 0 0 0 1 0
      1440       1680 1 1 1 1 0 0 0
      1440       1680 0 0 1 0 1 0 0
      1440       1680 1 1 1 1 0 0 0
      1440       1680 0 0 0 1 0 0 0
      1440       1680 1 1 0 1 0 0 0
      2460       2700 0 0 0 0 0 1 0
      2460       2700 0 0 0 0 0 0 0
      2460       2700 0 0 0 0 0 1 0
      2580       2820 1 1 0 1 0 0 0
      2580       2820 1 1 1 1 1 0 0
      2580       2820 1 1 1 1 0 0 0
      2580       2820 0 0 0 1 0 0 0
      3240       3480 1 1 1 1 1 0 0
      3240       3480 1 1 0 1 0 0 0
      5160       5400 0 0 0 0 0 1 0
      6600       6840 0 0 0 0 0 1 0
      6600       6840 0 0 0 0 0 0 0
      7380       7620 1 1 1 1 0 0 0
      7380       7620 1 1 1 1 1 0 0
      7380       7620 1 1 0 1 0 0 0
      9780      10020 0 0 1 0 1 0 0
     10140      10380 0 0 0 0 0 1 0
     15840      16080 1 1 1 1 1 0 0
     17640      17880 1 1 1 1 1 0 0
     17760      18000 0 0 0 0 0 1 0
     17760      18000 0 0 0 0 0 1 0
     19440      19680 1 1 1 1 1 0 0
     19560      19800 0 0 0 0 0 1 0
     19560      19800 0 0 0 0 0 1 0
     21240      21480 1 1 1 1 1 0 0
     21360      21600 0 0 0 0 0 1 0
     21360      21600 0 0 0 0 0 1 0
     23040      23280 1 1 1 1 1 0 0
     23160      23400 0 0 0 0 0 1 0
     23160      23400 0 0 0 0 0 1 0
     24540      24780 1 1 1 1 1 0 0
     24960      25200 0 0 0 0 0 1 0
     24960      25200 0 0 0 0 0 1 0
     25260      25500 1 1 1 1 1 0 0
     26460      26700 1 1 1 1 1 0 0
     26760      27000 0 0 0 0 0 1 0
     26760      27000 0 0 0 0 0 1 0
     27540      27780 0 0 0 0 0 1 0
     27540      27780 0 0 0 0 0 1 0
     27660      27900 1 1 1 1 1 0 0
     28860      29100 1 1 1 1 1 0 0
     29340      29580 0 0 0 0 0 1 0
     29340      29580 0 0 0 0 0 1 0
     30060      30300 1 1 1 1 1 0 0
     31140      31380 0 0 0 0 0 1 0
     31140      31380 0 0 0 0 0 1 0
     31260      31500 1 1 1 1 1 0 0
     32460      32700 1 1 1 1 1 0 0
     32940      33180 0 0 0 0 0 1 0
     32940      33180 0 0 0 0 0 1 0
     33840      34080 1 1 1 1 1 0 0
     34740      34980 0 0 0 0 0 1 0
     34740      34980 0 0 0 0 0 1 0
     35640      35880 1 1 1 1 1 0 0
     36540      36780 0 0 0 0 0 1 0
     36540      36780 0 0 0 0 0 1 0
     37440      37680 1 1 1 1 1 0 0
     38340      38580 0 0 0 0 0 1 0
     38340      38580 0 0 0 0 0 1 0
     39240      39480 0 0 0 1 0 0 0
     39240      39480 1 1 1 1 1 0 0
     40140      40380 0 0 0 0 0 1 0
     40140      40380 0 0 0 0 0 1 0
     41040      41280 0 0 0 1 0 0 0
     41040      41280 1 1 1 1 1 0 0
     41040      41280 1 0 0 0 0 0 0
     41940      42180 0 0 0 0 0 1 0
     41940      42180 0 0 0 0 0 1 0
     42840      43080 0 0 0 1 0 0 0
     42840      43080 1 1 1 1 1 0 0
     42840      43080 1 0 0 0 0 0 0
     43740      43980 0 0 0 0 0 1 0
     43740      43980 0 0 0 0 0 1 0
     44640      44880 1 0 0 0 0 0 0
     44640      44880 1 1 1 1 1 0 0
     44640      44880 0 0 0 1 0 0 0
     45540      45780 0 0 0 0 0 1 0
     45540      45780 0 0 0 0 0 1 0
     46440      46680 1 1 1 1 1 0 0
     46440      46680 0 0 0 1 0 0 0
     47340      47580 0 0 0 0 0 1 0
     47340      47580 0 0 0 0 0 1 0
     48240      48480 1 1 1 1 1 0 0
     49140      49380 0 0 0 0 0 1 0
     49140      49380 0 0 0 0 0 1 0
     50040      50280 1 1 1 1 1 0 0
     50940      51180 0 0 0 0 0 1 0
     50940      51180 0 0 0 0 0 1 0
     51840      52080 1 1 1 1 1 0 0
     52740      52980 0 0 0 0 0 1 0
     52740      52980 0 0 0 0 0 1 0
     53640      53880 1 1 1 1 1 0 0
     54540      54780 0 0 0 0 0 1 0
     54540      54780 0 0 0 0 0 1 0
     55440      55680 1 1 1 1 1 0 0
     56340      56580 0 0 0 0 0 1 0
     56340      56580 0 0 0 0 0 1 0
     57240      57480 1 1 1 1 1 0 0
     58140      58380 0 0 0 0 0 1 0
     58140      58380 0 0 0 0 0 1 0
     59100      59340 1 1 1 1 1 0 0
     59940      60180 0 0 0 0 0 1 0
     59940      60180 0 0 0 0 0 1 0
     60960      61200 1 1 1 1 1 0 0
     61740      61980 0 0 0 0 0 1 0
     61740      61980 0 0 0 0 0 1 0
     62760      63000 1 1 1 1 1 0 0
     63540      63780 0 0 0 0 0 1 0
     63540      63780 0 0 0 0 0 1 0
     64500      64740 1 1 1 1 1 0 0
     65340      65580 0 0 0 0 0 1 0
     65340      65580 0 0 0 0 0 1 0
     66300      66540 1 1 1 1 1 0 0
     67140      67380 0 0 0 0 0 1 0
     67140      67380 0 0 0 0 0 1 0
     68040      68280 1 1 1 1 1 0 0
     68940      69180 0 0 0 0 0 1 0
     68940      69180 0 0 0 0 0 1 0
     69840      70080 1 1 1 1 1 0 0
     70740      70980 0 0 0 0 0 1 0
     70740      70980 0 0 0 0 0 1 0
     71460      71700 0 0 0 0 0 1 0
     71460      71700 0 0 0 0 0 1 0
     71640      71880 1 1 1 1 1 0 0
     73200      73440 0 0 0 0 0 1 0
     73200      73440 0 0 0 0 0 1 0
     73440      73680 1 1 1 1 1 0 0
     75000      75240 0 0 0 0 0 1 0
     75000      75240 0 0 0 0 0 1 0
     75240      75480 1 1 1 1 1 0 0
     76800      77040 0 0 0 0 0 1 0
     76800      77040 0 0 0 0 0 1 0
     77040      77280 1 1 1 1 1 0 0
     78600      78840 0 0 0 0 0 1 0
     78600      78840 0 0 0 0 0 1 0
     78840      79080 1 1 1 1 1 0 0
     78840      79080 1 1 0 1 0 0 0
     80400      80640 0 0 0 0 0 1 0
     80400      80640 0 0 0 0 0 1 0
     80640      80880 1 1 1 1 1 0 0
     80640      80880 1 1 0 1 0 0 0
     82200      82440 0 0 0 0 0 1 0
     82200      82440 0 0 0 0 0 1 0
     82440      82680 1 1 1 1 1 0 0
     82440      82680 1 1 0 1 0 0 0
     84000      84240 0 0 0 0 0 1 0
     84000      84240 0 0 0 0 0 1 0
     84240      84480 1 1 0 1 0 0 0
     84240      84480 1 1 1 1 1 0 0
     85800      86040 0 0 0 0 0 0 0
     85800      86040 0 0 0 0 0 1 0
     85800      86040 0 0 0 0 0 1 0
     86040      86280 1 1 0 1 0 0 0
     86040      86280 1 1 1 1 1 0 0
162
