       240        420 1 1 0 1 0 0 0
       240        420 1 1 1 1 1 0 0
      1140       1320 0 0 0 0 0 1 0
      1140       1320 0 0 0 0 0 1 0
      2040       2220 1 1 0 1 0 0 0
      2040       2220 1 1 1 1 1 0 0
      3360       3540 0 0 0 0 0 1 0
      3360       3540 0 0 0 0 0 1 0
      3840       4020 1 1 1 1 1 0 0
      3840       4020 1 1 0 1 0 0 0
      3900       4140 0 0 0 1 0 0 0
      5160       5340 0 0 0 0 0 1 0
      5160       5340 0 0 0 0 0 1 0
      5820       6000 1 1 1 1 1 0 0
      5820       6000 1 1 0 1 0 0 0
      6960       7140 0 0 0 0 0 1 0
      6960       7140 0 0 0 0 0 1 0
      7680       7860 0 0 1 0 1 0 0
      7860       8040 0 0 0 0 0 1 0
      7860       8040 0 0 0 0 0 1 0
      8880       9060 0 0 1 0 1 0 0
     16440      16620 1 1 1 1 1 0 0
     17640      17820 0 0 0 0 0 1 0
     18240      18420 1 1 1 1 1 0 0
     19440      19620 0 0 0 0 0 1 0
     20040      20220 1 1 1 1 1 0 0
     20940      21120 1 1 1 1 1 0 0
     21240      21420 0 0 0 0 0 1 0
     21240      21420 0 0 0 0 0 1 0
     21840      22020 1 1 1 1 1 0 0
     22740      22920 1 1 1 1 1 0 0
     23040      23220 0 0 0 0 0 1 0
     23040      23220 0 0 0 0 0 1 0
     23820      24000 1 1 1 1 1 0 0
     24540      24720 1 1 1 1 1 0 0
     24840      25020 0 0 0 0 0 1 0
     24840      25020 0 0 0 0 0 1 0
     26340      26520 1 1 1 1 1 0 0
     26640      26820 0 0 0 0 0 1 0
     26640      26820 0 0 0 0 0 1 0
     27180      27360 1 1 1 1 1 0 0
     27360      27600 0 0 0 0 0 1 0
     28140      28320 1 1 1 1 1 0 0
     28440      28620 0 0 0 0 0 1 0
     28500      28740 0 0 0 0 0 1 0
     28920      29100 1 1 1 1 1 0 0
     29160      29400 0 0 0 0 0 1 0
     30000      30180 1 1 1 1 1 0 0
     30240      30420 0 0 0 0 0 1 0
     30300      30540 0 0 0 0 0 1 0
     30900      31080 1 1 1 1 1 0 0
     30960      31200 0 0 0 0 0 1 0
     32040      32220 0 0 0 0 0 1 0
     32100      32340 0 0 0 0 0 1 0
     32520      32700 1 1 1 1 1 0 0
     32760      33000 0 0 0 0 0 1 0
     33540      33720 1 1 1 1 1 0 0
     33840      34020 0 0 0 0 0 1 0
     33900      34140 0 0 0 0 0 1 0
     34320      34500 1 1 1 1 1 0 0
     34560      34800 0 0 0 0 0 1 0
     34560      34800 0 0 0 0 0 1 0
     35220      35400 1 1 1 1 1 0 0
     35640      35820 0 0 0 0 0 1 0
     35700      35940 0 0 0 0 0 1 0
     36120      36300 1 1 1 1 1 0 0
     36360      36600 0 0 0 0 0 1 0
     36360      36600 0 0 0 0 0 1 0
     37320      37500 1 1 1 1 1 0 0
     38100      38280 1 1 1 1 1 0 0
     38160      38400 0 0 0 0 0 1 0
     38160      38400 0 0 0 0 0 1 0
     38940      39120 1 1 1 1 1 0 0
     39840      40020 1 1 1 1 1 0 0
     39960      40200 0 0 0 0 0 1 0
     39960      40200 0 0 0 0 0 1 0
     40740      40920 1 1 1 1 1 0 0
     40740      40920 0 0 0 1 0 0 0
     41640      41820 1 1 1 1 1 0 0
     41640      41820 0 0 0 1 0 0 0
     41640      41820 0 0 0 0 1 0 0
     41760      42000 0 0 0 0 0 1 0
     41760      42000 0 0 0 0 0 1 0
     42540      42720 0 0 0 1 0 0 0
     42540      42720 1 1 1 1 1 0 0
     42540      42720 1 0 0 0 0 0 0
     43440      43620 1 1 1 1 1 0 0
     43440      43620 0 0 0 1 0 0 0
     43500      43680 1 0 0 0 0 0 0
     43500      43680 1 0 0 0 0 0 0
     43560      43800 0 0 0 0 0 1 0
     43560      43800 0 0 0 0 0 1 0
     44340      44520 1 0 0 0 0 0 0
     44340      44520 1 1 1 1 1 0 0
     44340      44520 0 0 0 1 0 0 0
     45240      45420 1 1 1 1 1 0 0
     45240      45420 0 0 0 1 0 0 0
     45240      45420 1 0 0 0 0 0 0
     45360      45600 0 0 0 0 0 1 0
     45360      45600 0 0 0 0 0 1 0
     46140      46320 0 0 0 1 0 0 0
     46140      46320 1 1 1 1 1 0 0
     46140      46320 1 0 0 0 0 0 0
     47040      47220 1 1 1 1 1 0 0
     47040      47220 1 0 0 0 0 0 0
     47040      47220 0 0 0 1 0 0 0
     47040      47280 1 0 0 0 0 0 0
     47160      47400 0 0 0 0 0 1 0
     47160      47400 0 0 0 0 0 1 0
     47940      48120 1 1 1 1 1 0 0
     47940      48120 1 0 0 0 0 0 0
     47940      48120 0 0 0 1 0 0 0
     48840      49020 1 1 1 1 1 0 0
     48840      49020 0 0 0 1 0 0 0
     48960      49200 0 0 0 0 0 1 0
     48960      49200 0 0 0 0 0 1 0
     49740      49920 0 0 0 1 0 0 0
     49740      49920 1 1 1 1 1 0 0
     50640      50820 1 1 1 1 1 0 0
     50760      51000 0 0 0 0 0 1 0
     50760      51000 0 0 0 0 0 1 0
     51540      51720 1 1 1 1 1 0 0
     52440      52620 1 1 1 1 1 0 0
     52560      52800 0 0 0 0 0 1 0
     52560      52800 0 0 0 0 0 1 0
     53340      53520 1 1 1 1 1 0 0
     54240      54420 1 1 1 1 1 0 0
     54360      54600 0 0 0 0 0 1 0
     54360      54600 0 0 0 0 0 1 0
     55140      55320 1 1 1 1 1 0 0
     56040      56220 1 1 1 1 1 0 0
     56160      56400 0 0 0 0 0 1 0
     56160      56400 0 0 0 0 0 1 0
     56940      57120 1 1 1 1 1 0 0
     57900      58080 1 1 1 1 1 0 0
     57960      58200 0 0 0 0 0 1 0
     57960      58200 0 0 0 0 0 1 0
     58740      58920 1 1 1 1 1 0 0
     59400      59580 1 1 1 1 1 0 0
     59760      60000 0 0 0 0 0 1 0
     59760      60000 0 0 0 0 0 1 0
     60360      60540 1 1 1 1 1 0 0
     61200      61380 1 1 1 1 1 0 0
     61560      61800 0 0 0 0 0 1 0
     61560      61800 0 0 0 0 0 1 0
     62220      62400 1 1 1 1 1 0 0
     62940      63120 1 1 1 1 1 0 0
     63360      63600 0 0 0 0 0 1 0
     63360      63600 0 0 0 0 0 1 0
     63540      63720 1 1 1 1 1 0 0
     63900      64080 1 1 1 1 1 0 0
     64080      64260 1 1 1 1 1 0 0
     64740      64920 1 1 1 1 1 0 0
     65160      65400 0 0 0 0 0 1 0
     65160      65400 0 0 0 0 0 1 0
     65280      65460 1 1 1 1 1 0 0
     65940      66120 1 1 1 1 1 0 0
     66480      66660 1 1 1 1 1 0 0
     66960      67200 0 0 0 0 0 1 0
     66960      67200 0 0 0 0 0 1 0
     67140      67320 1 1 1 1 1 0 0
     67500      67680 1 1 1 1 1 0 0
     67680      67860 1 1 1 1 1 0 0
     68340      68520 1 1 1 1 1 0 0
     68760      69000 0 0 0 0 0 1 0
     68760      69000 0 0 0 0 0 1 0
     68880      69060 1 1 1 1 1 0 0
     69420      69600 1 1 1 1 1 0 0
     70140      70320 1 1 1 1 1 0 0
     70560      70800 0 0 0 0 0 1 0
     70560      70800 0 0 0 0 0 1 0
     71220      71400 1 1 1 1 1 0 0
     72000      72180 1 1 1 1 1 0 0
     72360      72600 0 0 0 0 0 1 0
     72360      72600 0 0 0 0 0 1 0
     73020      73200 1 1 1 1 1 0 0
     73980      74160 1 1 1 1 1 0 0
     74160      74400 0 0 0 0 0 1 0
     74160      74400 0 0 0 0 0 1 0
     74940      75120 1 1 1 1 1 0 0
     75840      76020 1 1 1 1 1 0 0
     75960      76200 0 0 0 1 0 0 0
     75960      76200 0 0 0 0 0 1 0
     75960      76200 0 0 0 0 0 1 0
     76740      76920 1 1 1 1 1 0 0
     77640      77820 1 1 1 1 1 0 0
     77760      78000 0 0 0 0 0 1 0
     77760      78000 0 0 0 0 0 1 0
     78360      78600 0 0 0 0 0 1 0
     78420      78600 0 0 0 0 0 1 0
     78540      78720 1 1 0 1 0 0 0
     78540      78720 0 0 0 0 0 1 0
     78540      78720 1 1 1 1 1 0 0
     78600      78780 0 0 0 0 0 1 0
     79440      79620 1 1 1 1 1 0 0
     80340      80520 0 0 0 0 0 1 0
     80340      80520 1 1 0 1 0 0 0
     80340      80520 0 0 0 0 1 0 0
     80340      80520 1 1 1 1 1 0 0
     80340      80520 0 0 0 0 0 1 0
     81240      81420 1 1 0 1 0 0 0
     81240      81420 1 1 1 1 1 0 0
     82140      82320 0 0 0 0 0 1 0
     82140      82320 0 0 0 0 0 1 0
     83940      84120 0 0 0 0 0 1 0
     83940      84120 0 0 0 0 0 1 0
     84840      85020 1 1 1 1 1 0 0
     84840      85020 1 1 0 1 0 0 0
     85740      85920 0 0 0 0 0 1 0
     85740      85920 0 0 0 0 0 1 0
210
