       540        660 0 0 0 0 0 1 0
       540        660 0 0 0 0 0 0 0
       540        660 0 0 0 0 0 1 0
      1260       1440 0 0 0 1 0 0 0
      1260       1440 1 1 0 1 0 0 0
      1260       1440 1 1 1 1 0 0 0
      1260       1440 1 1 1 1 0 0 0
      1260       1440 0 0 1 0 1 0 0
      2340       2460 0 0 0 0 0 1 0
      2340       2460 0 0 0 0 0 1 0
      2340       2460 0 0 0 0 0 0 0
      2460       2580 1 1 0 1 0 0 0
      2460       2580 1 1 1 1 0 0 0
      2460       2580 1 1 1 1 1 0 0
      2460       2580 0 0 0 1 0 0 0
      3060       3240 1 1 0 1 0 0 0
      3060       3240 1 1 1 1 1 0 0
      5040       5160 0 0 0 0 0 1 0
      6480       6600 0 0 0 0 0 1 0
      6480       6600 0 0 0 0 0 0 0
      7260       7380 1 1 0 1 0 0 0
      7260       7380 1 1 1 1 0 0 0
      7260       7380 1 1 1 1 1 0 0
      9660       9780 0 0 1 0 1 0 0
     10020      10140 0 0 0 0 0 1 0
     15660      15840 1 1 1 1 1 0 0
     17460      17640 1 1 1 1 1 0 0
     17640      17760 0 0 0 0 0 1 0
     17640      17760 0 0 0 0 0 1 0
     19260      19440 1 1 1 1 1 0 0
     19440      19560 0 0 0 0 0 1 0
     19440      19560 0 0 0 0 0 1 0
     21060      21240 1 1 1 1 1 0 0
     21240      21360 0 0 0 0 0 1 0
     21240      21360 0 0 0 0 0 1 0
     22860      23040 1 1 1 1 1 0 0
     23040      23160 0 0 0 0 0 1 0
     23040      23160 0 0 0 0 0 1 0
     24360      24540 1 1 1 1 1 0 0
     24840      24960 0 0 0 0 0 1 0
     24840      24960 0 0 0 0 0 1 0
     25080      25260 1 1 1 1 1 0 0
     26280      26460 1 1 1 1 1 0 0
     26640      26760 0 0 0 0 0 1 0
     26640      26760 0 0 0 0 0 1 0
     27420      27540 0 0 0 0 0 1 0
     27420      27540 0 0 0 0 0 1 0
     27480      27660 1 1 1 1 1 0 0
     28680      28860 1 1 1 1 1 0 0
     29220      29340 0 0 0 0 0 1 0
     29220      29340 0 0 0 0 0 1 0
     29880      30060 1 1 1 1 1 0 0
     31020      31140 0 0 0 0 0 1 0
     31020      31140 0 0 0 0 0 1 0
     31080      31260 1 1 1 1 1 0 0
     32280      32460 1 1 1 1 1 0 0
     32820      32940 0 0 0 0 0 1 0
     32820      32940 0 0 0 0 0 1 0
     33660      33840 1 1 1 1 1 0 0
     34620      34740 0 0 0 0 0 1 0
     34620      34740 0 0 0 0 0 1 0
     35460      35640 1 1 1 1 1 0 0
     36420      36540 0 0 0 0 0 1 0
     36420      36540 0 0 0 0 0 1 0
     37260      37440 1 1 1 1 1 0 0
     38220      38340 0 0 0 0 0 1 0
     38220      38340 0 0 0 0 0 1 0
     39060      39240 0 0 0 1 0 0 0
     39060      39240 1 1 1 1 1 0 0
     40020      40140 0 0 0 0 0 1 0
     40020      40140 0 0 0 0 0 1 0
     40860      41040 0 0 0 1 0 0 0
     40860      41040 1 0 0 0 0 0 0
     40860      41040 1 1 1 1 1 0 0
     41820      41940 0 0 0 0 0 1 0
     41820      41940 0 0 0 0 0 1 0
     42660      42840 0 0 0 1 0 0 0
     42660      42840 1 1 1 1 1 0 0
     42660      42840 1 0 0 0 0 0 0
     43620      43740 0 0 0 0 0 1 0
     43620      43740 0 0 0 0 0 1 0
     44460      44640 1 0 0 0 0 0 0
     44460      44640 1 1 1 1 1 0 0
     44460      44640 0 0 0 1 0 0 0
     45420      45540 0 0 0 0 0 1 0
     45420      45540 0 0 0 0 0 1 0
     46260      46440 1 1 1 1 1 0 0
     46260      46440 0 0 0 1 0 0 0
     47220      47340 0 0 0 0 0 1 0
     47220      47340 0 0 0 0 0 1 0
     48060      48240 1 1 1 1 1 0 0
     49020      49140 0 0 0 0 0 1 0
     49020      49140 0 0 0 0 0 1 0
     49860      50040 1 1 1 1 1 0 0
     50820      50940 0 0 0 0 0 1 0
     50820      50940 0 0 0 0 0 1 0
     51660      51840 1 1 1 1 1 0 0
     52620      52740 0 0 0 0 0 1 0
     52620      52740 0 0 0 0 0 1 0
     53460      53640 1 1 1 1 1 0 0
     54420      54540 0 0 0 0 0 1 0
     54420      54540 0 0 0 0 0 1 0
     55260      55440 1 1 1 1 1 0 0
     56220      56340 0 0 0 0 0 1 0
     56220      56340 0 0 0 0 0 1 0
     57060      57240 1 1 1 1 1 0 0
     58020      58140 0 0 0 0 0 1 0
     58020      58140 0 0 0 0 0 1 0
     58920      59100 1 1 1 1 1 0 0
     59820      59940 0 0 0 0 0 1 0
     59820      59940 0 0 0 0 0 1 0
     60780      60960 1 1 1 1 1 0 0
     61620      61740 0 0 0 0 0 1 0
     61620      61740 0 0 0 0 0 1 0
     62580      62760 1 1 1 1 1 0 0
     63420      63540 0 0 0 0 0 1 0
     63420      63540 0 0 0 0 0 1 0
     64320      64500 1 1 1 1 1 0 0
     65220      65340 0 0 0 0 0 1 0
     65220      65340 0 0 0 0 0 1 0
     66120      66300 1 1 1 1 1 0 0
     67020      67140 0 0 0 0 0 1 0
     67020      67140 0 0 0 0 0 1 0
     67860      68040 1 1 1 1 1 0 0
     68820      68940 0 0 0 0 0 1 0
     68820      68940 0 0 0 0 0 1 0
     69660      69840 1 1 1 1 1 0 0
     70620      70740 0 0 0 0 0 1 0
     70620      70740 0 0 0 0 0 1 0
     71340      71460 0 0 0 0 0 1 0
     71340      71460 0 0 0 0 0 1 0
     71460      71640 1 1 1 1 1 0 0
     73080      73200 0 0 0 0 0 1 0
     73080      73200 0 0 0 0 0 1 0
     73260      73440 1 1 1 1 1 0 0
     74880      75000 0 0 0 0 0 1 0
     74880      75000 0 0 0 0 0 1 0
     75060      75240 1 1 1 1 1 0 0
     76680      76800 0 0 0 0 0 1 0
     76680      76800 0 0 0 0 0 1 0
     76860      77040 1 1 1 1 1 0 0
     78480      78600 0 0 0 0 0 1 0
     78480      78600 0 0 0 0 0 1 0
     78660      78840 1 1 0 1 0 0 0
     78660      78840 1 1 1 1 1 0 0
     80280      80400 0 0 0 0 0 1 0
     80280      80400 0 0 0 0 0 1 0
     80460      80640 1 1 0 1 0 0 0
     80460      80640 1 1 1 1 1 0 0
     82080      82200 0 0 0 0 0 1 0
     82080      82200 0 0 0 0 0 1 0
     82260      82440 1 1 0 1 0 0 0
     82260      82440 1 1 1 1 1 0 0
     83880      84000 0 0 0 0 0 1 0
     83880      84000 0 0 0 0 0 1 0
     84060      84240 1 1 1 1 1 0 0
     84060      84240 1 1 0 1 0 0 0
     85680      85800 0 0 0 0 0 1 0
     85680      85800 0 0 0 0 0 0 0
     85680      85800 0 0 0 0 0 1 0
     85860      86040 1 1 1 1 1 0 0
     85860      86040 1 1 0 1 0 0 0
162
