        60        240 1 1 0 1 0 0 0
        60        240 1 1 1 1 1 0 0
       540        660 0 0 0 0 0 1 0
       540        660 0 0 0 0 0 1 0
      1860       2040 1 1 1 1 1 0 0
      1860       2040 1 1 0 1 0 0 0
      2340       2460 0 0 0 0 0 1 0
      2340       2460 0 0 0 0 0 1 0
      3180       3360 0 0 0 0 0 1 0
      3180       3360 0 0 0 0 0 1 0
      3660       3840 1 1 0 1 0 0 0
      3660       3840 1 1 1 1 1 0 0
      3780       3900 0 0 0 1 0 0 0
      4980       5160 0 0 0 0 0 1 0
      4980       5160 0 0 0 0 0 1 0
      5640       5820 1 1 0 1 0 0 0
      5640       5820 1 1 1 1 1 0 0
      5940       6060 0 0 0 0 0 1 0
      5940       6060 0 0 0 0 0 1 0
      6240       6420 0 0 1 0 1 0 0
      6780       6960 0 0 0 0 0 1 0
      6780       6960 0 0 0 0 0 1 0
      7500       7680 0 0 1 0 1 0 0
      7680       7860 0 0 0 0 0 1 0
      7680       7860 0 0 0 0 0 1 0
      8700       8880 0 0 1 0 1 0 0
     16260      16440 1 1 1 1 1 0 0
     18060      18240 1 1 1 1 1 0 0
     18840      18960 0 0 0 0 0 1 0
     19860      20040 1 1 1 1 1 0 0
     21660      21840 1 1 1 1 1 0 0
     22440      22560 0 0 0 0 0 1 0
     22500      22620 0 0 0 0 0 1 0
     23640      23820 1 1 1 1 1 0 0
     24240      24360 0 0 0 0 0 1 0
     24300      24420 0 0 0 0 0 1 0
     25260      25440 1 1 1 1 1 0 0
     26040      26160 0 0 0 0 0 1 0
     26100      26220 0 0 0 0 0 1 0
     27000      27180 1 1 1 1 1 0 0
     27240      27360 0 0 0 0 0 1 0
     27840      27960 0 0 0 0 0 1 0
     27900      28020 0 0 0 0 0 1 0
     28740      28920 1 1 1 1 1 0 0
     29040      29160 0 0 0 0 0 1 0
     29640      29760 0 0 0 0 0 1 0
     29700      29820 0 0 0 0 0 1 0
     30720      30900 1 1 1 1 1 0 0
     30840      30960 0 0 0 0 0 1 0
     31440      31560 0 0 0 0 0 1 0
     31500      31620 0 0 0 0 0 1 0
     32340      32520 1 1 1 1 1 0 0
     32640      32760 0 0 0 0 0 1 0
     33240      33360 0 0 0 0 0 1 0
     33300      33420 0 0 0 0 0 1 0
     34140      34320 1 1 1 1 1 0 0
     34440      34560 0 0 0 0 0 1 0
     34440      34560 0 0 0 0 0 1 0
     35940      36120 1 1 1 1 1 0 0
     36240      36360 0 0 0 0 0 1 0
     36240      36360 0 0 0 0 0 1 0
     37920      38100 1 1 1 1 1 0 0
     38040      38160 0 0 0 0 0 1 0
     38040      38160 0 0 0 0 0 1 0
     39660      39840 1 1 1 1 1 0 0
     39840      39960 0 0 0 0 0 1 0
     39840      39960 0 0 0 0 0 1 0
     41460      41640 1 1 1 1 1 0 0
     41460      41640 0 0 0 1 0 0 0
     41520      41640 0 0 0 0 1 0 0
     41640      41760 0 0 0 0 0 1 0
     41640      41760 0 0 0 0 0 1 0
     43260      43440 0 0 0 1 0 0 0
     43260      43440 1 1 1 1 1 0 0
     43320      43500 1 0 0 0 0 0 0
     43380      43500 1 0 0 0 0 0 0
     43440      43560 0 0 0 0 0 1 0
     43440      43560 0 0 0 0 0 1 0
     45060      45240 1 0 0 0 0 0 0
     45060      45240 0 0 0 1 0 0 0
     45060      45240 1 1 1 1 1 0 0
     45240      45360 0 0 0 0 0 1 0
     45240      45360 0 0 0 0 0 1 0
     46860      47040 1 1 1 1 1 0 0
     46860      47040 0 0 0 1 0 0 0
     46920      47040 1 0 0 0 0 0 0
     46920      47040 1 0 0 0 0 0 0
     47040      47160 0 0 0 0 0 1 0
     47040      47160 0 0 0 0 0 1 0
     48660      48840 0 0 0 1 0 0 0
     48660      48840 1 1 1 1 1 0 0
     48840      48960 0 0 0 0 0 1 0
     48840      48960 0 0 0 0 0 1 0
     50460      50640 1 1 1 1 1 0 0
     50640      50760 0 0 0 0 0 1 0
     50640      50760 0 0 0 0 0 1 0
     52260      52440 1 1 1 1 1 0 0
     52440      52560 0 0 0 0 0 1 0
     52440      52560 0 0 0 0 0 1 0
     54060      54240 1 1 1 1 1 0 0
     54240      54360 0 0 0 0 0 1 0
     54240      54360 0 0 0 0 0 1 0
     55860      56040 1 1 1 1 1 0 0
     56040      56160 0 0 0 0 0 1 0
     56040      56160 0 0 0 0 0 1 0
     57720      57900 1 1 1 1 1 0 0
     57840      57960 0 0 0 0 0 1 0
     57840      57960 0 0 0 0 0 1 0
     59220      59400 1 1 1 1 1 0 0
     59640      59760 0 0 0 0 0 1 0
     59640      59760 0 0 0 0 0 1 0
     61020      61200 1 1 1 1 1 0 0
     61440      61560 0 0 0 0 0 1 0
     61440      61560 0 0 0 0 0 1 0
     62760      62940 1 1 1 1 1 0 0
     63240      63360 0 0 0 0 0 1 0
     63240      63360 0 0 0 0 0 1 0
     63720      63900 1 1 1 1 1 0 0
     64920      65100 1 1 1 1 1 0 0
     65040      65160 0 0 0 0 0 1 0
     65040      65160 0 0 0 0 0 1 0
     66120      66300 1 1 1 1 1 0 0
     66840      66960 0 0 0 0 0 1 0
     66840      66960 0 0 0 0 0 1 0
     67320      67500 1 1 1 1 1 0 0
     68520      68700 1 1 1 1 1 0 0
     68640      68760 0 0 0 0 0 1 0
     68640      68760 0 0 0 0 0 1 0
     69960      70140 1 1 1 1 1 0 0
     70440      70560 0 0 0 0 0 1 0
     70440      70560 0 0 0 0 0 1 0
     71820      72000 1 1 1 1 1 0 0
     72240      72360 0 0 0 0 0 1 0
     72240      72360 0 0 0 0 0 1 0
     73200      73380 1 1 1 1 1 0 0
     73800      73980 1 1 1 1 1 0 0
     74040      74160 0 0 0 0 0 1 0
     74040      74160 0 0 0 0 0 1 0
     75660      75840 1 1 1 1 1 0 0
     75840      75960 0 0 0 1 0 0 0
     75840      75960 0 0 0 0 0 1 0
     75840      75960 0 0 0 0 0 1 0
     77460      77640 1 1 1 1 1 0 0
     77640      77760 0 0 0 0 0 1 0
     77640      77760 0 0 0 0 0 1 0
     78240      78360 0 0 0 0 0 1 0
     78300      78420 0 0 0 0 0 1 0
     79260      79440 1 1 1 1 1 0 0
     79740      79860 0 0 0 0 0 1 0
     79740      79860 0 0 0 0 0 1 0
     81060      81240 1 1 1 1 1 0 0
     81060      81240 1 1 0 1 0 0 0
     81540      81660 0 0 0 0 0 1 0
     81540      81660 0 0 0 0 0 1 0
     82860      83040 1 1 0 1 0 0 0
     82860      83040 1 1 1 1 1 0 0
     83340      83460 0 0 0 0 0 1 0
     83340      83460 0 0 0 0 0 1 0
     84660      84840 1 1 1 1 1 0 0
     84660      84840 1 1 0 1 0 0 0
     85140      85260 0 0 0 0 0 1 0
     85140      85260 0 0 0 0 0 1 0
162
