     17040      17400 0 0 0 0 0 1 0
     17040      17400 0 0 0 0 0 1 0
     18840      19200 0 0 0 0 0 1 0
     18840      19200 0 0 0 0 0 1 0
     20400      20760 1 1 1 1 1 0 0
     20640      21000 0 0 0 0 0 1 0
     20640      21000 0 0 0 0 0 1 0
     22200      22620 1 1 1 1 1 0 0
     22440      22800 0 0 0 0 0 1 0
     22440      22800 0 0 0 0 0 1 0
     24000      24420 1 1 1 1 1 0 0
     24240      24600 0 0 0 0 0 1 0
     24240      24600 0 0 0 0 0 1 0
     25800      26220 1 1 1 1 1 0 0
     26040      26400 0 0 0 0 0 1 0
     26040      26400 0 0 0 0 0 1 0
     27000      27420 1 1 1 1 1 0 0
     28200      28620 1 1 1 1 1 0 0
     28500      28860 0 0 0 0 0 1 0
     28500      28860 0 0 0 0 0 1 0
     29400      29820 1 1 1 1 1 0 0
     30300      30660 0 0 0 0 0 1 0
     30300      30660 0 0 0 0 0 1 0
     30600      31020 1 1 1 1 1 0 0
     31800      32220 1 1 1 1 1 0 0
     32100      32460 0 0 0 0 0 1 0
     32100      32460 0 0 0 0 0 1 0
     33000      33420 1 1 1 1 1 0 0
     33900      34260 0 0 0 0 0 1 0
     33900      34260 0 0 0 0 0 1 0
     35700      36060 0 0 0 0 0 1 0
     35700      36060 0 0 0 0 0 1 0
     37500      37860 0 0 0 0 0 1 0
     37500      37860 0 0 0 0 0 1 0
     39300      39660 0 0 0 0 0 1 0
     39300      39660 0 0 0 0 0 1 0
     41100      41460 0 0 0 0 0 1 0
     41100      41460 0 0 0 0 0 1 0
     42900      43260 0 0 0 0 0 1 0
     42900      43260 0 0 0 0 0 1 0
     44700      45060 0 0 0 0 0 1 0
     44700      45060 0 0 0 0 0 1 0
     46500      46860 0 0 0 0 0 1 0
     46500      46860 0 0 0 0 0 1 0
     48300      48660 0 0 0 0 0 1 0
     48300      48660 0 0 0 0 0 1 0
     50100      50460 0 0 0 0 0 1 0
     50100      50460 0 0 0 0 0 1 0
     51900      52260 0 0 0 0 0 1 0
     51900      52260 0 0 0 0 0 1 0
     53700      54060 0 0 0 0 0 1 0
     53700      54060 0 0 0 0 0 1 0
     55500      55860 0 0 0 0 0 1 0
     55500      55860 0 0 0 0 0 1 0
     57300      57660 0 0 0 0 0 1 0
     57300      57660 0 0 0 0 0 1 0
     59100      59460 0 0 0 0 0 1 0
     59100      59460 0 0 0 0 0 1 0
     60900      61260 0 0 0 0 0 1 0
     60900      61260 0 0 0 0 0 1 0
     62700      63060 0 0 0 0 0 1 0
     62700      63060 0 0 0 0 0 1 0
     64500      64860 0 0 0 0 0 1 0
     64500      64860 0 0 0 0 0 1 0
     66300      66660 0 0 0 0 0 1 0
     66300      66660 0 0 0 0 0 1 0
     68100      68460 0 0 0 0 0 1 0
     68100      68460 0 0 0 0 0 1 0
     69900      70260 0 0 0 0 0 1 0
     69900      70260 0 0 0 0 0 1 0
     71700      72060 0 0 0 0 0 1 0
     71700      72060 0 0 0 0 0 1 0
     72540      72900 0 0 0 0 0 1 0
     72540      72900 0 0 0 0 0 1 0
     74340      74700 0 0 0 0 0 1 0
     74340      74700 0 0 0 0 0 1 0
     76140      76500 0 0 0 0 0 1 0
     76140      76500 0 0 0 0 0 1 0
     77940      78300 0 0 0 0 0 1 0
     77940      78300 0 0 0 0 0 1 0
     79740      80100 0 0 0 0 0 1 0
     79740      80100 0 0 0 0 0 1 0
     81540      81900 0 0 0 0 0 1 0
     81540      81900 0 0 0 0 0 1 0
     83340      83700 0 0 0 0 0 1 0
     83340      83700 0 0 0 0 0 1 0
     85140      85500 0 0 0 0 0 1 0
     85140      85500 0 0 0 0 0 1 0
88
