         0        120 0 0 0 0 0 1 0
         0        120 0 0 0 0 0 1 0
         0        120 0 0 0 0 0 0 0
       780        900 1 1 0 1 0 0 0
       780        900 1 1 1 1 0 0 0
       780        900 1 1 1 1 0 0 0
       780        900 0 0 1 0 1 0 0
       780        900 0 0 0 1 0 0 0
      1800       1920 0 0 0 0 0 1 0
      1800       1920 0 0 0 0 0 1 0
      1800       1920 0 0 0 0 0 0 0
      2580       2700 1 1 1 1 1 0 0
      2580       2700 1 1 0 1 0 0 0
      4500       4620 0 0 0 0 0 1 0
     15180      15300 1 1 1 1 1 0 0
     16500      16620 0 0 0 0 0 1 0
     16500      16620 0 0 0 0 0 1 0
     16980      17100 1 1 1 1 1 0 0
     18300      18420 0 0 0 0 0 1 0
     18300      18420 0 0 0 0 0 1 0
     18780      18900 1 1 1 1 1 0 0
     20100      20220 0 0 0 0 0 1 0
     20100      20220 0 0 0 0 0 1 0
     20580      20700 1 1 1 1 1 0 0
     21900      22020 0 0 0 0 0 1 0
     21900      22020 0 0 0 0 0 1 0
     22380      22500 1 1 1 1 1 0 0
     23220      23340 1 1 1 1 1 0 0
     23700      23820 0 0 0 0 0 1 0
     23700      23820 0 0 0 0 0 1 0
     23880      24000 1 1 1 1 1 0 0
     24600      24720 1 1 1 1 1 0 0
     25140      25260 1 1 1 1 1 0 0
     25500      25620 0 0 0 0 0 1 0
     25500      25620 0 0 0 0 0 1 0
     25800      25920 1 1 1 1 1 0 0
     26340      26460 1 1 1 1 1 0 0
     26880      27000 0 0 0 0 0 1 0
     26880      27000 0 0 0 0 0 1 0
     27000      27120 1 1 1 1 1 0 0
     27540      27660 1 1 1 1 1 0 0
     27720      27840 0 0 0 0 0 1 0
     27720      27840 0 0 0 0 0 1 0
     28200      28320 1 1 1 1 1 0 0
     28680      28800 0 0 0 0 0 1 0
     28680      28800 0 0 0 0 0 1 0
     28740      28860 1 1 1 1 1 0 0
     29400      29520 1 1 1 1 1 0 0
     29520      29640 0 0 0 0 0 1 0
     29520      29640 0 0 0 0 0 1 0
     29940      30060 1 1 1 1 1 0 0
     30480      30600 0 0 0 0 0 1 0
     30480      30600 0 0 0 0 0 1 0
     30600      30720 1 1 1 1 1 0 0
     31140      31260 1 1 1 1 1 0 0
     31320      31440 0 0 0 0 0 1 0
     31320      31440 0 0 0 0 0 1 0
     31800      31920 1 1 1 1 1 0 0
     32280      32400 0 0 0 0 0 1 0
     32280      32400 0 0 0 0 0 1 0
     32340      32460 1 1 1 1 1 0 0
     33120      33240 0 0 0 0 0 1 0
     33120      33240 0 0 0 0 0 1 0
     33180      33300 1 1 1 1 1 0 0
     34080      34200 0 0 0 0 0 1 0
     34080      34200 1 1 1 1 1 0 0
     34080      34200 0 0 0 0 0 1 0
     34920      35040 0 0 0 0 0 1 0
     34920      35040 0 0 0 0 0 1 0
     34980      35100 1 1 1 1 1 0 0
     35880      36000 1 1 1 1 1 0 0
     35880      36000 0 0 0 0 0 1 0
     35880      36000 0 0 0 0 0 1 0
     36720      36840 0 0 0 0 0 1 0
     36720      36840 0 0 0 0 0 1 0
     36780      36900 1 1 1 1 1 0 0
     37680      37800 1 1 1 1 1 0 0
     37680      37800 0 0 0 0 0 1 0
     37680      37800 0 0 0 0 0 1 0
     38520      38640 0 0 0 0 0 1 0
     38520      38640 0 0 0 0 0 1 0
     38580      38700 1 1 1 1 1 0 0
     38580      38700 0 0 0 1 0 0 0
     39480      39600 0 0 0 0 0 1 0
     39480      39600 0 0 0 0 0 1 0
     39480      39600 0 0 0 0 1 0 0
     39480      39600 1 1 1 1 1 0 0
     39480      39600 1 0 0 0 0 0 0
     39480      39600 1 0 0 0 0 0 0
     40320      40440 0 0 0 0 0 1 0
     40320      40440 0 0 0 0 0 1 0
     40380      40500 0 0 0 1 0 0 0
     40380      40500 1 1 1 1 1 0 0
     40380      40500 1 0 0 0 0 0 0
     41280      41400 0 0 0 0 1 0 0
     41280      41400 1 0 0 0 0 0 0
     41280      41400 1 1 1 1 1 0 0
     41280      41400 0 0 0 0 0 1 0
     41280      41400 0 0 0 0 0 1 0
     42120      42240 0 0 0 0 0 1 0
     42120      42240 0 0 0 0 0 1 0
     42180      42300 1 0 0 0 0 0 0
     42180      42300 0 0 0 1 0 0 0
     42180      42300 1 1 1 1 1 0 0
     43080      43200 1 0 0 0 0 0 0
     43080      43200 0 0 0 0 0 1 0
     43080      43200 0 0 0 0 0 1 0
     43080      43200 0 0 0 1 0 0 0
     43080      43200 1 1 1 1 1 0 0
     43080      43200 0 0 0 0 1 0 0
     43080      43200 1 0 0 0 0 0 0
     43920      44040 0 0 0 0 0 1 0
     43920      44040 0 0 0 0 0 1 0
     43980      44100 0 0 0 1 0 0 0
     43980      44100 1 1 1 1 1 0 0
     43980      44100 1 0 0 0 0 0 0
     44880      45000 0 0 0 0 0 1 0
     44880      45000 1 0 0 0 0 0 0
     44880      45000 1 1 1 1 1 0 0
     44880      45000 0 0 0 0 0 1 0
     44880      45000 0 0 0 1 0 0 0
     45720      45840 0 0 0 0 0 1 0
     45720      45840 0 0 0 0 0 1 0
     45780      45900 1 1 1 1 1 0 0
     45780      45900 0 0 0 1 0 0 0
     46680      46800 1 1 1 1 1 0 0
     46680      46800 0 0 0 0 0 1 0
     46680      46800 0 0 0 0 0 1 0
     46680      46800 0 0 0 1 0 0 0
     47520      47640 0 0 0 0 0 1 0
     47520      47640 0 0 0 0 0 1 0
     47580      47700 1 1 1 1 1 0 0
     48480      48600 0 0 0 0 0 1 0
     48480      48600 0 0 0 0 0 1 0
     48480      48600 1 1 1 1 1 0 0
     49320      49440 0 0 0 0 0 1 0
     49320      49440 0 0 0 0 0 1 0
     49380      49500 1 1 1 1 1 0 0
     50280      50400 1 1 1 1 1 0 0
     50280      50400 0 0 0 0 0 1 0
     50280      50400 0 0 0 0 0 1 0
     51120      51240 0 0 0 0 0 1 0
     51120      51240 0 0 0 0 0 1 0
     51180      51300 1 1 1 1 1 0 0
     52080      52200 1 1 1 1 1 0 0
     52080      52200 0 0 0 0 0 1 0
     52080      52200 0 0 0 0 0 1 0
     52920      53040 0 0 0 0 0 1 0
     52920      53040 0 0 0 0 0 1 0
     52980      53100 1 1 1 1 1 0 0
     53880      54000 1 1 1 1 1 0 0
     53880      54000 0 0 0 0 0 1 0
     53880      54000 0 0 0 0 0 1 0
     54720      54840 0 0 0 0 0 1 0
     54720      54840 0 0 0 0 0 1 0
     54780      54900 1 1 1 1 1 0 0
     55680      55800 0 0 0 0 0 1 0
     55680      55800 1 1 1 1 1 0 0
     55680      55800 0 0 0 0 0 1 0
     56520      56640 0 0 0 0 0 1 0
     56520      56640 0 0 0 0 0 1 0
     56580      56700 1 1 1 1 1 0 0
     57480      57600 0 0 0 0 0 1 0
     57480      57600 0 0 0 0 0 1 0
     57480      57600 1 1 1 1 1 0 0
     58320      58440 0 0 0 0 0 1 0
     58320      58440 0 0 0 0 0 1 0
     58380      58500 1 1 1 1 1 0 0
     59280      59400 1 1 1 1 1 0 0
     59280      59400 0 0 0 0 0 1 0
     59280      59400 0 0 0 0 0 1 0
     60120      60240 0 0 0 0 0 1 0
     60120      60240 0 0 0 0 0 1 0
     60300      60420 1 1 1 1 1 0 0
     61080      61200 0 0 0 0 0 1 0
     61080      61200 1 1 1 1 1 0 0
     61080      61200 0 0 0 0 0 1 0
     61920      62040 0 0 0 0 0 1 0
     61920      62040 0 0 0 0 0 1 0
     62100      62220 1 1 1 1 1 0 0
     62880      63000 0 0 0 0 0 1 0
     62880      63000 0 0 0 0 0 1 0
     62880      63000 1 1 1 1 1 0 0
     63720      63840 0 0 0 0 0 1 0
     63720      63840 0 0 0 0 0 1 0
     63780      63900 1 1 1 1 1 0 0
     64680      64800 1 1 1 1 1 0 0
     64680      64800 0 0 0 0 0 1 0
     64680      64800 0 0 0 0 0 1 0
     65520      65640 0 0 0 0 0 1 0
     65520      65640 0 0 0 0 0 1 0
     65580      65700 1 1 1 1 1 0 0
     66480      66600 1 1 1 1 1 0 0
     66480      66600 0 0 0 0 0 1 0
     66480      66600 0 0 0 0 0 1 0
     67320      67440 0 0 0 0 0 1 0
     67320      67440 0 0 0 0 0 1 0
     67380      67500 1 1 1 1 1 0 0
     68280      68400 0 0 0 0 0 1 0
     68280      68400 0 0 0 0 0 1 0
     68280      68400 1 1 1 1 1 0 0
     69120      69240 0 0 0 0 0 1 0
     69120      69300 0 0 0 0 0 1 0
     69180      69300 1 1 1 1 1 0 0
     70080      70200 1 1 1 1 1 0 0
     70080      70200 0 0 0 0 0 1 0
     70080      70200 0 0 0 0 0 1 0
     70800      70920 0 0 0 0 0 1 0
     70800      70920 0 0 0 0 0 1 0
     70980      71100 1 1 1 1 1 0 0
     71880      72000 1 1 1 1 1 0 0
     72000      72120 0 0 0 0 0 1 0
     72000      72120 0 0 0 0 0 1 0
     72780      72900 1 1 1 1 1 0 0
     72900      73020 0 0 0 0 0 1 0
     73680      73800 1 1 1 1 1 0 0
     73800      73920 0 0 0 0 0 1 0
     73800      73920 0 0 0 0 0 1 0
     74580      74700 1 1 1 1 1 0 0
     74700      74820 0 0 0 0 0 1 0
     75480      75600 1 1 1 1 1 0 0
     75480      75600 0 0 0 1 0 0 0
     75600      75720 0 0 0 0 0 1 0
     75600      75720 0 0 0 0 0 1 0
     76380      76500 1 1 1 1 1 0 0
     76500      76620 0 0 0 0 0 1 0
     77280      77400 1 1 1 1 1 0 0
     77400      77520 0 0 0 0 0 1 0
     77400      77520 0 0 0 0 0 1 0
     78180      78300 1 1 1 1 1 0 0
     78180      78300 1 1 0 1 0 0 0
     78360      78480 0 0 0 0 0 1 0
     78360      78480 0 0 0 0 0 1 0
     79200      79320 0 0 0 0 0 1 0
     79200      79320 0 0 0 0 0 1 0
     79980      80100 1 1 0 1 0 0 0
     79980      80100 1 1 1 1 1 0 0
     81000      81120 0 0 0 0 0 1 0
     81000      81120 0 0 0 0 0 1 0
     81780      81900 1 1 0 1 0 0 0
     81780      81900 1 1 1 1 1 0 0
     82800      82920 0 0 0 0 0 1 0
     82800      82920 0 0 0 0 0 1 0
     83580      83700 1 1 1 1 1 0 0
     83580      83700 1 1 0 1 0 0 0
     84600      84720 0 0 0 0 0 1 0
     84600      84720 0 0 0 0 0 1 0
     85380      85500 1 1 1 1 1 0 0
     85380      85500 1 1 0 1 0 0 0
249
