       780        900 1 1 1 1 1 0 0
       780        900 1 1 0 1 0 0 0
      1680       1860 0 0 0 0 0 1 0
      1680       1860 0 0 0 0 0 1 0
      2580       2700 1 1 0 1 0 0 0
      2580       2700 1 1 1 1 1 0 0
      3900       4080 0 0 0 0 0 1 0
      3900       4080 0 0 0 0 0 1 0
      4380       4500 1 1 0 1 0 0 0
      4380       4500 1 1 1 1 1 0 0
      4440       4560 0 0 0 1 0 0 0
      5700       5880 0 0 0 0 0 1 0
      5700       5880 0 0 0 0 0 1 0
      6360       6480 1 1 1 1 1 0 0
      6360       6480 1 1 0 1 0 0 0
      7500       7680 0 0 0 0 0 1 0
      7500       7680 0 0 0 0 0 1 0
      8220       8340 0 0 1 0 1 0 0
      8580       8760 0 0 0 0 0 1 0
      8580       8760 0 0 0 0 0 1 0
      9420       9540 0 0 1 0 1 0 0
     16980      17100 1 1 1 1 1 0 0
     18180      18360 0 0 0 0 0 1 0
     18780      18900 1 1 1 1 1 0 0
     19980      20160 0 0 0 0 0 1 0
     20580      20700 1 1 1 1 1 0 0
     21480      21600 1 1 1 1 1 0 0
     21780      21960 0 0 0 0 0 1 0
     21780      21960 0 0 0 0 0 1 0
     22380      22500 1 1 1 1 1 0 0
     23280      23400 1 1 1 1 1 0 0
     23580      23760 0 0 0 0 0 1 0
     23580      23760 0 0 0 0 0 1 0
     24360      24480 1 1 1 1 1 0 0
     25080      25200 1 1 1 1 1 0 0
     25380      25560 0 0 0 0 0 1 0
     25380      25560 0 0 0 0 0 1 0
     25800      25920 1 1 1 1 1 0 0
     26580      26700 1 1 1 1 1 0 0
     26880      27000 1 1 1 1 1 0 0
     27180      27360 0 0 0 0 0 1 0
     27180      27360 0 0 0 0 0 1 0
     27720      27840 1 1 1 1 1 0 0
     27900      28080 0 0 0 0 0 1 0
     28680      28800 1 1 1 1 1 0 0
     28980      29160 0 0 0 0 0 1 0
     29040      29160 0 0 0 0 0 1 0
     29460      29580 1 1 1 1 1 0 0
     29700      29880 0 0 0 0 0 1 0
     29880      30000 1 1 1 1 1 0 0
     30540      30660 1 1 1 1 1 0 0
     30780      30960 0 0 0 0 0 1 0
     30840      30960 0 0 0 0 0 1 0
     31440      31560 1 1 1 1 1 0 0
     31500      31680 0 0 0 0 0 1 0
     32460      32580 1 1 1 1 1 0 0
     32580      32760 0 0 0 0 0 1 0
     32640      32760 0 0 0 0 0 1 0
     33060      33180 1 1 1 1 1 0 0
     33300      33480 0 0 0 0 0 1 0
     34080      34200 1 1 1 1 1 0 0
     34380      34560 0 0 0 0 0 1 0
     34440      34560 0 0 0 0 0 1 0
     34860      34980 1 1 1 1 1 0 0
     35100      35280 0 0 0 0 0 1 0
     35100      35280 0 0 0 0 0 1 0
     35760      35880 1 1 1 1 1 0 0
     36180      36360 0 0 0 0 0 1 0
     36240      36360 0 0 0 0 0 1 0
     36660      36780 1 1 1 1 1 0 0
     36900      37080 0 0 0 0 0 1 0
     36900      37080 0 0 0 0 0 1 0
     37860      37980 1 1 1 1 1 0 0
     37860      38040 0 0 0 0 0 1 0
     37920      38100 0 0 0 0 0 1 0
     38640      38760 1 1 1 1 1 0 0
     38700      38880 0 0 0 0 0 1 0
     38700      38880 0 0 0 0 0 1 0
     39480      39600 1 1 1 1 1 0 0
     39660      39840 0 0 0 0 0 1 0
     39720      39840 0 0 0 0 0 1 0
     40380      40500 1 1 1 1 1 0 0
     40500      40680 0 0 0 0 0 1 0
     40500      40680 0 0 0 0 0 1 0
     41280      41400 0 0 0 1 0 0 0
     41280      41400 1 1 1 1 1 0 0
     41460      41640 0 0 0 0 0 1 0
     41520      41640 0 0 0 0 0 1 0
     42180      42300 0 0 0 0 1 0 0
     42180      42300 1 1 1 1 1 0 0
     42180      42300 0 0 0 1 0 0 0
     42300      42480 0 0 0 0 0 1 0
     42300      42480 0 0 0 0 0 1 0
     43080      43200 1 1 1 1 1 0 0
     43080      43200 1 0 0 0 0 0 0
     43080      43200 0 0 0 1 0 0 0
     43260      43440 0 0 0 0 0 1 0
     43320      43440 0 0 0 0 0 1 0
     43980      44100 1 1 1 1 1 0 0
     43980      44100 0 0 0 1 0 0 0
     44040      44160 1 0 0 0 0 0 0
     44100      44280 0 0 0 0 0 1 0
     44100      44280 0 0 0 0 0 1 0
     44100      44220 1 0 0 0 0 0 0
     44880      45000 0 0 0 1 0 0 0
     44880      45000 1 1 1 1 1 0 0
     44880      45000 1 0 0 0 0 0 0
     45060      45240 0 0 0 0 0 1 0
     45120      45240 0 0 0 0 0 1 0
     45780      45900 0 0 0 1 0 0 0
     45780      45900 1 1 1 1 1 0 0
     45780      45900 1 0 0 0 0 0 0
     45900      46080 0 0 0 0 0 1 0
     45900      46080 0 0 0 0 0 1 0
     46680      46800 1 0 0 0 0 0 0
     46680      46800 0 0 0 1 0 0 0
     46680      46800 1 1 1 1 1 0 0
     46860      47040 0 0 0 0 0 1 0
     46920      47040 0 0 0 0 0 1 0
     47580      47700 1 1 1 1 1 0 0
     47580      47700 1 0 0 0 0 0 0
     47580      47700 0 0 0 1 0 0 0
     47640      47760 1 0 0 0 0 0 0
     47700      47880 0 0 0 0 0 1 0
     47700      47880 0 0 0 0 0 1 0
     48480      48600 1 0 0 0 0 0 0
     48480      48600 1 1 1 1 1 0 0
     48480      48600 0 0 0 1 0 0 0
     48660      48840 0 0 0 0 0 1 0
     48720      48840 0 0 0 0 0 1 0
     49380      49500 0 0 0 1 0 0 0
     49380      49500 1 1 1 1 1 0 0
     49500      49680 0 0 0 0 0 1 0
     49500      49680 0 0 0 0 0 1 0
     50280      50400 1 1 1 1 1 0 0
     50280      50400 0 0 0 1 0 0 0
     50460      50640 0 0 0 0 0 1 0
     50520      50640 0 0 0 0 0 1 0
     51180      51300 1 1 1 1 1 0 0
     51300      51480 0 0 0 0 0 1 0
     51300      51480 0 0 0 0 0 1 0
     52080      52200 1 1 1 1 1 0 0
     52260      52440 0 0 0 0 0 1 0
     52320      52440 0 0 0 0 0 1 0
     52980      53100 1 1 1 1 1 0 0
     53100      53280 0 0 0 0 0 1 0
     53100      53280 0 0 0 0 0 1 0
     53880      54000 1 1 1 1 1 0 0
     54060      54240 0 0 0 0 0 1 0
     54120      54240 0 0 0 0 0 1 0
     54780      54900 1 1 1 1 1 0 0
     54900      55080 0 0 0 0 0 1 0
     54900      55080 0 0 0 0 0 1 0
     55680      55800 1 1 1 1 1 0 0
     55860      56040 0 0 0 0 0 1 0
     55920      56040 0 0 0 0 0 1 0
     56580      56700 1 1 1 1 1 0 0
     56700      56880 0 0 0 0 0 1 0
     56700      56880 0 0 0 0 0 1 0
     57480      57600 1 1 1 1 1 0 0
     57660      57840 0 0 0 0 0 1 0
     57720      57840 0 0 0 0 0 1 0
     58440      58560 1 1 1 1 1 0 0
     58500      58680 0 0 0 0 0 1 0
     58500      58680 0 0 0 0 0 1 0
     59280      59400 1 1 1 1 1 0 0
     59460      59640 0 0 0 0 0 1 0
     59520      59640 0 0 0 0 0 1 0
     59940      60060 1 1 1 1 1 0 0
     60300      60480 0 0 0 0 0 1 0
     60300      60480 0 0 0 0 0 1 0
     60900      61020 1 1 1 1 1 0 0
     61260      61440 0 0 0 0 0 1 0
     61320      61440 0 0 0 0 0 1 0
     61740      61860 1 1 1 1 1 0 0
     62100      62280 0 0 0 0 0 1 0
     62100      62280 0 0 0 0 0 1 0
     62760      62880 1 1 1 1 1 0 0
     63060      63240 0 0 0 0 0 1 0
     63120      63240 0 0 0 0 0 1 0
     63480      63600 1 1 1 1 1 0 0
     63900      64080 0 0 0 0 0 1 0
     63900      64080 0 0 0 0 0 1 0
     64080      64200 1 1 1 1 1 0 0
     64620      64740 1 1 1 1 1 0 0
     64860      65040 0 0 0 0 0 1 0
     64920      65040 0 0 0 0 0 1 0
     65280      65400 1 1 1 1 1 0 0
     65700      65880 0 0 0 0 0 1 0
     65700      65880 0 0 0 0 0 1 0
     65820      65940 1 1 1 1 1 0 0
     66480      66600 1 1 1 1 1 0 0
     66660      66840 0 0 0 0 0 1 0
     66720      66840 0 0 0 0 0 1 0
     67020      67140 1 1 1 1 1 0 0
     67500      67680 0 0 0 0 0 1 0
     67500      67680 0 0 0 0 0 1 0
     67680      67800 1 1 1 1 1 0 0
     68220      68340 1 1 1 1 1 0 0
     68460      68640 0 0 0 0 0 1 0
     68520      68640 0 0 0 0 0 1 0
     68880      69000 1 1 1 1 1 0 0
     69300      69480 0 0 0 0 0 1 0
     69300      69480 0 0 0 0 0 1 0
     69420      69540 1 1 1 1 1 0 0
     69960      70080 1 1 1 1 1 0 0
     70260      70440 0 0 0 0 0 1 0
     70320      70440 0 0 0 0 0 1 0
     70680      70800 1 1 1 1 1 0 0
     71100      71280 0 0 0 0 0 1 0
     71100      71280 0 0 0 0 0 1 0
     71760      71880 1 1 1 1 1 0 0
     72060      72240 0 0 0 0 0 1 0
     72120      72240 0 0 0 0 0 1 0
     72540      72660 1 1 1 1 1 0 0
     72900      73080 0 0 0 0 0 1 0
     72900      73080 0 0 0 0 0 1 0
     73560      73680 1 1 1 1 1 0 0
     73860      74040 0 0 0 0 0 1 0
     74040      74160 0 0 0 0 0 1 0
     74520      74640 1 1 1 1 1 0 0
     74700      74880 0 0 0 0 0 1 0
     74700      74880 0 0 0 0 0 1 0
     75480      75600 1 1 1 1 1 0 0
     75660      75840 0 0 0 0 0 1 0
     75720      75840 0 0 0 0 0 1 0
     76380      76500 1 1 1 1 1 0 0
     76500      76680 0 0 0 0 0 1 0
     76500      76620 0 0 0 1 0 0 0
     76500      76680 0 0 0 0 0 1 0
     77280      77400 1 1 1 1 1 0 0
     77460      77640 0 0 0 0 0 1 0
     77520      77640 0 0 0 0 0 1 0
     78180      78300 1 1 1 1 1 0 0
     78300      78480 0 0 0 0 0 1 0
     78300      78480 0 0 0 0 0 1 0
     79080      79260 0 0 0 0 0 1 0
     79080      79260 0 0 0 0 0 1 0
     79080      79200 1 1 1 1 1 0 0
     79080      79200 1 1 0 1 0 0 0
     79980      80100 1 1 1 1 1 0 0
     80880      81060 0 0 0 0 0 1 0
     80880      81000 0 0 0 0 1 0 0
     80880      81000 1 1 1 1 1 0 0
     80880      81000 1 1 0 1 0 0 0
     80880      81060 0 0 0 0 0 1 0
     81780      81900 1 1 0 1 0 0 0
     81780      81900 1 1 1 1 1 0 0
     82680      82860 0 0 0 0 0 1 0
     82680      82860 0 0 0 0 0 1 0
     83580      83700 1 1 0 1 0 0 0
     83580      83700 1 1 1 1 1 0 0
     84480      84660 0 0 0 0 0 1 0
     84480      84660 0 0 0 0 0 1 0
     85380      85500 1 1 0 1 0 0 0
     85380      85500 1 1 1 1 1 0 0
     86280         60 0 0 0 0 0 1 0
     86280         60 0 0 0 0 0 1 0
258
