        60        180 0 0 0 0 0 1 0
        60        180 0 0 0 0 0 1 0
       900       1080 1 1 1 1 1 0 0
       900       1080 1 1 0 1 0 0 0
      1860       1980 0 0 0 0 0 1 0
      1860       1980 0 0 0 0 0 1 0
      2700       2880 1 1 1 1 1 0 0
      2700       2880 1 1 0 1 0 0 0
      4080       4200 0 0 0 0 0 1 0
      4080       4200 0 0 0 0 0 1 0
      4500       4680 1 1 1 1 1 0 0
      4500       4680 1 1 0 1 0 0 0
      4560       4740 0 0 0 1 0 0 0
      5880       6000 0 0 0 0 0 1 0
      5880       6000 0 0 0 0 0 1 0
      6480       6660 1 1 1 1 1 0 0
      6480       6660 1 1 0 1 0 0 0
      7680       7800 0 0 0 0 0 1 0
      7680       7800 0 0 0 0 0 1 0
      8340       8520 0 0 1 0 1 0 0
      8760       8880 0 0 0 0 0 1 0
      8760       8880 0 0 0 0 0 1 0
      9540       9720 0 0 1 0 1 0 0
     17100      17280 1 1 1 1 1 0 0
     18360      18480 0 0 0 0 0 1 0
     18900      19080 1 1 1 1 1 0 0
     20160      20280 0 0 0 0 0 1 0
     20700      20880 1 1 1 1 1 0 0
     21600      21780 1 1 1 1 1 0 0
     21960      22080 0 0 0 0 0 1 0
     21960      22080 0 0 0 0 0 1 0
     22500      22680 1 1 1 1 1 0 0
     23400      23580 1 1 1 1 1 0 0
     23760      23880 0 0 0 0 0 1 0
     23760      23880 0 0 0 0 0 1 0
     24480      24660 1 1 1 1 1 0 0
     25200      25380 1 1 1 1 1 0 0
     25560      25680 0 0 0 0 0 1 0
     25560      25680 0 0 0 0 0 1 0
     25920      26100 1 1 1 1 1 0 0
     26700      26880 1 1 1 1 1 0 0
     27000      27180 1 1 1 1 1 0 0
     27360      27480 0 0 0 0 0 1 0
     27360      27480 0 0 0 0 0 1 0
     27840      28020 1 1 1 1 1 0 0
     28080      28200 0 0 0 0 0 1 0
     28800      28980 1 1 1 1 1 0 0
     29160      29280 0 0 0 0 0 1 0
     29160      29340 0 0 0 0 0 1 0
     29580      29760 1 1 1 1 1 0 0
     29880      30000 0 0 0 0 0 1 0
     30000      30180 1 1 1 1 1 0 0
     30660      30840 1 1 1 1 1 0 0
     30960      31140 0 0 0 0 0 1 0
     30960      31080 0 0 0 0 0 1 0
     31560      31740 1 1 1 1 1 0 0
     31680      31800 0 0 0 0 0 1 0
     32580      32760 1 1 1 1 1 0 0
     32760      32940 0 0 0 0 0 1 0
     32760      32880 0 0 0 0 0 1 0
     33180      33360 1 1 1 1 1 0 0
     33480      33600 0 0 0 0 0 1 0
     34200      34380 1 1 1 1 1 0 0
     34560      34740 0 0 0 0 0 1 0
     34560      34680 0 0 0 0 0 1 0
     34980      35160 1 1 1 1 1 0 0
     35280      35400 0 0 0 0 0 1 0
     35280      35400 0 0 0 0 0 1 0
     35880      36060 1 1 1 1 1 0 0
     36360      36480 0 0 0 0 0 1 0
     36360      36540 0 0 0 0 0 1 0
     36780      36960 1 1 1 1 1 0 0
     37080      37200 0 0 0 0 0 1 0
     37080      37200 0 0 0 0 0 1 0
     37980      38160 1 1 1 1 1 0 0
     38040      38160 0 0 0 0 0 1 0
     38100      38220 0 0 0 0 0 1 0
     38760      38940 1 1 1 1 1 0 0
     38880      39000 0 0 0 0 0 1 0
     38880      39000 0 0 0 0 0 1 0
     39600      39780 1 1 1 1 1 0 0
     39840      39960 0 0 0 0 0 1 0
     39840      40020 0 0 0 0 0 1 0
     40500      40680 1 1 1 1 1 0 0
     40680      40800 0 0 0 0 0 1 0
     40680      40800 0 0 0 0 0 1 0
     41400      41580 0 0 0 1 0 0 0
     41400      41580 1 1 1 1 1 0 0
     41640      41760 0 0 0 0 0 1 0
     41640      41820 0 0 0 0 0 1 0
     42300      42480 0 0 0 1 0 0 0
     42300      42480 0 0 0 0 1 0 0
     42300      42480 1 1 1 1 1 0 0
     42480      42600 0 0 0 0 0 1 0
     42480      42600 0 0 0 0 0 1 0
     43200      43380 1 1 1 1 1 0 0
     43200      43380 1 0 0 0 0 0 0
     43200      43380 0 0 0 1 0 0 0
     43440      43560 0 0 0 0 0 1 0
     43440      43560 0 0 0 0 0 1 0
     44100      44280 1 1 1 1 1 0 0
     44100      44280 0 0 0 1 0 0 0
     44160      44340 1 0 0 0 0 0 0
     44220      44400 1 0 0 0 0 0 0
     44280      44400 0 0 0 0 0 1 0
     44280      44400 0 0 0 0 0 1 0
     45000      45180 0 0 0 1 0 0 0
     45000      45180 1 0 0 0 0 0 0
     45000      45180 1 1 1 1 1 0 0
     45240      45360 0 0 0 0 0 1 0
     45240      45420 0 0 0 0 0 1 0
     45900      46080 1 1 1 1 1 0 0
     45900      46080 1 0 0 0 0 0 0
     45900      46080 0 0 0 1 0 0 0
     46080      46200 0 0 0 0 0 1 0
     46080      46200 0 0 0 0 0 1 0
     46800      46980 1 1 1 1 1 0 0
     46800      46980 0 0 0 1 0 0 0
     46800      46980 1 0 0 0 0 0 0
     47040      47160 0 0 0 0 0 1 0
     47040      47160 0 0 0 0 0 1 0
     47700      47880 1 0 0 0 0 0 0
     47700      47880 1 1 1 1 1 0 0
     47700      47880 0 0 0 1 0 0 0
     47760      47940 1 0 0 0 0 0 0
     47880      48000 0 0 0 0 0 1 0
     47880      48000 0 0 0 0 0 1 0
     48600      48780 0 0 0 1 0 0 0
     48600      48780 1 0 0 0 0 0 0
     48600      48780 1 1 1 1 1 0 0
     48840      48960 0 0 0 0 0 1 0
     48840      49020 0 0 0 0 0 1 0
     49500      49680 1 1 1 1 1 0 0
     49500      49680 0 0 0 1 0 0 0
     49680      49800 0 0 0 0 0 1 0
     49680      49800 0 0 0 0 0 1 0
     50400      50580 1 1 1 1 1 0 0
     50400      50580 0 0 0 1 0 0 0
     50640      50760 0 0 0 0 0 1 0
     50640      50760 0 0 0 0 0 1 0
     51300      51480 1 1 1 1 1 0 0
     51480      51600 0 0 0 0 0 1 0
     51480      51600 0 0 0 0 0 1 0
     52200      52380 1 1 1 1 1 0 0
     52440      52560 0 0 0 0 0 1 0
     52440      52620 0 0 0 0 0 1 0
     53100      53280 1 1 1 1 1 0 0
     53280      53400 0 0 0 0 0 1 0
     53280      53400 0 0 0 0 0 1 0
     54000      54180 1 1 1 1 1 0 0
     54240      54360 0 0 0 0 0 1 0
     54240      54360 0 0 0 0 0 1 0
     54900      55080 1 1 1 1 1 0 0
     55080      55200 0 0 0 0 0 1 0
     55080      55200 0 0 0 0 0 1 0
     55800      55980 1 1 1 1 1 0 0
     56040      56160 0 0 0 0 0 1 0
     56040      56220 0 0 0 0 0 1 0
     56700      56880 1 1 1 1 1 0 0
     56880      57000 0 0 0 0 0 1 0
     56880      57000 0 0 0 0 0 1 0
     57600      57780 1 1 1 1 1 0 0
     57840      57960 0 0 0 0 0 1 0
     57840      57960 0 0 0 0 0 1 0
     58560      58740 1 1 1 1 1 0 0
     58680      58800 0 0 0 0 0 1 0
     58680      58800 0 0 0 0 0 1 0
     59400      59580 1 1 1 1 1 0 0
     59640      59820 0 0 0 0 0 1 0
     59640      59760 0 0 0 0 0 1 0
     60060      60240 1 1 1 1 1 0 0
     60480      60600 0 0 0 0 0 1 0
     60480      60600 0 0 0 0 0 1 0
     61020      61200 1 1 1 1 1 0 0
     61440      61560 0 0 0 0 0 1 0
     61440      61560 0 0 0 0 0 1 0
     61860      62040 1 1 1 1 1 0 0
     62280      62400 0 0 0 0 0 1 0
     62280      62400 0 0 0 0 0 1 0
     62880      63060 1 1 1 1 1 0 0
     63240      63420 0 0 0 0 0 1 0
     63240      63360 0 0 0 0 0 1 0
     63600      63780 1 1 1 1 1 0 0
     64080      64200 0 0 0 0 0 1 0
     64080      64200 0 0 0 0 0 1 0
     64200      64380 1 1 1 1 1 0 0
     64740      64920 1 1 1 1 1 0 0
     65040      65160 0 0 0 0 0 1 0
     65040      65160 0 0 0 0 0 1 0
     65400      65580 1 1 1 1 1 0 0
     65880      66000 0 0 0 0 0 1 0
     65880      66000 0 0 0 0 0 1 0
     65940      66120 1 1 1 1 1 0 0
     66600      66780 1 1 1 1 1 0 0
     66840      67020 0 0 0 0 0 1 0
     66840      66960 0 0 0 0 0 1 0
     67140      67320 1 1 1 1 1 0 0
     67680      67800 0 0 0 0 0 1 0
     67680      67800 0 0 0 0 0 1 0
     67800      67980 1 1 1 1 1 0 0
     68340      68520 1 1 1 1 1 0 0
     68640      68760 0 0 0 0 0 1 0
     68640      68760 0 0 0 0 0 1 0
     69000      69180 1 1 1 1 1 0 0
     69480      69600 0 0 0 0 0 1 0
     69480      69600 0 0 0 0 0 1 0
     69540      69720 1 1 1 1 1 0 0
     70080      70260 1 1 1 1 1 0 0
     70440      70560 0 0 0 0 0 1 0
     70440      70620 0 0 0 0 0 1 0
     70800      70980 1 1 1 1 1 0 0
     71280      71400 0 0 0 0 0 1 0
     71280      71400 0 0 0 0 0 1 0
     71880      72060 1 1 1 1 1 0 0
     72240      72360 0 0 0 0 0 1 0
     72240      72360 0 0 0 0 0 1 0
     72660      72840 1 1 1 1 1 0 0
     73080      73200 0 0 0 0 0 1 0
     73080      73200 0 0 0 0 0 1 0
     73680      73860 1 1 1 1 1 0 0
     74040      74160 0 0 0 0 0 1 0
     74160      74340 0 0 0 0 0 1 0
     74640      74820 1 1 1 1 1 0 0
     74880      75000 0 0 0 0 0 1 0
     74880      75000 0 0 0 0 0 1 0
     75600      75780 1 1 1 1 1 0 0
     75840      75960 0 0 0 0 0 1 0
     75840      75960 0 0 0 0 0 1 0
     76500      76680 1 1 1 1 1 0 0
     76620      76800 0 0 0 1 0 0 0
     76680      76800 0 0 0 0 0 1 0
     76680      76800 0 0 0 0 0 1 0
     77400      77580 1 1 1 1 1 0 0
     77640      77760 0 0 0 0 0 1 0
     77640      77820 0 0 0 0 0 1 0
     78300      78480 1 1 1 1 1 0 0
     78480      78600 0 0 0 0 0 1 0
     78480      78600 0 0 0 0 0 1 0
     79200      79380 1 1 0 1 0 0 0
     79200      79380 1 1 1 1 1 0 0
     79260      79380 0 0 0 0 0 1 0
     79260      79380 0 0 0 0 0 1 0
     80100      80280 1 1 1 1 1 0 0
     81000      81180 1 1 0 1 0 0 0
     81000      81180 1 1 1 1 1 0 0
     81000      81180 0 0 0 0 1 0 0
     81060      81180 0 0 0 0 0 1 0
     81060      81180 0 0 0 0 0 1 0
     81900      82080 1 1 0 1 0 0 0
     81900      82080 1 1 1 1 1 0 0
     82860      82980 0 0 0 0 0 1 0
     82860      82980 0 0 0 0 0 1 0
     83700      83880 1 1 1 1 1 0 0
     83700      83880 1 1 0 1 0 0 0
     84660      84780 0 0 0 0 0 1 0
     84660      84780 0 0 0 0 0 1 0
     85500      85680 1 1 0 1 0 0 0
     85500      85680 1 1 1 1 1 0 0
258
