       600        780 1 1 1 1 0 0 0
       600        780 1 1 0 1 0 0 0
       600        780 0 0 1 0 1 0 0
       600        780 1 1 1 1 0 0 0
       600        780 0 0 0 1 0 0 0
      1680       1800 0 0 0 0 0 1 0
      1680       1800 0 0 0 0 0 1 0
      1680       1800 0 0 0 0 0 0 0
      2400       2580 1 1 0 1 0 0 0
      2400       2580 1 1 1 1 1 0 0
      4380       4500 0 0 0 0 0 1 0
     15000      15180 1 1 1 1 1 0 0
     16380      16500 0 0 0 0 0 1 0
     16380      16500 0 0 0 0 0 1 0
     16800      16980 1 1 1 1 1 0 0
     18180      18300 0 0 0 0 0 1 0
     18180      18300 0 0 0 0 0 1 0
     18600      18780 1 1 1 1 1 0 0
     19980      20100 0 0 0 0 0 1 0
     19980      20100 0 0 0 0 0 1 0
     20400      20580 1 1 1 1 1 0 0
     21780      21900 0 0 0 0 0 1 0
     21780      21900 0 0 0 0 0 1 0
     22200      22380 1 1 1 1 1 0 0
     23040      23220 1 1 1 1 1 0 0
     23580      23700 0 0 0 0 0 1 0
     23580      23700 0 0 0 0 0 1 0
     23700      23880 1 1 1 1 1 0 0
     24420      24600 1 1 1 1 1 0 0
     24960      25140 1 1 1 1 1 0 0
     25380      25500 0 0 0 0 0 1 0
     25380      25500 0 0 0 0 0 1 0
     25620      25800 1 1 1 1 1 0 0
     26160      26340 1 1 1 1 1 0 0
     26760      26880 0 0 0 0 0 1 0
     26760      26880 0 0 0 0 0 1 0
     26820      27000 1 1 1 1 1 0 0
     27360      27540 1 1 1 1 1 0 0
     27600      27720 0 0 0 0 0 1 0
     27600      27720 0 0 0 0 0 1 0
     28020      28200 1 1 1 1 1 0 0
     28560      28680 0 0 0 0 0 1 0
     28560      28680 0 0 0 0 0 1 0
     28560      28740 1 1 1 1 1 0 0
     29220      29400 1 1 1 1 1 0 0
     29400      29520 0 0 0 0 0 1 0
     29400      29520 0 0 0 0 0 1 0
     29760      29940 1 1 1 1 1 0 0
     30360      30480 0 0 0 0 0 1 0
     30360      30480 0 0 0 0 0 1 0
     30420      30600 1 1 1 1 1 0 0
     30960      31140 1 1 1 1 1 0 0
     31200      31320 0 0 0 0 0 1 0
     31200      31320 0 0 0 0 0 1 0
     31620      31800 1 1 1 1 1 0 0
     32160      32280 0 0 0 0 0 1 0
     32160      32340 1 1 1 1 1 0 0
     32160      32280 0 0 0 0 0 1 0
     33000      33120 0 0 0 0 0 1 0
     33000      33120 0 0 0 0 0 1 0
     33000      33180 1 1 1 1 1 0 0
     33900      34080 1 1 1 1 1 0 0
     33960      34080 0 0 0 0 0 1 0
     33960      34080 0 0 0 0 0 1 0
     34800      34980 1 1 1 1 1 0 0
     34800      34920 0 0 0 0 0 1 0
     34800      34920 0 0 0 0 0 1 0
     35700      35880 1 1 1 1 1 0 0
     35760      35880 0 0 0 0 0 1 0
     35760      35880 0 0 0 0 0 1 0
     36600      36720 0 0 0 0 0 1 0
     36600      36780 1 1 1 1 1 0 0
     36600      36720 0 0 0 0 0 1 0
     37500      37680 1 1 1 1 1 0 0
     37560      37680 0 0 0 0 0 1 0
     37560      37680 0 0 0 0 0 1 0
     38400      38580 1 1 1 1 1 0 0
     38400      38520 0 0 0 0 0 1 0
     38400      38520 0 0 0 0 0 1 0
     38400      38580 0 0 0 1 0 0 0
     39300      39480 1 0 0 0 0 0 0
     39300      39480 0 0 0 0 1 0 0
     39300      39480 1 0 0 0 0 0 0
     39300      39480 1 1 1 1 1 0 0
     39360      39480 0 0 0 0 0 1 0
     39360      39480 0 0 0 0 0 1 0
     40200      40380 1 0 0 0 0 0 0
     40200      40320 0 0 0 0 0 1 0
     40200      40320 0 0 0 0 0 1 0
     40200      40380 1 1 1 1 1 0 0
     40200      40380 0 0 0 1 0 0 0
     41100      41280 1 0 0 0 0 0 0
     41100      41280 1 1 1 1 1 0 0
     41100      41280 0 0 0 0 1 0 0
     41160      41280 0 0 0 0 0 1 0
     41160      41280 0 0 0 0 0 1 0
     42000      42180 1 1 1 1 1 0 0
     42000      42120 0 0 0 0 0 1 0
     42000      42180 0 0 0 1 0 0 0
     42000      42180 1 0 0 0 0 0 0
     42000      42120 0 0 0 0 0 1 0
     42900      43080 0 0 0 0 1 0 0
     42900      43080 1 0 0 0 0 0 0
     42900      43080 1 0 0 0 0 0 0
     42900      43080 1 1 1 1 1 0 0
     42900      43080 0 0 0 1 0 0 0
     42960      43080 0 0 0 0 0 1 0
     42960      43080 0 0 0 0 0 1 0
     43800      43920 0 0 0 0 0 1 0
     43800      43980 1 0 0 0 0 0 0
     43800      43980 0 0 0 1 0 0 0
     43800      43920 0 0 0 0 0 1 0
     43800      43980 1 1 1 1 1 0 0
     44700      44880 0 0 0 1 0 0 0
     44700      44880 1 1 1 1 1 0 0
     44700      44880 1 0 0 0 0 0 0
     44760      44880 0 0 0 0 0 1 0
     44760      44880 0 0 0 0 0 1 0
     45600      45720 0 0 0 0 0 1 0
     45600      45780 1 1 1 1 1 0 0
     45600      45720 0 0 0 0 0 1 0
     45600      45780 0 0 0 1 0 0 0
     46500      46680 0 0 0 1 0 0 0
     46500      46680 1 1 1 1 1 0 0
     46560      46680 0 0 0 0 0 1 0
     46560      46680 0 0 0 0 0 1 0
     47400      47520 0 0 0 0 0 1 0
     47400      47520 0 0 0 0 0 1 0
     47400      47580 1 1 1 1 1 0 0
     48300      48480 1 1 1 1 1 0 0
     48360      48480 0 0 0 0 0 1 0
     48360      48480 0 0 0 0 0 1 0
     49200      49320 0 0 0 0 0 1 0
     49200      49320 0 0 0 0 0 1 0
     49200      49380 1 1 1 1 1 0 0
     50100      50280 1 1 1 1 1 0 0
     50160      50280 0 0 0 0 0 1 0
     50160      50280 0 0 0 0 0 1 0
     51000      51120 0 0 0 0 0 1 0
     51000      51180 1 1 1 1 1 0 0
     51000      51120 0 0 0 0 0 1 0
     51900      52080 1 1 1 1 1 0 0
     51960      52080 0 0 0 0 0 1 0
     51960      52080 0 0 0 0 0 1 0
     52800      52920 0 0 0 0 0 1 0
     52800      52920 0 0 0 0 0 1 0
     52800      52980 1 1 1 1 1 0 0
     53700      53880 1 1 1 1 1 0 0
     53760      53880 0 0 0 0 0 1 0
     53760      53880 0 0 0 0 0 1 0
     54600      54720 0 0 0 0 0 1 0
     54600      54720 0 0 0 0 0 1 0
     54600      54780 1 1 1 1 1 0 0
     55500      55680 1 1 1 1 1 0 0
     55560      55680 0 0 0 0 0 1 0
     55560      55680 0 0 0 0 0 1 0
     56400      56520 0 0 0 0 0 1 0
     56400      56580 1 1 1 1 1 0 0
     56400      56520 0 0 0 0 0 1 0
     57300      57480 1 1 1 1 1 0 0
     57360      57480 0 0 0 0 0 1 0
     57360      57480 0 0 0 0 0 1 0
     58200      58320 0 0 0 0 0 1 0
     58200      58320 0 0 0 0 0 1 0
     58200      58380 1 1 1 1 1 0 0
     59100      59280 1 1 1 1 1 0 0
     59160      59280 0 0 0 0 0 1 0
     59160      59280 0 0 0 0 0 1 0
     60000      60120 0 0 0 0 0 1 0
     60000      60120 0 0 0 0 0 1 0
     60120      60300 1 1 1 1 1 0 0
     60900      61080 1 1 1 1 1 0 0
     60960      61080 0 0 0 0 0 1 0
     60960      61080 0 0 0 0 0 1 0
     61800      61920 0 0 0 0 0 1 0
     61800      61920 0 0 0 0 0 1 0
     61920      62100 1 1 1 1 1 0 0
     62700      62880 1 1 1 1 1 0 0
     62760      62880 0 0 0 0 0 1 0
     62760      62880 0 0 0 0 0 1 0
     63600      63720 0 0 0 0 0 1 0
     63600      63720 0 0 0 0 0 1 0
     63600      63780 1 1 1 1 1 0 0
     64500      64680 1 1 1 1 1 0 0
     64560      64680 0 0 0 0 0 1 0
     64560      64680 0 0 0 0 0 1 0
     65400      65580 1 1 1 1 1 0 0
     65400      65520 0 0 0 0 0 1 0
     65400      65520 0 0 0 0 0 1 0
     66300      66480 1 1 1 1 1 0 0
     66360      66480 0 0 0 0 0 1 0
     66360      66480 0 0 0 0 0 1 0
     67200      67320 0 0 0 0 0 1 0
     67200      67380 1 1 1 1 1 0 0
     67200      67320 0 0 0 0 0 1 0
     68100      68280 1 1 1 1 1 0 0
     68160      68280 0 0 0 0 0 1 0
     68160      68280 0 0 0 0 0 1 0
     69000      69180 1 1 1 1 1 0 0
     69000      69120 0 0 0 0 0 1 0
     69000      69120 0 0 0 0 0 1 0
     69900      70080 1 1 1 1 1 0 0
     69960      70080 0 0 0 0 0 1 0
     69960      70080 0 0 0 0 0 1 0
     70680      70800 0 0 0 0 0 1 0
     70680      70800 0 0 0 0 0 1 0
     70800      70980 1 1 1 1 1 0 0
     71700      71880 1 1 1 1 1 0 0
     71880      72000 0 0 0 0 0 1 0
     71880      72000 0 0 0 0 0 1 0
     72600      72780 1 1 1 1 1 0 0
     72780      72900 0 0 0 0 0 1 0
     73500      73680 1 1 1 1 1 0 0
     73680      73800 0 0 0 0 0 1 0
     73680      73800 0 0 0 0 0 1 0
     74400      74580 1 1 1 1 1 0 0
     74580      74700 0 0 0 0 0 1 0
     75300      75480 0 0 0 1 0 0 0
     75300      75480 1 1 1 1 1 0 0
     75480      75600 0 0 0 0 0 1 0
     75480      75600 0 0 0 0 0 1 0
     76200      76380 1 1 1 1 1 0 0
     76380      76500 0 0 0 0 0 1 0
     77100      77280 1 1 1 1 1 0 0
     77280      77400 0 0 0 0 0 1 0
     77280      77400 0 0 0 0 0 1 0
     78000      78180 1 1 1 1 1 0 0
     78000      78180 1 1 0 1 0 0 0
     78240      78360 0 0 0 0 0 1 0
     78240      78360 0 0 0 0 0 1 0
     79080      79200 0 0 0 0 0 1 0
     79080      79200 0 0 0 0 0 1 0
     79800      79980 1 1 0 1 0 0 0
     79800      79980 1 1 1 1 1 0 0
     80880      81000 0 0 0 0 0 1 0
     80880      81000 0 0 0 0 0 1 0
     81600      81780 1 1 0 1 0 0 0
     81600      81780 1 1 1 1 1 0 0
     82680      82800 0 0 0 0 0 1 0
     82680      82800 0 0 0 0 0 1 0
     83400      83580 1 1 1 1 1 0 0
     83400      83580 1 1 0 1 0 0 0
     84480      84600 0 0 0 0 0 1 0
     84480      84600 0 0 0 0 0 1 0
     85200      85380 1 1 0 1 0 0 0
     85200      85380 1 1 1 1 1 0 0
     86280          0 0 0 0 0 0 0 0
     86280          0 0 0 0 0 0 1 0
     86280          0 0 0 0 0 0 1 0
249
