       480        600 1 1 0 1 0 0 0
       480        600 0 0 1 0 1 0 0
       480        600 1 1 1 1 0 0 0
       480        600 1 1 1 1 0 0 0
       480        600 0 0 0 1 0 0 0
      1500       1680 0 0 0 0 0 1 0
      1500       1680 0 0 0 0 0 1 0
      1500       1680 0 0 0 0 0 0 0
      2280       2400 1 1 0 1 0 0 0
      2280       2400 1 1 1 1 1 0 0
      4200       4380 0 0 0 0 0 1 0
     14880      15000 1 1 1 1 1 0 0
     16200      16380 0 0 0 0 0 1 0
     16200      16380 0 0 0 0 0 1 0
     16680      16800 1 1 1 1 1 0 0
     18000      18180 0 0 0 0 0 1 0
     18000      18180 0 0 0 0 0 1 0
     18480      18600 1 1 1 1 1 0 0
     19800      19980 0 0 0 0 0 1 0
     19800      19980 0 0 0 0 0 1 0
     20280      20400 1 1 1 1 1 0 0
     21600      21780 0 0 0 0 0 1 0
     21600      21780 0 0 0 0 0 1 0
     22080      22200 1 1 1 1 1 0 0
     22920      23040 1 1 1 1 1 0 0
     23400      23580 0 0 0 0 0 1 0
     23400      23580 0 0 0 0 0 1 0
     23580      23700 1 1 1 1 1 0 0
     24300      24420 1 1 1 1 1 0 0
     24840      24960 1 1 1 1 1 0 0
     25200      25380 0 0 0 0 0 1 0
     25200      25380 0 0 0 0 0 1 0
     25500      25620 1 1 1 1 1 0 0
     26040      26160 1 1 1 1 1 0 0
     26580      26760 0 0 0 0 0 1 0
     26580      26760 0 0 0 0 0 1 0
     26700      26820 1 1 1 1 1 0 0
     27240      27360 1 1 1 1 1 0 0
     27420      27600 0 0 0 0 0 1 0
     27420      27600 0 0 0 0 0 1 0
     27900      28020 1 1 1 1 1 0 0
     28380      28560 0 0 0 0 0 1 0
     28380      28560 0 0 0 0 0 1 0
     28440      28560 1 1 1 1 1 0 0
     29100      29220 1 1 1 1 1 0 0
     29220      29400 0 0 0 0 0 1 0
     29220      29400 0 0 0 0 0 1 0
     29640      29760 1 1 1 1 1 0 0
     30180      30360 0 0 0 0 0 1 0
     30180      30360 0 0 0 0 0 1 0
     30300      30420 1 1 1 1 1 0 0
     30840      30960 1 1 1 1 1 0 0
     31020      31200 0 0 0 0 0 1 0
     31020      31200 0 0 0 0 0 1 0
     31500      31620 1 1 1 1 1 0 0
     31980      32160 0 0 0 0 0 1 0
     31980      32160 0 0 0 0 0 1 0
     32040      32160 1 1 1 1 1 0 0
     32820      33000 0 0 0 0 0 1 0
     32820      33000 0 0 0 0 0 1 0
     32880      33000 1 1 1 1 1 0 0
     33780      33960 0 0 0 0 0 1 0
     33780      33960 0 0 0 0 0 1 0
     33780      33900 1 1 1 1 1 0 0
     34620      34800 0 0 0 0 0 1 0
     34620      34800 0 0 0 0 0 1 0
     34680      34800 1 1 1 1 1 0 0
     35580      35760 0 0 0 0 0 1 0
     35580      35760 0 0 0 0 0 1 0
     35580      35700 1 1 1 1 1 0 0
     36420      36600 0 0 0 0 0 1 0
     36420      36600 0 0 0 0 0 1 0
     36480      36600 1 1 1 1 1 0 0
     37380      37500 1 1 1 1 1 0 0
     37380      37560 0 0 0 0 0 1 0
     37380      37560 0 0 0 0 0 1 0
     38220      38400 0 0 0 0 0 1 0
     38220      38400 0 0 0 0 0 1 0
     38280      38400 0 0 0 1 0 0 0
     38280      38400 1 1 1 1 1 0 0
     39180      39300 0 0 0 0 1 0 0
     39180      39300 1 0 0 0 0 0 0
     39180      39300 1 1 1 1 1 0 0
     39180      39360 0 0 0 0 0 1 0
     39180      39360 0 0 0 0 0 1 0
     39180      39300 1 0 0 0 0 0 0
     40020      40200 0 0 0 0 0 1 0
     40020      40200 0 0 0 0 0 1 0
     40080      40200 0 0 0 1 0 0 0
     40080      40200 1 0 0 0 0 0 0
     40080      40200 1 1 1 1 1 0 0
     40980      41100 0 0 0 0 1 0 0
     40980      41100 1 1 1 1 1 0 0
     40980      41160 0 0 0 0 0 1 0
     40980      41160 0 0 0 0 0 1 0
     40980      41100 1 0 0 0 0 0 0
     41820      42000 0 0 0 0 0 1 0
     41820      42000 0 0 0 0 0 1 0
     41880      42000 1 1 1 1 1 0 0
     41880      42000 0 0 0 1 0 0 0
     41880      42000 1 0 0 0 0 0 0
     42780      42900 0 0 0 1 0 0 0
     42780      42900 1 1 1 1 1 0 0
     42780      42960 0 0 0 0 0 1 0
     42780      42960 0 0 0 0 0 1 0
     42780      42900 1 0 0 0 0 0 0
     42780      42900 1 0 0 0 0 0 0
     42780      42900 0 0 0 0 1 0 0
     43620      43800 0 0 0 0 0 1 0
     43620      43800 0 0 0 0 0 1 0
     43680      43800 0 0 0 1 0 0 0
     43680      43800 1 1 1 1 1 0 0
     43680      43800 1 0 0 0 0 0 0
     44580      44700 1 0 0 0 0 0 0
     44580      44700 1 1 1 1 1 0 0
     44580      44760 0 0 0 0 0 1 0
     44580      44760 0 0 0 0 0 1 0
     44580      44700 0 0 0 1 0 0 0
     45420      45600 0 0 0 0 0 1 0
     45420      45600 0 0 0 0 0 1 0
     45480      45600 0 0 0 1 0 0 0
     45480      45600 1 1 1 1 1 0 0
     46380      46560 0 0 0 0 0 1 0
     46380      46500 0 0 0 1 0 0 0
     46380      46560 0 0 0 0 0 1 0
     46380      46500 1 1 1 1 1 0 0
     47220      47400 0 0 0 0 0 1 0
     47220      47400 0 0 0 0 0 1 0
     47280      47400 1 1 1 1 1 0 0
     48180      48360 0 0 0 0 0 1 0
     48180      48360 0 0 0 0 0 1 0
     48180      48300 1 1 1 1 1 0 0
     49020      49200 0 0 0 0 0 1 0
     49020      49200 0 0 0 0 0 1 0
     49080      49200 1 1 1 1 1 0 0
     49980      50160 0 0 0 0 0 1 0
     49980      50100 1 1 1 1 1 0 0
     49980      50160 0 0 0 0 0 1 0
     50820      51000 0 0 0 0 0 1 0
     50820      51000 0 0 0 0 0 1 0
     50880      51000 1 1 1 1 1 0 0
     51780      51960 0 0 0 0 0 1 0
     51780      51960 0 0 0 0 0 1 0
     51780      51900 1 1 1 1 1 0 0
     52620      52800 0 0 0 0 0 1 0
     52620      52800 0 0 0 0 0 1 0
     52680      52800 1 1 1 1 1 0 0
     53580      53760 0 0 0 0 0 1 0
     53580      53760 0 0 0 0 0 1 0
     53580      53700 1 1 1 1 1 0 0
     54420      54600 0 0 0 0 0 1 0
     54420      54600 0 0 0 0 0 1 0
     54480      54600 1 1 1 1 1 0 0
     55380      55560 0 0 0 0 0 1 0
     55380      55560 0 0 0 0 0 1 0
     55380      55500 1 1 1 1 1 0 0
     56220      56400 0 0 0 0 0 1 0
     56220      56400 0 0 0 0 0 1 0
     56280      56400 1 1 1 1 1 0 0
     57180      57360 0 0 0 0 0 1 0
     57180      57300 1 1 1 1 1 0 0
     57180      57360 0 0 0 0 0 1 0
     58020      58200 0 0 0 0 0 1 0
     58020      58200 0 0 0 0 0 1 0
     58080      58200 1 1 1 1 1 0 0
     58980      59100 1 1 1 1 1 0 0
     58980      59160 0 0 0 0 0 1 0
     58980      59160 0 0 0 0 0 1 0
     59820      60000 0 0 0 0 0 1 0
     59820      60000 0 0 0 0 0 1 0
     60000      60120 1 1 1 1 1 0 0
     60780      60960 0 0 0 0 0 1 0
     60780      60960 0 0 0 0 0 1 0
     60780      60900 1 1 1 1 1 0 0
     61620      61800 0 0 0 0 0 1 0
     61620      61800 0 0 0 0 0 1 0
     61800      61920 1 1 1 1 1 0 0
     62580      62760 0 0 0 0 0 1 0
     62580      62760 0 0 0 0 0 1 0
     62580      62700 1 1 1 1 1 0 0
     63420      63600 0 0 0 0 0 1 0
     63420      63600 0 0 0 0 0 1 0
     63480      63600 1 1 1 1 1 0 0
     64380      64500 1 1 1 1 1 0 0
     64380      64560 0 0 0 0 0 1 0
     64380      64560 0 0 0 0 0 1 0
     65220      65400 0 0 0 0 0 1 0
     65220      65400 0 0 0 0 0 1 0
     65280      65400 1 1 1 1 1 0 0
     66180      66300 1 1 1 1 1 0 0
     66180      66360 0 0 0 0 0 1 0
     66180      66360 0 0 0 0 0 1 0
     67020      67200 0 0 0 0 0 1 0
     67020      67200 0 0 0 0 0 1 0
     67080      67200 1 1 1 1 1 0 0
     67980      68160 0 0 0 0 0 1 0
     67980      68160 0 0 0 0 0 1 0
     67980      68100 1 1 1 1 1 0 0
     68820      69000 0 0 0 0 0 1 0
     68820      69000 0 0 0 0 0 1 0
     68880      69000 1 1 1 1 1 0 0
     69780      69960 0 0 0 0 0 1 0
     69780      69960 0 0 0 0 0 1 0
     69780      69900 1 1 1 1 1 0 0
     70500      70680 0 0 0 0 0 1 0
     70500      70680 0 0 0 0 0 1 0
     70680      70800 1 1 1 1 1 0 0
     71580      71700 1 1 1 1 1 0 0
     71700      71880 0 0 0 0 0 1 0
     71700      71880 0 0 0 0 0 1 0
     72480      72600 1 1 1 1 1 0 0
     72600      72780 0 0 0 0 0 1 0
     73380      73500 1 1 1 1 1 0 0
     73500      73680 0 0 0 0 0 1 0
     73500      73680 0 0 0 0 0 1 0
     74280      74400 1 1 1 1 1 0 0
     74400      74580 0 0 0 0 0 1 0
     75180      75300 1 1 1 1 1 0 0
     75180      75300 0 0 0 1 0 0 0
     75300      75480 0 0 0 0 0 1 0
     75300      75480 0 0 0 0 0 1 0
     76080      76200 1 1 1 1 1 0 0
     76200      76380 0 0 0 0 0 1 0
     76980      77100 1 1 1 1 1 0 0
     77100      77280 0 0 0 0 0 1 0
     77100      77280 0 0 0 0 0 1 0
     77880      78000 1 1 1 1 1 0 0
     77880      78000 1 1 0 1 0 0 0
     78060      78240 0 0 0 0 0 1 0
     78060      78240 0 0 0 0 0 1 0
     78900      79080 0 0 0 0 0 1 0
     78900      79080 0 0 0 0 0 1 0
     79680      79800 1 1 1 1 1 0 0
     79680      79800 1 1 0 1 0 0 0
     80700      80880 0 0 0 0 0 1 0
     80700      80880 0 0 0 0 0 1 0
     81480      81600 1 1 0 1 0 0 0
     81480      81600 1 1 1 1 1 0 0
     82500      82680 0 0 0 0 0 1 0
     82500      82680 0 0 0 0 0 1 0
     83280      83400 1 1 1 1 1 0 0
     83280      83400 1 1 0 1 0 0 0
     84300      84480 0 0 0 0 0 1 0
     84300      84480 0 0 0 0 0 1 0
     85080      85200 1 1 1 1 1 0 0
     85080      85200 1 1 0 1 0 0 0
     86100      86280 0 0 0 0 0 1 0
     86100      86280 0 0 0 0 0 1 0
     86100      86280 0 0 0 0 0 0 0
249
