       180        360 0 0 0 0 0 1 0
       180        360 0 0 0 0 0 1 0
      1080       1260 1 1 1 1 1 0 0
      1080       1260 1 1 0 1 0 0 0
      1980       2160 0 0 0 0 0 1 0
      1980       2160 0 0 0 0 0 1 0
      2880       3060 1 1 1 1 1 0 0
      2880       3060 1 1 0 1 0 0 0
      4200       4380 0 0 0 0 0 1 0
      4200       4380 0 0 0 0 0 1 0
      4680       4860 1 1 1 1 1 0 0
      4680       4860 1 1 0 1 0 0 0
      4740       4860 0 0 0 1 0 0 0
      6000       6180 0 0 0 0 0 1 0
      6000       6180 0 0 0 0 0 1 0
      6660       6840 1 1 1 1 1 0 0
      6660       6840 1 1 0 1 0 0 0
      7800       7980 0 0 0 0 0 1 0
      7800       7980 0 0 0 0 0 1 0
      8520       8700 0 0 1 0 1 0 0
      8880       9060 0 0 0 0 0 1 0
      8880       9060 0 0 0 0 0 1 0
      9720       9900 0 0 1 0 1 0 0
     17280      17460 1 1 1 1 1 0 0
     18480      18660 0 0 0 0 0 1 0
     19080      19260 1 1 1 1 1 0 0
     20280      20460 0 0 0 0 0 1 0
     20880      21060 1 1 1 1 1 0 0
     21780      21960 1 1 1 1 1 0 0
     22080      22260 0 0 0 0 0 1 0
     22080      22260 0 0 0 0 0 1 0
     22680      22860 1 1 1 1 1 0 0
     23580      23760 1 1 1 1 1 0 0
     23880      24060 0 0 0 0 0 1 0
     23880      24060 0 0 0 0 0 1 0
     24660      24840 1 1 1 1 1 0 0
     25380      25560 1 1 1 1 1 0 0
     25680      25860 0 0 0 0 0 1 0
     25680      25860 0 0 0 0 0 1 0
     26100      26280 1 1 1 1 1 0 0
     26880      27060 1 1 1 1 1 0 0
     27180      27360 1 1 1 1 1 0 0
     27480      27660 0 0 0 0 0 1 0
     27480      27660 0 0 0 0 0 1 0
     28020      28200 1 1 1 1 1 0 0
     28200      28380 0 0 0 0 0 1 0
     28980      29160 1 1 1 1 1 0 0
     29280      29460 0 0 0 0 0 1 0
     29340      29460 0 0 0 0 0 1 0
     29760      29880 1 1 1 1 1 0 0
     30000      30180 0 0 0 0 0 1 0
     30180      30360 1 1 1 1 1 0 0
     30840      31020 1 1 1 1 1 0 0
     31080      31260 0 0 0 0 0 1 0
     31140      31260 0 0 0 0 0 1 0
     31740      31920 1 1 1 1 1 0 0
     31800      31980 0 0 0 0 0 1 0
     32760      32940 1 1 1 1 1 0 0
     32880      33060 0 0 0 0 0 1 0
     32940      33060 0 0 0 0 0 1 0
     33360      33540 1 1 1 1 1 0 0
     33600      33780 0 0 0 0 0 1 0
     34380      34560 1 1 1 1 1 0 0
     34680      34860 0 0 0 0 0 1 0
     34740      34860 0 0 0 0 0 1 0
     35160      35340 1 1 1 1 1 0 0
     35400      35580 0 0 0 0 0 1 0
     35400      35580 0 0 0 0 0 1 0
     36060      36240 1 1 1 1 1 0 0
     36480      36660 0 0 0 0 0 1 0
     36540      36660 0 0 0 0 0 1 0
     36960      37140 1 1 1 1 1 0 0
     37200      37380 0 0 0 0 0 1 0
     37200      37380 0 0 0 0 0 1 0
     38160      38340 1 1 1 1 1 0 0
     38160      38340 0 0 0 0 0 1 0
     38220      38400 0 0 0 0 0 1 0
     38940      39120 1 1 1 1 1 0 0
     39000      39180 0 0 0 0 0 1 0
     39000      39180 0 0 0 0 0 1 0
     39780      39960 1 1 1 1 1 0 0
     39960      40140 0 0 0 0 0 1 0
     40020      40140 0 0 0 0 0 1 0
     40680      40860 1 1 1 1 1 0 0
     40800      40980 0 0 0 0 0 1 0
     40800      40980 0 0 0 0 0 1 0
     41580      41760 1 1 1 1 1 0 0
     41580      41760 0 0 0 1 0 0 0
     41760      41940 0 0 0 0 0 1 0
     41820      41940 0 0 0 0 0 1 0
     42480      42660 0 0 0 0 1 0 0
     42480      42660 1 1 1 1 1 0 0
     42480      42660 0 0 0 1 0 0 0
     42600      42780 0 0 0 0 0 1 0
     42600      42780 0 0 0 0 0 1 0
     43380      43560 0 0 0 1 0 0 0
     43380      43560 1 1 1 1 1 0 0
     43380      43560 1 0 0 0 0 0 0
     43560      43740 0 0 0 0 0 1 0
     43560      43740 0 0 0 0 0 1 0
     44280      44460 0 0 0 1 0 0 0
     44280      44460 1 1 1 1 1 0 0
     44340      44460 1 0 0 0 0 0 0
     44400      44580 0 0 0 0 0 1 0
     44400      44580 0 0 0 0 0 1 0
     44400      44520 1 0 0 0 0 0 0
     45180      45360 0 0 0 1 0 0 0
     45180      45360 1 0 0 0 0 0 0
     45180      45360 1 1 1 1 1 0 0
     45360      45540 0 0 0 0 0 1 0
     45420      45540 0 0 0 0 0 1 0
     46080      46260 1 1 1 1 1 0 0
     46080      46260 0 0 0 1 0 0 0
     46080      46260 1 0 0 0 0 0 0
     46200      46380 0 0 0 0 0 1 0
     46200      46380 0 0 0 0 0 1 0
     46980      47160 0 0 0 1 0 0 0
     46980      47160 1 1 1 1 1 0 0
     46980      47160 1 0 0 0 0 0 0
     47160      47340 0 0 0 0 0 1 0
     47160      47340 0 0 0 0 0 1 0
     47880      48060 1 1 1 1 1 0 0
     47880      48060 0 0 0 1 0 0 0
     47880      48060 1 0 0 0 0 0 0
     47940      48120 1 0 0 0 0 0 0
     48000      48180 0 0 0 0 0 1 0
     48000      48180 0 0 0 0 0 1 0
     48780      48960 1 1 1 1 1 0 0
     48780      48960 1 0 0 0 0 0 0
     48780      48960 0 0 0 1 0 0 0
     48960      49140 0 0 0 0 0 1 0
     49020      49140 0 0 0 0 0 1 0
     49680      49860 1 1 1 1 1 0 0
     49680      49860 0 0 0 1 0 0 0
     49800      49980 0 0 0 0 0 1 0
     49800      49980 0 0 0 0 0 1 0
     50580      50760 1 1 1 1 1 0 0
     50580      50760 0 0 0 1 0 0 0
     50760      50940 0 0 0 0 0 1 0
     50760      50940 0 0 0 0 0 1 0
     51480      51660 1 1 1 1 1 0 0
     51600      51780 0 0 0 0 0 1 0
     51600      51780 0 0 0 0 0 1 0
     52380      52560 1 1 1 1 1 0 0
     52560      52740 0 0 0 0 0 1 0
     52620      52740 0 0 0 0 0 1 0
     53280      53460 1 1 1 1 1 0 0
     53400      53580 0 0 0 0 0 1 0
     53400      53580 0 0 0 0 0 1 0
     54180      54360 1 1 1 1 1 0 0
     54360      54540 0 0 0 0 0 1 0
     54360      54540 0 0 0 0 0 1 0
     55080      55260 1 1 1 1 1 0 0
     55200      55380 0 0 0 0 0 1 0
     55200      55380 0 0 0 0 0 1 0
     55980      56160 1 1 1 1 1 0 0
     56160      56340 0 0 0 0 0 1 0
     56220      56340 0 0 0 0 0 1 0
     56880      57060 1 1 1 1 1 0 0
     57000      57180 0 0 0 0 0 1 0
     57000      57180 0 0 0 0 0 1 0
     57780      57960 1 1 1 1 1 0 0
     57960      58140 0 0 0 0 0 1 0
     57960      58140 0 0 0 0 0 1 0
     58740      58920 1 1 1 1 1 0 0
     58800      58980 0 0 0 0 0 1 0
     58800      58980 0 0 0 0 0 1 0
     59580      59760 1 1 1 1 1 0 0
     59760      59940 0 0 0 0 0 1 0
     59820      59940 0 0 0 0 0 1 0
     60240      60420 1 1 1 1 1 0 0
     60600      60780 0 0 0 0 0 1 0
     60600      60780 0 0 0 0 0 1 0
     61200      61380 1 1 1 1 1 0 0
     61560      61740 0 0 0 0 0 1 0
     61560      61740 0 0 0 0 0 1 0
     62040      62220 1 1 1 1 1 0 0
     62400      62580 0 0 0 0 0 1 0
     62400      62580 0 0 0 0 0 1 0
     63060      63240 1 1 1 1 1 0 0
     63360      63540 0 0 0 0 0 1 0
     63420      63540 0 0 0 0 0 1 0
     63780      63960 1 1 1 1 1 0 0
     64200      64380 0 0 0 0 0 1 0
     64200      64380 0 0 0 0 0 1 0
     64380      64560 1 1 1 1 1 0 0
     64920      65100 1 1 1 1 1 0 0
     65160      65340 0 0 0 0 0 1 0
     65160      65340 0 0 0 0 0 1 0
     65580      65760 1 1 1 1 1 0 0
     66000      66180 0 0 0 0 0 1 0
     66000      66180 0 0 0 0 0 1 0
     66120      66300 1 1 1 1 1 0 0
     66780      66960 1 1 1 1 1 0 0
     66960      67140 0 0 0 0 0 1 0
     67020      67140 0 0 0 0 0 1 0
     67320      67500 1 1 1 1 1 0 0
     67800      67980 0 0 0 0 0 1 0
     67800      67980 0 0 0 0 0 1 0
     67980      68160 1 1 1 1 1 0 0
     68520      68700 1 1 1 1 1 0 0
     68760      68940 0 0 0 0 0 1 0
     68760      68940 0 0 0 0 0 1 0
     69180      69360 1 1 1 1 1 0 0
     69600      69780 0 0 0 0 0 1 0
     69600      69780 0 0 0 0 0 1 0
     69720      69900 1 1 1 1 1 0 0
     70260      70380 1 1 1 1 1 0 0
     70560      70740 0 0 0 0 0 1 0
     70620      70740 0 0 0 0 0 1 0
     70980      71160 1 1 1 1 1 0 0
     71400      71580 0 0 0 0 0 1 0
     71400      71580 0 0 0 0 0 1 0
     72060      72240 1 1 1 1 1 0 0
     72360      72540 0 0 0 0 0 1 0
     72360      72540 0 0 0 0 0 1 0
     72840      73020 1 1 1 1 1 0 0
     73200      73380 0 0 0 0 0 1 0
     73200      73380 0 0 0 0 0 1 0
     73860      74040 1 1 1 1 1 0 0
     74160      74340 0 0 0 0 0 1 0
     74340      74460 0 0 0 0 0 1 0
     74820      75000 1 1 1 1 1 0 0
     75000      75180 0 0 0 0 0 1 0
     75000      75180 0 0 0 0 0 1 0
     75780      75960 1 1 1 1 1 0 0
     75960      76140 0 0 0 0 0 1 0
     75960      76140 0 0 0 0 0 1 0
     76680      76860 1 1 1 1 1 0 0
     76800      76980 0 0 0 0 0 1 0
     76800      76980 0 0 0 0 0 1 0
     76800      76920 0 0 0 1 0 0 0
     77580      77760 1 1 1 1 1 0 0
     77760      77940 0 0 0 0 0 1 0
     77820      77940 0 0 0 0 0 1 0
     78480      78660 1 1 1 1 1 0 0
     78600      78780 0 0 0 0 0 1 0
     78600      78780 0 0 0 0 0 1 0
     79380      79560 1 1 1 1 1 0 0
     79380      79560 1 1 0 1 0 0 0
     79380      79560 0 0 0 0 0 1 0
     79380      79560 0 0 0 0 0 1 0
     80280      80460 1 1 1 1 1 0 0
     81180      81360 0 0 0 0 0 1 0
     81180      81360 1 1 0 1 0 0 0
     81180      81360 0 0 0 0 1 0 0
     81180      81360 0 0 0 0 0 1 0
     81180      81360 1 1 1 1 1 0 0
     82080      82260 1 1 0 1 0 0 0
     82080      82260 1 1 1 1 1 0 0
     82980      83160 0 0 0 0 0 1 0
     82980      83160 0 0 0 0 0 1 0
     83880      84060 1 1 0 1 0 0 0
     83880      84060 1 1 1 1 1 0 0
     84780      84960 0 0 0 0 0 1 0
     84780      84960 0 0 0 0 0 1 0
     85680      85860 1 1 0 1 0 0 0
     85680      85860 1 1 1 1 1 0 0
258
