       180        300 0 0 0 1 0 0 0
       180        300 1 1 1 1 0 0 0
       180        300 1 1 1 1 0 0 0
       180        300 0 0 1 0 1 0 0
       180        300 1 1 0 1 0 0 0
      1200       1320 0 0 0 0 0 1 0
      1200       1320 0 0 0 0 0 0 0
      1200       1320 0 0 0 0 0 1 0
      1980       2100 1 1 0 1 0 0 0
      1980       2100 1 1 1 1 1 0 0
     18180      18300 1 1 1 1 1 0 0
     19500      19620 0 0 0 0 0 1 0
     19500      19620 0 0 0 0 0 1 0
     19980      20100 1 1 1 1 1 0 0
     21300      21420 0 0 0 0 0 1 0
     21300      21420 0 0 0 0 0 1 0
     21780      21900 1 1 1 1 1 0 0
     23100      23220 0 0 0 0 0 1 0
     23100      23220 0 0 0 0 0 1 0
     23280      23400 1 1 1 1 1 0 0
     24540      24660 1 1 1 1 1 0 0
     24900      25020 0 0 0 0 0 1 0
     24900      25020 0 0 0 0 0 1 0
     25740      25860 1 1 1 1 1 0 0
     26940      27060 1 1 1 1 1 0 0
     27120      27240 0 0 0 0 0 1 0
     27120      27240 0 0 0 0 0 1 0
     28140      28260 1 1 1 1 1 0 0
     28800      28920 1 1 1 1 1 0 0
     28920      29040 0 0 0 0 0 1 0
     28920      29040 0 0 0 0 0 1 0
     30000      30120 1 1 1 1 1 0 0
     30720      30840 0 0 0 0 0 1 0
     30720      30840 0 0 0 0 0 1 0
     31200      31320 1 1 1 1 1 0 0
     32520      32640 0 0 0 0 0 1 0
     32520      32640 0 0 0 0 0 1 0
     32580      32700 1 1 1 1 1 0 0
     34320      34440 0 0 0 0 0 1 0
     34320      34440 0 0 0 0 0 1 0
     34380      34500 1 1 1 1 1 0 0
     36120      36240 0 0 0 0 0 1 0
     36120      36240 0 0 0 0 0 1 0
     36180      36300 1 1 1 1 1 0 0
     37920      38040 0 0 0 0 0 1 0
     37920      38040 0 0 0 0 0 1 0
     37980      38100 1 1 1 1 1 0 0
     37980      38100 0 0 0 1 0 0 0
     38880      39000 1 1 1 1 1 0 0
     38880      39000 1 0 0 0 0 0 0
     38880      39000 0 0 0 0 1 0 0
     38880      39000 1 0 0 0 0 0 0
     39720      39840 0 0 0 0 0 1 0
     39720      39840 0 0 0 0 0 1 0
     39780      39900 0 0 0 1 0 0 0
     39780      39900 1 0 0 0 0 0 0
     39780      39900 1 1 1 1 1 0 0
     40680      40800 1 0 0 0 0 0 0
     40680      40800 0 0 0 0 1 0 0
     40680      40800 1 1 1 1 1 0 0
     41520      41640 0 0 0 0 0 1 0
     41520      41640 0 0 0 0 0 1 0
     41580      41700 1 1 1 1 1 0 0
     41580      41700 0 0 0 1 0 0 0
     41580      41700 1 0 0 0 0 0 0
     42480      42600 1 0 0 0 0 0 0
     42480      42600 1 0 0 0 0 0 0
     42480      42600 0 0 0 0 1 0 0
     42480      42600 1 1 1 1 1 0 0
     42480      42600 0 0 0 1 0 0 0
     43320      43440 0 0 0 0 0 1 0
     43320      43440 0 0 0 0 0 1 0
     43380      43500 1 0 0 0 0 0 0
     43380      43500 0 0 0 1 0 0 0
     43380      43500 1 1 1 1 1 0 0
     44280      44400 1 1 1 1 1 0 0
     44280      44400 1 0 0 0 0 0 0
     44280      44400 0 0 0 1 0 0 0
     45120      45240 0 0 0 0 0 1 0
     45120      45240 0 0 0 0 0 1 0
     45180      45300 1 1 1 1 1 0 0
     45180      45300 0 0 0 1 0 0 0
     46080      46200 0 0 0 1 0 0 0
     46080      46200 1 1 1 1 1 0 0
     46920      47040 0 0 0 0 0 1 0
     46920      47040 0 0 0 0 0 1 0
     46980      47100 1 1 1 1 1 0 0
     47880      48000 1 1 1 1 1 0 0
     48720      48840 0 0 0 0 0 1 0
     48720      48840 0 0 0 0 0 1 0
     48780      48900 1 1 1 1 1 0 0
     49680      49800 1 1 1 1 1 0 0
     50520      50640 0 0 0 0 0 1 0
     50520      50640 0 0 0 0 0 1 0
     50580      50700 1 1 1 1 1 0 0
     51480      51600 1 1 1 1 1 0 0
     52320      52440 0 0 0 0 0 1 0
     52320      52440 0 0 0 0 0 1 0
     52380      52500 1 1 1 1 1 0 0
     53280      53400 1 1 1 1 1 0 0
     54120      54240 0 0 0 0 0 1 0
     54120      54240 0 0 0 0 0 1 0
     54180      54300 1 1 1 1 1 0 0
     55080      55200 1 1 1 1 1 0 0
     55920      56040 0 0 0 0 0 1 0
     55920      56040 0 0 0 0 0 1 0
     55980      56100 1 1 1 1 1 0 0
     56880      57000 1 1 1 1 1 0 0
     57720      57840 0 0 0 0 0 1 0
     57720      57840 0 0 0 0 0 1 0
     57780      57900 1 1 1 1 1 0 0
     58680      58800 1 1 1 1 1 0 0
     59520      59640 0 0 0 0 0 1 0
     59520      59640 0 0 0 0 0 1 0
     59700      59820 1 1 1 1 1 0 0
     61320      61440 0 0 0 0 0 1 0
     61320      61440 0 0 0 0 0 1 0
     61500      61620 1 1 1 1 1 0 0
     63120      63240 0 0 0 0 0 1 0
     63120      63240 0 0 0 0 0 1 0
     63180      63300 1 1 1 1 1 0 0
     64920      65040 0 0 0 0 0 1 0
     64920      65040 0 0 0 0 0 1 0
     64980      65100 1 1 1 1 1 0 0
     65880      66000 1 1 1 1 1 0 0
     66720      66840 0 0 0 0 0 1 0
     66720      66840 0 0 0 0 0 1 0
     68520      68640 0 0 0 0 0 1 0
     68520      68640 0 0 0 0 0 1 0
     68580      68700 1 1 1 1 1 0 0
     69480      69600 1 1 1 1 1 0 0
     70200      70320 0 0 0 0 0 1 0
     70200      70320 0 0 0 0 0 1 0
     72180      72300 1 1 1 1 1 0 0
     72300      72420 0 0 0 0 0 1 0
     73980      74100 1 1 1 1 1 0 0
     74100      74220 0 0 0 0 0 1 0
     74880      75000 0 0 0 1 0 0 0
     74880      75000 1 1 1 1 1 0 0
     75780      75900 1 1 1 1 1 0 0
     75900      76020 0 0 0 0 0 1 0
     76680      76800 1 1 1 1 1 0 0
     77580      77700 1 1 1 1 1 0 0
     77580      77700 1 1 0 1 0 0 0
     77760      77880 0 0 0 0 0 1 0
     77760      77880 0 0 0 0 0 1 0
     79380      79500 1 1 0 1 0 0 0
     79380      79500 1 1 1 1 1 0 0
     81180      81300 1 1 0 1 0 0 0
     81180      81300 1 1 1 1 1 0 0
     82200      82320 0 0 0 0 0 1 0
     82200      82320 0 0 0 0 0 1 0
     82980      83100 1 1 1 1 1 0 0
     82980      83100 1 1 0 1 0 0 0
     84000      84120 0 0 0 0 0 1 0
     84000      84120 0 0 0 0 0 1 0
     84780      84900 1 1 1 1 1 0 0
     84780      84900 1 1 0 1 0 0 0
     85800      85920 0 0 0 0 0 1 0
     85800      85920 0 0 0 0 0 0 0
     85800      85920 0 0 0 0 0 1 0
161
