       300        480 1 1 1 1 0 0 0
       300        480 1 1 1 1 0 0 0
       300        480 1 1 0 1 0 0 0
       300        480 0 0 1 0 1 0 0
       300        480 0 0 0 1 0 0 0
      1320       1500 0 0 0 0 0 1 0
      1320       1500 0 0 0 0 0 0 0
      1320       1500 0 0 0 0 0 1 0
      2100       2280 1 1 0 1 0 0 0
      2100       2280 1 1 1 1 1 0 0
      4020       4200 0 0 0 0 0 1 0
     14700      14880 1 1 1 1 1 0 0
     16020      16200 0 0 0 0 0 1 0
     16020      16200 0 0 0 0 0 1 0
     16500      16680 1 1 1 1 1 0 0
     17820      18000 0 0 0 0 0 1 0
     17820      18000 0 0 0 0 0 1 0
     18300      18480 1 1 1 1 1 0 0
     19620      19800 0 0 0 0 0 1 0
     19620      19800 0 0 0 0 0 1 0
     20100      20280 1 1 1 1 1 0 0
     21420      21600 0 0 0 0 0 1 0
     21420      21600 0 0 0 0 0 1 0
     21900      22080 1 1 1 1 1 0 0
     22740      22920 1 1 1 1 1 0 0
     23220      23400 0 0 0 0 0 1 0
     23220      23400 0 0 0 0 0 1 0
     23400      23580 1 1 1 1 1 0 0
     24120      24300 1 1 1 1 1 0 0
     24660      24840 1 1 1 1 1 0 0
     25020      25200 0 0 0 0 0 1 0
     25020      25200 0 0 0 0 0 1 0
     25320      25500 1 1 1 1 1 0 0
     25860      26040 1 1 1 1 1 0 0
     26400      26580 0 0 0 0 0 1 0
     26400      26580 0 0 0 0 0 1 0
     26520      26700 1 1 1 1 1 0 0
     27060      27240 1 1 1 1 1 0 0
     27240      27420 0 0 0 0 0 1 0
     27240      27420 0 0 0 0 0 1 0
     27720      27900 1 1 1 1 1 0 0
     28200      28380 0 0 0 0 0 1 0
     28200      28380 0 0 0 0 0 1 0
     28260      28440 1 1 1 1 1 0 0
     28920      29100 1 1 1 1 1 0 0
     29040      29220 0 0 0 0 0 1 0
     29040      29220 0 0 0 0 0 1 0
     29460      29640 1 1 1 1 1 0 0
     30000      30180 0 0 0 0 0 1 0
     30000      30180 0 0 0 0 0 1 0
     30120      30300 1 1 1 1 1 0 0
     30660      30840 1 1 1 1 1 0 0
     30840      31020 0 0 0 0 0 1 0
     30840      31020 0 0 0 0 0 1 0
     31320      31500 1 1 1 1 1 0 0
     31800      31980 0 0 0 0 0 1 0
     31800      31980 0 0 0 0 0 1 0
     31860      32040 1 1 1 1 1 0 0
     32640      32820 0 0 0 0 0 1 0
     32640      32820 0 0 0 0 0 1 0
     32700      32880 1 1 1 1 1 0 0
     33600      33780 0 0 0 0 0 1 0
     33600      33780 0 0 0 0 0 1 0
     33600      33780 1 1 1 1 1 0 0
     34440      34620 0 0 0 0 0 1 0
     34440      34620 0 0 0 0 0 1 0
     34500      34680 1 1 1 1 1 0 0
     35400      35580 0 0 0 0 0 1 0
     35400      35580 0 0 0 0 0 1 0
     35400      35580 1 1 1 1 1 0 0
     36240      36420 0 0 0 0 0 1 0
     36240      36420 0 0 0 0 0 1 0
     36300      36480 1 1 1 1 1 0 0
     37200      37380 0 0 0 0 0 1 0
     37200      37380 0 0 0 0 0 1 0
     37200      37380 1 1 1 1 1 0 0
     38040      38220 0 0 0 0 0 1 0
     38040      38220 0 0 0 0 0 1 0
     38100      38280 1 1 1 1 1 0 0
     38100      38280 0 0 0 1 0 0 0
     39000      39180 0 0 0 0 0 1 0
     39000      39180 1 1 1 1 1 0 0
     39000      39180 1 0 0 0 0 0 0
     39000      39180 0 0 0 0 1 0 0
     39000      39180 1 0 0 0 0 0 0
     39000      39180 0 0 0 0 0 1 0
     39840      40020 0 0 0 0 0 1 0
     39840      40020 0 0 0 0 0 1 0
     39900      40080 1 1 1 1 1 0 0
     39900      40080 1 0 0 0 0 0 0
     39900      40080 0 0 0 1 0 0 0
     40800      40980 0 0 0 0 0 1 0
     40800      40980 0 0 0 0 1 0 0
     40800      40980 1 1 1 1 1 0 0
     40800      40980 1 0 0 0 0 0 0
     40800      40980 0 0 0 0 0 1 0
     41640      41820 0 0 0 0 0 1 0
     41640      41820 0 0 0 0 0 1 0
     41700      41880 1 0 0 0 0 0 0
     41700      41880 0 0 0 1 0 0 0
     41700      41880 1 1 1 1 1 0 0
     42600      42780 1 1 1 1 1 0 0
     42600      42780 0 0 0 0 1 0 0
     42600      42780 0 0 0 1 0 0 0
     42600      42780 1 0 0 0 0 0 0
     42600      42780 1 0 0 0 0 0 0
     42600      42780 0 0 0 0 0 1 0
     42600      42780 0 0 0 0 0 1 0
     43440      43620 0 0 0 0 0 1 0
     43440      43620 0 0 0 0 0 1 0
     43500      43680 1 0 0 0 0 0 0
     43500      43680 1 1 1 1 1 0 0
     43500      43680 0 0 0 1 0 0 0
     44400      44580 1 0 0 0 0 0 0
     44400      44580 0 0 0 0 0 1 0
     44400      44580 0 0 0 0 0 1 0
     44400      44580 0 0 0 1 0 0 0
     44400      44580 1 1 1 1 1 0 0
     45240      45420 0 0 0 0 0 1 0
     45240      45420 0 0 0 0 0 1 0
     45300      45480 1 1 1 1 1 0 0
     45300      45480 0 0 0 1 0 0 0
     46200      46380 1 1 1 1 1 0 0
     46200      46380 0 0 0 0 0 1 0
     46200      46380 0 0 0 1 0 0 0
     46200      46380 0 0 0 0 0 1 0
     47040      47220 0 0 0 0 0 1 0
     47040      47220 0 0 0 0 0 1 0
     47100      47280 1 1 1 1 1 0 0
     48000      48180 1 1 1 1 1 0 0
     48000      48180 0 0 0 0 0 1 0
     48000      48180 0 0 0 0 0 1 0
     48840      49020 0 0 0 0 0 1 0
     48840      49020 0 0 0 0 0 1 0
     48900      49080 1 1 1 1 1 0 0
     49800      49980 1 1 1 1 1 0 0
     49800      49980 0 0 0 0 0 1 0
     49800      49980 0 0 0 0 0 1 0
     50640      50820 0 0 0 0 0 1 0
     50640      50820 0 0 0 0 0 1 0
     50700      50880 1 1 1 1 1 0 0
     51600      51780 0 0 0 0 0 1 0
     51600      51780 1 1 1 1 1 0 0
     51600      51780 0 0 0 0 0 1 0
     52440      52620 0 0 0 0 0 1 0
     52440      52620 0 0 0 0 0 1 0
     52500      52680 1 1 1 1 1 0 0
     53400      53580 0 0 0 0 0 1 0
     53400      53580 1 1 1 1 1 0 0
     53400      53580 0 0 0 0 0 1 0
     54240      54420 0 0 0 0 0 1 0
     54240      54420 0 0 0 0 0 1 0
     54300      54480 1 1 1 1 1 0 0
     55200      55380 0 0 0 0 0 1 0
     55200      55380 1 1 1 1 1 0 0
     55200      55380 0 0 0 0 0 1 0
     56040      56220 0 0 0 0 0 1 0
     56040      56220 0 0 0 0 0 1 0
     56100      56280 1 1 1 1 1 0 0
     57000      57180 0 0 0 0 0 1 0
     57000      57180 0 0 0 0 0 1 0
     57000      57180 1 1 1 1 1 0 0
     57840      58020 0 0 0 0 0 1 0
     57840      58020 0 0 0 0 0 1 0
     57900      58080 1 1 1 1 1 0 0
     58800      58980 0 0 0 0 0 1 0
     58800      58980 1 1 1 1 1 0 0
     58800      58980 0 0 0 0 0 1 0
     59640      59820 0 0 0 0 0 1 0
     59640      59820 0 0 0 0 0 1 0
     59820      60000 1 1 1 1 1 0 0
     60600      60780 0 0 0 0 0 1 0
     60600      60780 0 0 0 0 0 1 0
     60600      60780 1 1 1 1 1 0 0
     61440      61620 0 0 0 0 0 1 0
     61440      61620 0 0 0 0 0 1 0
     61620      61800 1 1 1 1 1 0 0
     62400      62580 0 0 0 0 0 1 0
     62400      62580 0 0 0 0 0 1 0
     62400      62580 1 1 1 1 1 0 0
     63240      63420 0 0 0 0 0 1 0
     63240      63420 0 0 0 0 0 1 0
     63300      63480 1 1 1 1 1 0 0
     64200      64380 1 1 1 1 1 0 0
     64200      64380 0 0 0 0 0 1 0
     64200      64380 0 0 0 0 0 1 0
     65040      65220 0 0 0 0 0 1 0
     65040      65220 0 0 0 0 0 1 0
     65100      65280 1 1 1 1 1 0 0
     66000      66180 0 0 0 0 0 1 0
     66000      66180 0 0 0 0 0 1 0
     66000      66180 1 1 1 1 1 0 0
     66840      67020 0 0 0 0 0 1 0
     66840      67020 0 0 0 0 0 1 0
     66900      67080 1 1 1 1 1 0 0
     67800      67980 0 0 0 0 0 1 0
     67800      67980 1 1 1 1 1 0 0
     67800      67980 0 0 0 0 0 1 0
     68640      68820 0 0 0 0 0 1 0
     68640      68820 0 0 0 0 0 1 0
     68700      68880 1 1 1 1 1 0 0
     69600      69780 1 1 1 1 1 0 0
     69600      69780 0 0 0 0 0 1 0
     69600      69780 0 0 0 0 0 1 0
     70320      70500 0 0 0 0 0 1 0
     70320      70500 0 0 0 0 0 1 0
     70500      70680 1 1 1 1 1 0 0
     71400      71580 1 1 1 1 1 0 0
     71520      71700 0 0 0 0 0 1 0
     71520      71700 0 0 0 0 0 1 0
     72300      72480 1 1 1 1 1 0 0
     72420      72600 0 0 0 0 0 1 0
     73200      73380 1 1 1 1 1 0 0
     73320      73500 0 0 0 0 0 1 0
     73320      73500 0 0 0 0 0 1 0
     74100      74280 1 1 1 1 1 0 0
     74220      74400 0 0 0 0 0 1 0
     75000      75180 0 0 0 1 0 0 0
     75000      75180 1 1 1 1 1 0 0
     75120      75300 0 0 0 0 0 1 0
     75120      75300 0 0 0 0 0 1 0
     75900      76080 1 1 1 1 1 0 0
     76020      76200 0 0 0 0 0 1 0
     76800      76980 1 1 1 1 1 0 0
     76920      77100 0 0 0 0 0 1 0
     76920      77100 0 0 0 0 0 1 0
     77700      77880 1 1 1 1 1 0 0
     77700      77880 1 1 0 1 0 0 0
     77880      78060 0 0 0 0 0 1 0
     77880      78060 0 0 0 0 0 1 0
     78720      78900 0 0 0 0 0 1 0
     78720      78900 0 0 0 0 0 1 0
     79500      79680 1 1 1 1 1 0 0
     79500      79680 1 1 0 1 0 0 0
     80520      80700 0 0 0 0 0 1 0
     80520      80700 0 0 0 0 0 1 0
     81300      81480 1 1 0 1 0 0 0
     81300      81480 1 1 1 1 1 0 0
     82320      82500 0 0 0 0 0 1 0
     82320      82500 0 0 0 0 0 1 0
     83100      83280 1 1 1 1 1 0 0
     83100      83280 1 1 0 1 0 0 0
     84120      84300 0 0 0 0 0 1 0
     84120      84300 0 0 0 0 0 1 0
     84900      85080 1 1 1 1 1 0 0
     84900      85080 1 1 0 1 0 0 0
     85920      86100 0 0 0 0 0 0 0
     85920      86100 0 0 0 0 0 1 0
     85920      86100 0 0 0 0 0 1 0
249
