      2160       2340 0 0 0 0 0 1 0
      2160       2340 0 0 0 0 0 1 0
      4380       4560 0 0 0 0 0 1 0
      4380       4560 0 0 0 0 0 1 0
      4860       4980 1 1 1 1 1 0 0
      4860       4980 1 1 0 1 0 0 0
      4860       4980 0 0 0 1 0 0 0
      6180       6360 0 0 0 0 0 1 0
      6180       6360 0 0 0 0 0 1 0
      7980       8160 0 0 0 0 0 1 0
      7980       8160 0 0 0 0 0 1 0
      9060       9240 0 0 0 0 0 1 0
      9060       9240 0 0 0 0 0 1 0
     21960      22080 1 1 1 1 1 0 0
     22860      22980 1 1 1 1 1 0 0
     25560      25680 1 1 1 1 1 0 0
     27060      27180 1 1 1 1 1 0 0
     28380      28560 0 0 0 0 0 1 0
     30060      30180 1 1 1 1 1 0 0
     30180      30360 0 0 0 0 0 1 0
     31020      31140 1 1 1 1 1 0 0
     31980      32160 0 0 0 0 0 1 0
     32940      33060 1 1 1 1 1 0 0
     33780      33960 0 0 0 0 0 1 0
     34560      34680 1 1 1 1 1 0 0
     35580      35760 0 0 0 0 0 1 0
     35580      35760 0 0 0 0 0 1 0
     36240      36360 1 1 1 1 1 0 0
     37380      37560 0 0 0 0 0 1 0
     37380      37560 0 0 0 0 0 1 0
     39180      39360 0 0 0 0 0 1 0
     39180      39360 0 0 0 0 0 1 0
     40980      41160 0 0 0 0 0 1 0
     40980      41160 0 0 0 0 0 1 0
     42780      42960 0 0 0 0 0 1 0
     42780      42960 0 0 0 0 0 1 0
     44580      44760 0 0 0 0 0 1 0
     44580      44760 0 0 0 0 0 1 0
     46380      46560 0 0 0 0 0 1 0
     46380      46560 0 0 0 0 0 1 0
     48180      48360 0 0 0 0 0 1 0
     48180      48360 0 0 0 0 0 1 0
     49980      50160 0 0 0 0 0 1 0
     49980      50160 0 0 0 0 0 1 0
     51780      51960 0 0 0 0 0 1 0
     51780      51960 0 0 0 0 0 1 0
     53580      53760 0 0 0 0 0 1 0
     53580      53760 0 0 0 0 0 1 0
     55380      55560 0 0 0 0 0 1 0
     55380      55560 0 0 0 0 0 1 0
     57180      57360 0 0 0 0 0 1 0
     57180      57360 0 0 0 0 0 1 0
     58980      59160 0 0 0 0 0 1 0
     58980      59160 0 0 0 0 0 1 0
     59760      59880 1 1 1 1 1 0 0
     60780      60960 0 0 0 0 0 1 0
     60780      60960 0 0 0 0 0 1 0
     61380      61500 1 1 1 1 1 0 0
     62580      62760 0 0 0 0 0 1 0
     62580      62760 0 0 0 0 0 1 0
     63240      63360 1 1 1 1 1 0 0
     64380      64560 0 0 0 0 0 1 0
     64380      64560 0 0 0 0 0 1 0
     64560      64680 1 1 1 1 1 0 0
     65760      65880 1 1 1 1 1 0 0
     66180      66360 0 0 0 0 0 1 0
     66180      66360 0 0 0 0 0 1 0
     66960      67080 1 1 1 1 1 0 0
     67980      68160 0 0 0 0 0 1 0
     67980      68160 0 0 0 0 0 1 0
     68160      68280 1 1 1 1 1 0 0
     69360      69480 1 1 1 1 1 0 0
     69780      69960 0 0 0 0 0 1 0
     69780      69960 0 0 0 0 0 1 0
     70440      70560 1 1 1 1 1 0 0
     71580      71760 0 0 0 0 0 1 0
     71580      71760 0 0 0 0 0 1 0
     72240      72360 1 1 1 1 1 0 0
     73380      73560 0 0 0 0 0 1 0
     73380      73560 0 0 0 0 0 1 0
     75180      75360 0 0 0 0 0 1 0
     75180      75360 0 0 0 0 0 1 0
     76980      77160 0 0 0 0 0 1 0
     76980      77160 0 0 0 0 0 1 0
     77760      77880 1 1 1 1 1 0 0
     78780      78960 0 0 0 0 0 1 0
     78780      78960 0 0 0 0 0 1 0
     79560      79680 1 1 0 1 0 0 0
88
