       360        540 0 0 0 0 0 1 0
       360        540 0 0 0 0 0 1 0
      1260       1380 1 1 1 1 1 0 0
      1260       1380 1 1 0 1 0 0 0
      3060       3180 1 1 0 1 0 0 0
      3060       3180 1 1 1 1 1 0 0
      6840       6960 1 1 1 1 1 0 0
      6840       6960 1 1 0 1 0 0 0
      8700       8820 0 0 1 0 1 0 0
      9900      10020 0 0 1 0 1 0 0
     17460      17580 1 1 1 1 1 0 0
     18660      18840 0 0 0 0 0 1 0
     19260      19380 1 1 1 1 1 0 0
     20460      20640 0 0 0 0 0 1 0
     21060      21180 1 1 1 1 1 0 0
     22260      22440 0 0 0 0 0 1 0
     22260      22440 0 0 0 0 0 1 0
     23760      23880 1 1 1 1 1 0 0
     24060      24240 0 0 0 0 0 1 0
     24060      24240 0 0 0 0 0 1 0
     24840      24960 1 1 1 1 1 0 0
     25860      26040 0 0 0 0 0 1 0
     25860      26040 0 0 0 0 0 1 0
     26280      26400 1 1 1 1 1 0 0
     27360      27480 1 1 1 1 1 0 0
     27660      27840 0 0 0 0 0 1 0
     27660      27840 0 0 0 0 0 1 0
     28200      28320 1 1 1 1 1 0 0
     29160      29280 1 1 1 1 1 0 0
     29460      29640 0 0 0 0 0 1 0
     29460      29640 0 0 0 0 0 1 0
     30360      30480 1 1 1 1 1 0 0
     31260      31440 0 0 0 0 0 1 0
     31260      31440 0 0 0 0 0 1 0
     31920      32040 1 1 1 1 1 0 0
     33060      33240 0 0 0 0 0 1 0
     33060      33240 0 0 0 0 0 1 0
     33540      33660 1 1 1 1 1 0 0
     34860      35040 0 0 0 0 0 1 0
     34860      35040 0 0 0 0 0 1 0
     35340      35460 1 1 1 1 1 0 0
     36660      36840 0 0 0 0 0 1 0
     36660      36840 0 0 0 0 0 1 0
     37140      37260 1 1 1 1 1 0 0
     38340      38520 0 0 0 0 0 1 0
     38340      38460 1 1 1 1 1 0 0
     38400      38520 0 0 0 0 0 1 0
     39120      39240 1 1 1 1 1 0 0
     39960      40080 1 1 1 1 1 0 0
     40140      40320 0 0 0 0 0 1 0
     40140      40320 0 0 0 0 0 1 0
     40860      40980 1 1 1 1 1 0 0
     41760      41880 0 0 0 1 0 0 0
     41760      41880 1 1 1 1 1 0 0
     41940      42120 0 0 0 0 0 1 0
     41940      42120 0 0 0 0 0 1 0
     42660      42780 1 1 1 1 1 0 0
     42660      42780 0 0 0 1 0 0 0
     42660      42780 0 0 0 0 1 0 0
     43560      43680 1 1 1 1 1 0 0
     43560      43680 1 0 0 0 0 0 0
     43560      43680 0 0 0 1 0 0 0
     43740      43920 0 0 0 0 0 1 0
     43740      43920 0 0 0 0 0 1 0
     44460      44580 1 1 1 1 1 0 0
     44460      44580 0 0 0 1 0 0 0
     44460      44580 1 0 0 0 0 0 0
     44520      44640 1 0 0 0 0 0 0
     45360      45480 1 0 0 0 0 0 0
     45360      45480 0 0 0 1 0 0 0
     45360      45480 1 1 1 1 1 0 0
     45540      45720 0 0 0 0 0 1 0
     45540      45720 0 0 0 0 0 1 0
     46260      46380 1 1 1 1 1 0 0
     46260      46380 0 0 0 1 0 0 0
     46260      46380 1 0 0 0 0 0 0
     47160      47280 1 0 0 0 0 0 0
     47160      47280 0 0 0 1 0 0 0
     47160      47280 1 1 1 1 1 0 0
     47340      47520 0 0 0 0 0 1 0
     47340      47520 0 0 0 0 0 1 0
     48060      48180 1 0 0 0 0 0 0
     48060      48180 1 1 1 1 1 0 0
     48060      48180 0 0 0 1 0 0 0
     48120      48240 1 0 0 0 0 0 0
     48960      49080 0 0 0 1 0 0 0
     48960      49080 1 1 1 1 1 0 0
     48960      49080 1 0 0 0 0 0 0
     49140      49320 0 0 0 0 0 1 0
     49140      49320 0 0 0 0 0 1 0
     49860      49980 1 1 1 1 1 0 0
     49860      49980 0 0 0 1 0 0 0
     50760      50880 0 0 0 1 0 0 0
     50760      50880 1 1 1 1 1 0 0
     50940      51120 0 0 0 0 0 1 0
     50940      51120 0 0 0 0 0 1 0
     51660      51780 1 1 1 1 1 0 0
     52560      52680 1 1 1 1 1 0 0
     52740      52920 0 0 0 0 0 1 0
     52740      52920 0 0 0 0 0 1 0
     53460      53580 1 1 1 1 1 0 0
     54360      54480 1 1 1 1 1 0 0
     54540      54720 0 0 0 0 0 1 0
     54540      54720 0 0 0 0 0 1 0
     55260      55380 1 1 1 1 1 0 0
     56160      56280 1 1 1 1 1 0 0
     56340      56520 0 0 0 0 0 1 0
     56340      56520 0 0 0 0 0 1 0
     57060      57180 1 1 1 1 1 0 0
     57960      58080 1 1 1 1 1 0 0
     58140      58320 0 0 0 0 0 1 0
     58140      58320 0 0 0 0 0 1 0
     58920      59040 1 1 1 1 1 0 0
     59940      60120 0 0 0 0 0 1 0
     59940      60120 0 0 0 0 0 1 0
     60420      60540 1 1 1 1 1 0 0
     61740      61920 0 0 0 0 0 1 0
     61740      61920 0 0 0 0 0 1 0
     62220      62340 1 1 1 1 1 0 0
     63540      63720 0 0 0 0 0 1 0
     63540      63720 0 0 0 0 0 1 0
     63960      64080 1 1 1 1 1 0 0
     65100      65220 1 1 1 1 1 0 0
     65340      65520 0 0 0 0 0 1 0
     65340      65520 0 0 0 0 0 1 0
     66300      66420 1 1 1 1 1 0 0
     67140      67320 0 0 0 0 0 1 0
     67140      67320 0 0 0 0 0 1 0
     67500      67620 1 1 1 1 1 0 0
     68700      68820 1 1 1 1 1 0 0
     68940      69120 0 0 0 0 0 1 0
     68940      69120 0 0 0 0 0 1 0
     69900      70020 1 1 1 1 1 0 0
     70740      70920 0 0 0 0 0 1 0
     70740      70920 0 0 0 0 0 1 0
     71160      71280 1 1 1 1 1 0 0
     72540      72720 0 0 0 0 0 1 0
     72540      72720 0 0 0 0 0 1 0
     73020      73140 1 1 1 1 1 0 0
     74040      74160 1 1 1 1 1 0 0
     74340      74520 0 0 0 0 0 1 0
     74460      74580 0 0 0 0 0 1 0
     75000      75120 1 1 1 1 1 0 0
     75960      76080 1 1 1 1 1 0 0
     76140      76320 0 0 0 0 0 1 0
     76140      76320 0 0 0 0 0 1 0
     76860      76980 1 1 1 1 1 0 0
     76920      77040 0 0 0 1 0 0 0
     77940      78120 0 0 0 0 0 1 0
     77940      78120 0 0 0 0 0 1 0
     78660      78780 1 1 1 1 1 0 0
     79560      79680 1 1 1 1 1 0 0
     79560      79740 0 0 0 0 0 1 0
     79560      79740 0 0 0 0 0 1 0
     80460      80580 1 1 1 1 1 0 0
     81360      81480 1 1 1 1 1 0 0
     81360      81540 0 0 0 0 0 1 0
     81360      81480 1 1 0 1 0 0 0
     81360      81540 0 0 0 0 0 1 0
     81360      81480 0 0 0 0 1 0 0
     82260      82380 1 1 0 1 0 0 0
     82260      82380 1 1 1 1 1 0 0
     83160      83340 0 0 0 0 0 1 0
     83160      83340 0 0 0 0 0 1 0
     84060      84180 1 1 0 1 0 0 0
     84060      84180 1 1 1 1 1 0 0
     84960      85140 0 0 0 0 0 1 0
     84960      85140 0 0 0 0 0 1 0
     85860      85980 1 1 1 1 1 0 0
     85860      85980 1 1 0 1 0 0 0
170
