      3900       4020 0 0 0 0 0 1 0
     14580      14700 1 1 1 1 1 0 0
     15900      16020 0 0 0 0 0 1 0
     15900      16020 0 0 0 0 0 1 0
     16380      16500 1 1 1 1 1 0 0
     17700      17820 0 0 0 0 0 1 0
     17700      17820 0 0 0 0 0 1 0
     22620      22740 1 1 1 1 1 0 0
     24000      24120 1 1 1 1 1 0 0
     25200      25320 1 1 1 1 1 0 0
     26280      26400 0 0 0 0 0 1 0
     26280      26400 0 0 0 0 0 1 0
     26400      26520 1 1 1 1 1 0 0
     27600      27720 1 1 1 1 1 0 0
     28080      28200 0 0 0 0 0 1 0
     28080      28200 0 0 0 0 0 1 0
     29340      29460 1 1 1 1 1 0 0
     29880      30000 0 0 0 0 0 1 0
     29880      30000 0 0 0 0 0 1 0
     30540      30660 1 1 1 1 1 0 0
     31680      31800 0 0 0 0 0 1 0
     31680      31800 0 0 0 0 0 1 0
     31740      31860 1 1 1 1 1 0 0
     33480      33600 1 1 1 1 1 0 0
     33480      33600 0 0 0 0 0 1 0
     33480      33600 0 0 0 0 0 1 0
     35280      35400 1 1 1 1 1 0 0
     35280      35400 0 0 0 0 0 1 0
     35280      35400 0 0 0 0 0 1 0
     37080      37200 0 0 0 0 0 1 0
     37080      37200 1 1 1 1 1 0 0
     37080      37200 0 0 0 0 0 1 0
     38880      39000 0 0 0 0 0 1 0
     38880      39000 0 0 0 0 0 1 0
     40680      40800 0 0 0 0 0 1 0
     40680      40800 0 0 0 0 0 1 0
     42480      42600 0 0 0 0 0 1 0
     42480      42600 0 0 0 0 0 1 0
     44280      44400 0 0 0 0 0 1 0
     44280      44400 0 0 0 0 0 1 0
     46080      46200 0 0 0 0 0 1 0
     46080      46200 0 0 0 0 0 1 0
     47880      48000 0 0 0 0 0 1 0
     47880      48000 0 0 0 0 0 1 0
     49680      49800 0 0 0 0 0 1 0
     49680      49800 0 0 0 0 0 1 0
     51480      51600 0 0 0 0 0 1 0
     51480      51600 0 0 0 0 0 1 0
     53280      53400 0 0 0 0 0 1 0
     53280      53400 0 0 0 0 0 1 0
     55080      55200 0 0 0 0 0 1 0
     55080      55200 0 0 0 0 0 1 0
     56880      57000 0 0 0 0 0 1 0
     56880      57000 0 0 0 0 0 1 0
     58680      58800 0 0 0 0 0 1 0
     58680      58800 0 0 0 0 0 1 0
     60480      60600 0 0 0 0 0 1 0
     60480      60600 1 1 1 1 1 0 0
     60480      60600 0 0 0 0 0 1 0
     62280      62400 0 0 0 0 0 1 0
     62280      62400 0 0 0 0 0 1 0
     62280      62400 1 1 1 1 1 0 0
     64080      64200 0 0 0 0 0 1 0
     64080      64200 0 0 0 0 0 1 0
     64080      64200 1 1 1 1 1 0 0
     65880      66000 0 0 0 0 0 1 0
     65880      66000 0 0 0 0 0 1 0
     66780      66900 1 1 1 1 1 0 0
     67680      67800 1 1 1 1 1 0 0
     67680      67800 0 0 0 0 0 1 0
     67680      67800 0 0 0 0 0 1 0
     69480      69600 0 0 0 0 0 1 0
     69480      69600 0 0 0 0 0 1 0
     70380      70500 1 1 1 1 1 0 0
     71280      71400 1 1 1 1 1 0 0
     71400      71520 0 0 0 0 0 1 0
     71400      71520 0 0 0 0 0 1 0
     73080      73200 1 1 1 1 1 0 0
     73200      73320 0 0 0 0 0 1 0
     73200      73320 0 0 0 0 0 1 0
     75000      75120 0 0 0 0 0 1 0
     75000      75120 0 0 0 0 0 1 0
     76800      76920 0 0 0 0 0 1 0
     76800      76920 0 0 0 0 0 1 0
     78600      78720 0 0 0 0 0 1 0
     78600      78720 0 0 0 0 0 1 0
     80400      80520 0 0 0 0 0 1 0
     80400      80520 0 0 0 0 0 1 0
88
