       540        960 0 0 1 0 1 0 0
     14940      15360 1 1 1 1 1 0 0
     16740      17160 1 1 1 1 1 0 0
     18540      18960 1 1 1 1 1 0 0
     28140      28560 0 0 0 0 0 1 0
     28140      28560 0 0 0 0 0 1 0
     29940      30360 0 0 0 0 0 1 0
     29940      30360 0 0 0 0 0 1 0
     31740      32160 0 0 0 0 0 1 0
     31740      32160 0 0 0 0 0 1 0
     33540      33960 0 0 0 0 0 1 0
     33540      33960 0 0 0 0 0 1 0
     34740      35160 1 1 1 1 1 0 0
     35340      35760 0 0 0 0 0 1 0
     35340      35760 0 0 0 0 0 1 0
     36540      36960 1 1 1 1 1 0 0
     37140      37560 0 0 0 0 0 1 0
     37140      37560 0 0 0 0 0 1 0
     38340      38760 0 0 0 1 0 0 0
     38340      38760 1 1 1 1 1 0 0
     38340      38760 1 0 0 0 0 0 0
     38940      39360 0 0 0 0 0 1 0
     38940      39360 0 0 0 0 0 1 0
     40140      40560 1 0 0 0 0 0 0
     40140      40560 0 0 0 1 0 0 0
     40140      40560 1 0 0 0 0 0 0
     40140      40560 1 1 1 1 1 0 0
     40740      41160 0 0 0 0 0 1 0
     40740      41160 0 0 0 0 0 1 0
     41940      42360 1 0 0 0 0 0 0
     41940      42360 0 0 0 1 0 0 0
     41940      42360 1 0 0 0 0 0 0
     41940      42360 1 1 1 1 1 0 0
     42540      42960 0 0 0 0 0 1 0
     42540      42960 0 0 0 0 0 1 0
     43740      44160 0 0 0 1 0 0 0
     43740      44160 1 0 0 0 0 0 0
     43740      44160 1 0 0 0 0 0 0
     43740      44160 1 1 1 1 1 0 0
     44340      44760 0 0 0 0 0 1 0
     44340      44760 0 0 0 0 0 1 0
     45540      45960 0 0 0 1 0 0 0
     45540      45960 1 1 1 1 1 0 0
     46140      46560 0 0 0 0 0 1 0
     46140      46560 0 0 0 0 0 1 0
     47340      47760 1 1 1 1 1 0 0
     47340      47760 0 0 0 1 0 0 0
     47940      48360 0 0 0 0 0 1 0
     47940      48360 0 0 0 0 0 1 0
     49140      49560 1 1 1 1 1 0 0
     49740      50160 0 0 0 0 0 1 0
     49740      50160 0 0 0 0 0 1 0
     50940      51360 1 1 1 1 1 0 0
     51540      51960 0 0 0 0 0 1 0
     51540      51960 0 0 0 0 0 1 0
     52740      53160 1 1 1 1 1 0 0
     53340      53760 0 0 0 0 0 1 0
     53340      53760 0 0 0 0 0 1 0
     54900      55320 1 1 1 1 1 0 0
     55140      55560 0 0 0 0 0 1 0
     55140      55560 0 0 0 0 0 1 0
     56700      57120 1 1 1 1 1 0 0
     56940      57360 0 0 0 0 0 1 0
     56940      57360 0 0 0 0 0 1 0
     58500      58920 1 1 1 1 1 0 0
     58740      59160 0 0 0 0 0 1 0
     58740      59160 0 0 0 0 0 1 0
     60300      60720 1 1 1 1 1 0 0
     60540      60960 0 0 0 0 0 1 0
     60540      60960 0 0 0 0 0 1 0
     62100      62520 1 1 1 1 1 0 0
     62340      62760 0 0 0 0 0 1 0
     62340      62760 0 0 0 0 0 1 0
     63900      64320 1 1 1 1 1 0 0
     64140      64560 0 0 0 0 0 1 0
     64140      64560 0 0 0 0 0 1 0
     65700      66120 1 1 1 1 1 0 0
     65940      66360 0 0 0 0 0 1 0
     65940      66360 0 0 0 0 0 1 0
     67500      67920 1 1 1 1 1 0 0
     67740      68160 0 0 0 0 0 1 0
     67740      68160 0 0 0 0 0 1 0
     68940      69360 1 1 1 1 1 0 0
     69540      69960 0 0 0 0 0 1 0
     69540      69960 0 0 0 0 0 1 0
     70740      71160 1 1 1 1 1 0 0
     72540      72960 1 1 1 1 1 0 0
     74340      74760 1 1 1 1 1 0 0
     76140      76560 1 1 1 1 1 0 0
     77940      78360 1 1 1 1 1 0 0
     77940      78360 1 1 0 1 0 0 0
     79740      80160 0 0 0 1 0 0 0
     79740      80160 1 1 1 1 0 0 0
     79740      80160 1 1 1 1 1 0 0
     81540      81960 1 1 1 1 1 0 0
     81540      81960 1 1 0 1 0 0 0
     83340      83760 1 1 0 1 0 0 0
     83340      83880 0 0 0 1 0 0 0
     83340      83760 1 1 1 1 1 0 0
     85140      85560 1 1 0 1 0 0 0
     85140      85560 1 1 1 1 1 0 0
101
