      1860       2520 0 0 0 1 0 0 0
      1860       2460 1 1 1 1 1 0 0
      1920       2580 1 1 1 1 0 0 0
      2820       3420 0 0 0 0 0 1 0
      2820       3420 0 0 0 0 0 1 0
      2820       3420 0 0 0 0 0 0 0
     16260      16860 1 1 1 1 1 0 0
     16260      16860 0 0 0 0 1 0 0
     16740      17340 0 0 0 0 0 1 0
     16740      17340 0 0 0 0 0 1 0
     16740      17340 0 0 0 0 0 1 0
     19800      20400 1 1 1 1 1 0 0
     22020      22620 0 0 0 0 0 1 0
     22020      22620 0 0 0 0 0 1 0
     22020      22620 0 0 0 0 0 1 0
     22440      23040 1 1 1 1 1 0 0
     23700      24300 0 0 0 0 0 1 0
     23700      24300 0 0 0 0 0 1 0
     24720      25320 1 1 1 1 1 0 0
     24720      25320 1 1 1 1 1 0 0
     25500      26100 1 1 1 1 1 0 0
     26700      27300 1 1 1 1 1 0 0
     27840      28440 0 0 0 0 0 1 0
     27900      28500 1 1 1 1 1 0 0
     29100      29700 1 1 1 1 1 0 0
     30300      30900 1 1 1 1 1 0 0
     31440      32040 0 0 0 0 0 1 0
     31500      32100 1 1 1 1 1 0 0
     31980      32640 1 1 1 1 1 0 0
     31980      32640 1 1 1 1 1 0 0
     32700      33300 1 1 1 1 1 0 0
     34260      34860 1 1 1 1 1 0 0
     35040      35700 0 0 0 0 0 1 0
     35040      35700 0 0 0 0 0 1 0
     35040      35700 0 0 0 0 0 1 0
     36840      37440 0 0 0 0 0 1 0
     36840      37440 0 0 0 0 0 1 0
     36840      37440 0 0 0 0 0 1 0
     37860      38460 1 1 1 1 1 0 0
     38640      39240 0 0 0 0 0 1 0
     38640      39240 0 0 0 0 0 1 0
     38640      39240 0 0 0 0 0 1 0
     41460      42060 0 0 0 0 1 0 0
     41460      42060 1 0 0 0 0 0 0
     41460      42060 1 1 1 1 1 0 0
     42240      42840 0 0 0 0 0 1 0
     42240      42840 0 0 0 0 0 1 0
     42240      42840 0 0 0 0 0 1 0
     45060      45660 0 0 0 0 1 0 0
     45840      46500 0 0 0 0 0 1 0
     45840      46500 0 0 0 0 0 1 0
     45840      46500 0 0 0 0 0 1 0
     48660      49260 0 1 0 0 0 0 0
     48660      49320 0 0 0 1 0 0 0
     48660      49260 1 1 1 1 1 0 0
     49440      50040 0 0 0 0 0 1 0
     49440      50040 0 0 0 0 0 1 0
     49440      50040 0 0 0 0 0 1 0
     52260      52860 0 1 0 0 0 0 0
     52260      52860 1 1 1 1 1 0 0
     53040      53640 0 0 0 0 0 1 0
     53040      53640 0 0 0 0 0 1 0
     53040      53640 0 0 0 0 0 1 0
     55860      56520 1 1 1 1 1 0 0
     55860      56520 0 1 0 0 0 0 0
     56400      57120 1 1 1 1 1 0 0
     56640      57300 0 0 0 0 0 1 0
     56640      57300 0 0 0 0 0 1 0
     56640      57300 0 0 0 0 0 1 0
     57600      58320 1 1 1 1 1 0 0
     58200      58920 1 1 1 1 1 0 0
     59460      60060 0 1 0 0 0 0 0
     59460      60060 1 1 1 1 1 0 0
     60240      60840 0 0 0 0 0 1 0
     60240      60840 0 0 0 0 0 1 0
     60240      60840 0 0 0 0 0 1 0
     61260      61860 1 1 1 1 1 0 0
     63060      63660 0 1 0 0 0 0 0
     63060      63660 1 1 1 1 1 0 0
     63840      64440 0 0 0 0 0 1 0
     63840      64440 0 0 0 0 0 1 0
     63840      64440 0 0 0 0 0 1 0
     66660      67260 1 1 1 1 1 0 0
     66660      67260 0 1 0 0 0 0 0
     67440      68040 0 0 0 0 0 1 0
     67440      68040 0 0 0 0 0 1 0
     67440      68040 0 0 0 0 0 1 0
     70260      70860 0 0 1 0 0 0 0
     70260      70860 1 1 1 1 1 0 0
     71040      71640 0 0 0 0 0 1 0
     71040      71640 0 0 0 0 0 1 0
     71040      71640 0 0 0 0 0 1 0
     73860      74460 1 1 1 1 1 0 0
     73860      74460 0 0 0 1 0 0 0
     73860      74460 0 0 1 0 0 0 0
     75780      76380 0 0 0 0 0 1 0
     75780      76380 0 0 0 0 0 1 0
     75780      76380 0 0 0 0 0 1 0
     77460      78060 1 1 1 1 1 0 0
     79440      79980 0 0 0 0 0 1 0
     79440      79980 0 0 0 0 0 1 0
     79440      79980 0 0 0 0 0 1 0
     81060      81660 0 0 1 0 0 0 0
     81060      81660 1 1 1 1 1 0 0
     81060      81660 1 1 1 1 0 0 0
     83040      83580 0 0 0 0 0 1 0
     83040      83580 0 0 0 0 0 1 0
     83040      83580 0 0 0 0 0 1 0
     84660      85260 1 1 1 1 1 0 0
109
