       480        660 1 1 0 1 0 0 0
       480        660 1 1 1 1 1 0 0
      1380       1560 0 0 0 0 0 1 0
      1380       1560 0 0 0 0 0 1 0
      2280       2460 1 1 1 1 1 0 0
      2280       2460 1 1 0 1 0 0 0
      3600       3780 0 0 0 0 0 1 0
      3600       3780 0 0 0 0 0 1 0
      4080       4260 1 1 0 1 0 0 0
      4080       4260 1 1 1 1 1 0 0
      4140       4320 0 0 0 1 0 0 0
      5400       5580 0 0 0 0 0 1 0
      5400       5580 0 0 0 0 0 1 0
      6060       6240 1 1 0 1 0 0 0
      6060       6240 1 1 1 1 1 0 0
      7200       7380 0 0 0 0 0 1 0
      7200       7380 0 0 0 0 0 1 0
      7920       8100 0 0 1 0 1 0 0
      8280       8460 0 0 0 0 0 1 0
      8280       8460 0 0 0 0 0 1 0
      9120       9300 0 0 1 0 1 0 0
     16680      16860 1 1 1 1 1 0 0
     17880      18060 0 0 0 0 0 1 0
     18480      18660 1 1 1 1 1 0 0
     19680      19860 0 0 0 0 0 1 0
     20280      20460 1 1 1 1 1 0 0
     21180      21360 1 1 1 1 1 0 0
     21480      21660 0 0 0 0 0 1 0
     21480      21660 0 0 0 0 0 1 0
     22080      22260 1 1 1 1 1 0 0
     22980      23160 1 1 1 1 1 0 0
     23280      23460 0 0 0 0 0 1 0
     23280      23460 0 0 0 0 0 1 0
     24060      24240 1 1 1 1 1 0 0
     24780      24960 1 1 1 1 1 0 0
     25080      25260 0 0 0 0 0 1 0
     25080      25260 0 0 0 0 0 1 0
     25500      25680 1 1 1 1 1 0 0
     26280      26460 1 1 1 1 1 0 0
     26580      26760 1 1 1 1 1 0 0
     26880      27060 0 0 0 0 0 1 0
     26880      27060 0 0 0 0 0 1 0
     27420      27600 1 1 1 1 1 0 0
     27600      27780 0 0 0 0 0 1 0
     28380      28560 1 1 1 1 1 0 0
     28680      28860 0 0 0 0 0 1 0
     28740      28920 0 0 0 0 0 1 0
     29160      29340 1 1 1 1 1 0 0
     29400      29580 0 0 0 0 0 1 0
     29580      29760 1 1 1 1 1 0 0
     30240      30420 1 1 1 1 1 0 0
     30480      30660 0 0 0 0 0 1 0
     30540      30720 0 0 0 0 0 1 0
     31140      31320 1 1 1 1 1 0 0
     31200      31380 0 0 0 0 0 1 0
     32160      32340 1 1 1 1 1 0 0
     32280      32460 0 0 0 0 0 1 0
     32340      32520 0 0 0 0 0 1 0
     32760      32940 1 1 1 1 1 0 0
     33000      33180 0 0 0 0 0 1 0
     33780      33960 1 1 1 1 1 0 0
     34080      34260 0 0 0 0 0 1 0
     34140      34320 0 0 0 0 0 1 0
     34560      34740 1 1 1 1 1 0 0
     34800      34980 0 0 0 0 0 1 0
     34800      34980 0 0 0 0 0 1 0
     35460      35640 1 1 1 1 1 0 0
     35880      36060 0 0 0 0 0 1 0
     35940      36120 0 0 0 0 0 1 0
     36360      36540 1 1 1 1 1 0 0
     36600      36780 0 0 0 0 0 1 0
     36600      36780 0 0 0 0 0 1 0
     37560      37740 0 0 0 0 0 1 0
     37560      37740 1 1 1 1 1 0 0
     37620      37800 0 0 0 0 0 1 0
     38340      38520 1 1 1 1 1 0 0
     38400      38580 0 0 0 0 0 1 0
     38400      38580 0 0 0 0 0 1 0
     39180      39360 1 1 1 1 1 0 0
     39360      39540 0 0 0 0 0 1 0
     39420      39600 0 0 0 0 0 1 0
     40080      40260 1 1 1 1 1 0 0
     40200      40380 0 0 0 0 0 1 0
     40200      40380 0 0 0 0 0 1 0
     40980      41160 0 0 0 1 0 0 0
     40980      41160 1 1 1 1 1 0 0
     41160      41340 0 0 0 0 0 1 0
     41220      41400 0 0 0 0 0 1 0
     41880      42060 0 0 0 0 1 0 0
     41880      42060 0 0 0 1 0 0 0
     41880      42060 1 1 1 1 1 0 0
     42000      42180 0 0 0 0 0 1 0
     42000      42180 0 0 0 0 0 1 0
     42780      42960 1 1 1 1 1 0 0
     42780      42960 0 0 0 1 0 0 0
     42780      42960 1 0 0 0 0 0 0
     42960      43140 0 0 0 0 0 1 0
     42960      43200 0 0 0 0 0 1 0
     43680      43860 0 0 0 1 0 0 0
     43680      43860 1 1 1 1 1 0 0
     43680      43920 1 0 0 0 0 0 0
     43740      43980 1 0 0 0 0 0 0
     43800      43980 0 0 0 0 0 1 0
     43800      43980 0 0 0 0 0 1 0
     44580      44760 1 0 0 0 0 0 0
     44580      44760 1 1 1 1 1 0 0
     44580      44760 0 0 0 1 0 0 0
     44760      44940 0 0 0 0 0 1 0
     44820      45000 0 0 0 0 0 1 0
     45480      45660 0 0 0 1 0 0 0
     45480      45660 1 1 1 1 1 0 0
     45480      45660 1 0 0 0 0 0 0
     45600      45780 0 0 0 0 0 1 0
     45600      45780 0 0 0 0 0 1 0
     46380      46560 1 0 0 0 0 0 0
     46380      46560 1 1 1 1 1 0 0
     46380      46560 0 0 0 1 0 0 0
     46560      46740 0 0 0 0 0 1 0
     46560      46800 0 0 0 0 0 1 0
     47280      47520 1 0 0 0 0 0 0
     47280      47460 1 1 1 1 1 0 0
     47280      47460 1 0 0 0 0 0 0
     47280      47460 0 0 0 1 0 0 0
     47400      47580 0 0 0 0 0 1 0
     47400      47580 0 0 0 0 0 1 0
     48180      48360 1 1 1 1 1 0 0
     48180      48360 0 0 0 1 0 0 0
     48180      48360 1 0 0 0 0 0 0
     48360      48540 0 0 0 0 0 1 0
     48420      48600 0 0 0 0 0 1 0
     49080      49260 1 1 1 1 1 0 0
     49080      49260 0 0 0 1 0 0 0
     49200      49380 0 0 0 0 0 1 0
     49200      49380 0 0 0 0 0 1 0
     49980      50160 1 1 1 1 1 0 0
     49980      50160 0 0 0 1 0 0 0
     50160      50340 0 0 0 0 0 1 0
     50160      50400 0 0 0 0 0 1 0
     50880      51060 1 1 1 1 1 0 0
     51000      51180 0 0 0 0 0 1 0
     51000      51180 0 0 0 0 0 1 0
     51780      51960 1 1 1 1 1 0 0
     51960      52140 0 0 0 0 0 1 0
     52020      52200 0 0 0 0 0 1 0
     52680      52860 1 1 1 1 1 0 0
     52800      52980 0 0 0 0 0 1 0
     52800      52980 0 0 0 0 0 1 0
     53580      53760 1 1 1 1 1 0 0
     53760      54000 0 0 0 0 0 1 0
     53760      53940 0 0 0 0 0 1 0
     54480      54660 1 1 1 1 1 0 0
     54600      54780 0 0 0 0 0 1 0
     54600      54780 0 0 0 0 0 1 0
     55380      55560 1 1 1 1 1 0 0
     55560      55740 0 0 0 0 0 1 0
     55620      55800 0 0 0 0 0 1 0
     56280      56460 1 1 1 1 1 0 0
     56400      56580 0 0 0 0 0 1 0
     56400      56580 0 0 0 0 0 1 0
     57180      57360 1 1 1 1 1 0 0
     57360      57600 0 0 0 0 0 1 0
     57360      57540 0 0 0 0 0 1 0
     58140      58320 1 1 1 1 1 0 0
     58200      58380 0 0 0 0 0 1 0
     58200      58380 0 0 0 0 0 1 0
     58980      59160 1 1 1 1 1 0 0
     59160      59340 0 0 0 0 0 1 0
     59220      59400 0 0 0 0 0 1 0
     59640      59820 1 1 1 1 1 0 0
     60000      60180 0 0 0 0 0 1 0
     60000      60180 0 0 0 0 0 1 0
     60600      60780 1 1 1 1 1 0 0
     60960      61200 0 0 0 0 0 1 0
     60960      61140 0 0 0 0 0 1 0
     61440      61620 1 1 1 1 1 0 0
     61800      61980 0 0 0 0 0 1 0
     61800      61980 0 0 0 0 0 1 0
     62460      62640 1 1 1 1 1 0 0
     62760      62940 0 0 0 0 0 1 0
     62820      63000 0 0 0 0 0 1 0
     63180      63360 1 1 1 1 1 0 0
     63600      63780 0 0 0 0 0 1 0
     63600      63780 0 0 0 0 0 1 0
     63780      63960 1 1 1 1 1 0 0
     64320      64500 1 1 1 1 1 0 0
     64560      64740 0 0 0 0 0 1 0
     64560      64800 0 0 0 0 0 1 0
     64980      65160 1 1 1 1 1 0 0
     65400      65580 0 0 0 0 0 1 0
     65400      65580 0 0 0 0 0 1 0
     65520      65700 1 1 1 1 1 0 0
     66180      66360 1 1 1 1 1 0 0
     66360      66540 0 0 0 0 0 1 0
     66420      66600 0 0 0 0 0 1 0
     66720      66900 1 1 1 1 1 0 0
     67200      67380 0 0 0 0 0 1 0
     67200      67380 0 0 0 0 0 1 0
     67380      67560 1 1 1 1 1 0 0
     67920      68100 1 1 1 1 1 0 0
     68160      68400 0 0 0 0 0 1 0
     68160      68340 0 0 0 0 0 1 0
     68580      68760 1 1 1 1 1 0 0
     69000      69180 0 0 0 0 0 1 0
     69000      69180 0 0 0 0 0 1 0
     69120      69300 1 1 1 1 1 0 0
     69660      69840 1 1 1 1 1 0 0
     69960      70140 0 0 0 0 0 1 0
     70020      70200 0 0 0 0 0 1 0
     70380      70560 1 1 1 1 1 0 0
     70800      70980 0 0 0 0 0 1 0
     70800      70980 0 0 0 0 0 1 0
     71460      71640 1 1 1 1 1 0 0
     71760      71940 0 0 0 0 0 1 0
     71760      72000 0 0 0 0 0 1 0
     72240      72420 1 1 1 1 1 0 0
     72600      72780 0 0 0 0 0 1 0
     72600      72780 0 0 0 0 0 1 0
     73260      73440 1 1 1 1 1 0 0
     73740      73920 0 0 0 0 0 1 0
     74220      74400 1 1 1 1 1 0 0
     74400      74580 0 0 0 0 0 1 0
     74400      74580 0 0 0 0 0 1 0
     75180      75360 1 1 1 1 1 0 0
     75360      75600 0 0 0 0 0 1 0
     75360      75540 0 0 0 0 0 1 0
     76080      76260 1 1 1 1 1 0 0
     76200      76380 0 0 0 0 0 1 0
     76200      76380 0 0 0 1 0 0 0
     76200      76380 0 0 0 0 0 1 0
     76980      77160 1 1 1 1 1 0 0
     77160      77340 0 0 0 0 0 1 0
     77220      77400 0 0 0 0 0 1 0
     77880      78060 1 1 1 1 1 0 0
     78000      78180 0 0 0 0 0 1 0
     78000      78180 0 0 0 0 0 1 0
     78780      78960 0 0 0 0 0 1 0
     78780      78960 0 0 0 0 0 1 0
     78780      78960 1 1 0 1 0 0 0
     78780      78960 1 1 1 1 1 0 0
     79680      79860 1 1 1 1 1 0 0
     80580      80760 1 1 0 1 0 0 0
     80580      80760 0 0 0 0 0 1 0
     80580      80760 0 0 0 0 0 1 0
     80580      80760 0 0 0 0 1 0 0
     80580      80760 1 1 1 1 1 0 0
     81480      81660 1 1 0 1 0 0 0
     81480      81660 1 1 1 1 1 0 0
     82380      82560 0 0 0 0 0 1 0
     82380      82560 0 0 0 0 0 1 0
     84180      84360 0 0 0 0 0 1 0
     84180      84360 0 0 0 0 0 1 0
     85080      85260 1 1 1 1 1 0 0
     85080      85260 1 1 0 1 0 0 0
     85980      86160 0 0 0 0 0 1 0
     85980      86160 0 0 0 0 0 1 0
255
