       900       1080 1 1 0 1 0 0 0
       900       1080 1 1 1 1 0 0 0
       900       1080 0 0 0 1 0 0 0
       900       1080 1 1 1 1 0 0 0
       900       1080 0 0 1 0 1 0 0
      2700       2880 1 1 1 1 1 0 0
      2700       2880 1 1 0 1 0 0 0
     20700      20880 1 1 1 1 1 0 0
     22500      22680 1 1 1 1 1 0 0
     37800      37980 1 1 1 1 1 0 0
     38700      38880 1 1 1 1 1 0 0
     38700      38880 0 0 0 1 0 0 0
     40500      40680 0 0 0 1 0 0 0
     40500      40680 1 0 0 0 0 0 0
     40500      40680 1 1 1 1 1 0 0
     42300      42480 1 1 1 1 1 0 0
     42300      42480 1 0 0 0 0 0 0
     42300      42480 0 0 0 1 0 0 0
     44100      44280 1 0 0 0 0 0 0
     44100      44280 1 1 1 1 1 0 0
     44100      44280 0 0 0 1 0 0 0
     45900      46080 0 0 0 1 0 0 0
     45900      46080 1 1 1 1 1 0 0
     47700      47880 1 1 1 1 1 0 0
     49500      49680 1 1 1 1 1 0 0
     51300      51480 1 1 1 1 1 0 0
     53100      53280 1 1 1 1 1 0 0
     54900      55080 1 1 1 1 1 0 0
     56700      56880 1 1 1 1 1 0 0
     58500      58680 1 1 1 1 1 0 0
     70200      70380 1 1 1 1 1 0 0
     74700      74880 1 1 1 1 1 0 0
     76500      76680 1 1 1 1 1 0 0
     78300      78480 1 1 1 1 1 0 0
     78300      78480 1 1 0 1 0 0 0
     78480      78720 0 0 0 0 0 1 0
     78540      78720 0 0 0 0 0 1 0
     80100      80280 1 1 1 1 1 0 0
     80100      80280 1 1 0 1 0 0 0
     81900      82080 1 1 0 1 0 0 0
     81900      82080 1 1 1 1 1 0 0
     83700      83880 1 1 1 1 1 0 0
     83700      83880 1 1 0 1 0 0 0
     85500      85680 1 1 1 1 1 0 0
     85500      85680 1 1 0 1 0 0 0
45
