       900       1020 0 0 0 0 0 1 0
       900       1020 0 0 0 0 0 1 0
      2820       2940 0 0 0 0 0 1 0
      2820       2940 0 0 0 0 0 1 0
      3840       3960 0 0 0 0 0 1 0
      3840       3960 0 0 0 0 0 1 0
      3840       3960 0 0 0 0 0 1 0
      4680       4800 1 1 1 1 0 0 0
      4680       4800 1 1 1 1 1 0 0
      4680       4800 1 1 0 1 0 0 0
      6420       6540 0 0 0 0 0 1 0
      6420       6540 0 0 0 0 0 1 0
      6660       6780 0 0 1 0 1 0 0
     18720      18840 1 1 1 1 1 0 0
     19200      19320 0 0 0 0 0 1 0
     22800      22980 0 0 0 0 0 1 0
     22800      22920 0 0 0 0 0 1 0
     24480      24600 1 1 1 1 1 0 0
     24600      24780 0 0 0 0 0 1 0
     24600      24720 0 0 0 0 0 1 0
     25200      25380 1 1 1 1 1 0 0
     25680      25800 1 1 1 1 1 0 0
     26400      26580 0 0 0 0 0 1 0
     26400      26520 0 0 0 0 0 1 0
     28080      28200 1 1 1 1 1 0 0
     28200      28320 0 0 0 0 0 1 0
     28200      28380 0 0 0 0 0 1 0
     29340      29460 1 1 1 1 1 0 0
     30000      30180 0 0 0 0 0 1 0
     30000      30120 0 0 0 0 0 1 0
     30660      30780 1 1 1 1 1 0 0
     31800      31920 0 0 0 0 0 1 0
     31800      31980 0 0 0 0 0 1 0
     31980      32100 1 1 1 1 1 0 0
     33180      33300 1 1 1 1 1 0 0
     33600      33720 0 0 0 0 0 1 0
     33600      33780 0 0 0 0 0 1 0
     34980      35100 1 1 1 1 1 0 0
     35580      35700 0 0 0 0 0 1 0
     35580      35700 0 0 0 0 0 1 0
     36780      36900 1 1 1 1 1 0 0
     37380      37500 0 0 0 0 0 1 0
     37440      37560 0 0 0 0 0 1 0
     39180      39300 0 0 0 0 0 1 0
     39180      39300 0 0 0 0 0 1 0
     40980      41100 0 0 0 0 0 1 0
     40980      41100 0 0 0 0 0 0 0
     40980      41100 0 0 0 0 0 1 0
     42780      42900 0 0 0 0 0 1 0
     42780      42900 0 0 0 0 0 1 0
     44580      44700 0 0 0 0 0 1 0
     44580      44700 0 0 0 0 0 1 0
     46380      46500 0 0 0 0 0 1 0
     46380      46500 0 0 0 0 0 1 0
     48180      48300 0 0 0 0 0 1 0
     48180      48300 0 0 0 0 0 1 0
     49980      50100 0 0 0 0 0 1 0
     49980      50100 0 0 0 0 0 1 0
     51780      51900 0 0 0 0 0 1 0
     51780      51900 0 0 0 0 0 1 0
     53580      53700 0 0 0 0 0 1 0
     53580      53700 0 0 0 0 0 1 0
     55380      55500 0 0 0 0 0 1 0
     55380      55500 0 0 0 0 0 1 0
     57180      57300 0 0 0 0 0 1 0
     57180      57300 0 0 0 0 0 1 0
     58980      59100 0 0 0 0 0 1 0
     58980      59100 0 0 0 0 0 1 0
     60000      60120 1 1 1 1 1 0 0
     60780      60900 0 0 0 0 0 1 0
     60780      60900 0 0 0 0 0 1 0
     61800      61920 1 1 1 1 1 0 0
     62580      62700 0 0 0 0 0 1 0
     62580      62700 0 0 0 0 0 1 0
     63360      63480 1 1 1 1 1 0 0
     64380      64500 0 0 0 0 0 1 0
     64440      64560 0 0 0 0 0 1 0
     65340      65460 1 1 1 1 1 0 0
     66180      66300 0 0 0 0 0 1 0
     66240      66360 0 0 0 0 0 1 0
     66540      66660 1 1 1 1 1 0 0
     67980      68100 0 0 0 0 0 1 0
     67980      68100 0 0 0 0 0 1 0
     68940      69060 1 1 1 1 1 0 0
     69780      69900 0 0 0 0 0 1 0
     69780      69900 0 0 0 0 0 1 0
     69840      69960 1 1 1 1 1 0 0
     71580      71700 0 0 0 0 0 1 0
     71580      71700 0 0 0 0 0 1 0
     72600      72720 1 1 1 1 1 0 0
     73380      73500 0 0 0 0 0 1 0
     73380      73500 0 0 0 0 0 1 0
     73620      73740 1 1 1 1 1 0 0
     75180      75300 0 0 0 0 0 1 0
     75180      75300 0 0 0 0 0 1 0
     76980      77100 0 0 0 0 0 1 0
     76980      77100 0 0 0 0 0 1 0
     80100      80220 0 0 0 0 0 1 0
     80100      80220 0 0 0 0 0 1 0
     81900      82020 0 0 0 0 0 1 0
     81900      82020 0 0 0 0 0 1 0
     83700      83820 0 0 0 0 0 1 0
     83700      83820 0 0 0 0 0 1 0
     85500      85620 0 0 0 0 0 1 0
     85500      85620 0 0 0 0 0 1 0
105
