       360        480 0 0 1 0 1 0 0
      2160       2280 1 1 0 1 0 0 0
      2160       2280 1 1 1 1 0 0 0
      2160       2280 0 0 0 1 0 0 0
      2160       2280 1 1 1 1 1 0 0
      2640       2760 0 0 0 0 0 0 0
      2640       2760 0 0 0 0 0 1 0
      2640       2760 0 0 0 0 0 1 0
      6120       6300 0 0 0 0 0 1 0
      6120       6300 0 0 0 0 0 0 0
      6960       7080 1 1 0 1 0 0 0
      6960       7080 1 1 1 1 0 0 0
      6960       7080 1 1 1 1 1 0 0
      9360       9480 0 0 1 0 1 0 0
      9720       9840 0 0 0 0 0 1 0
     14760      14880 1 1 1 1 1 0 0
     16560      16680 1 1 1 1 1 0 0
     17280      17460 0 0 0 0 0 1 0
     17280      17460 0 0 0 0 0 1 0
     18360      18480 1 1 1 1 1 0 0
     19080      19260 0 0 0 0 0 1 0
     19080      19260 0 0 0 0 0 1 0
     20100      20220 1 1 1 1 1 0 0
     20880      21060 0 0 0 0 0 1 0
     20880      21060 0 0 0 0 0 1 0
     21900      22020 1 1 1 1 1 0 0
     22680      22860 0 0 0 0 0 1 0
     22680      22860 0 0 0 0 0 1 0
     23700      23820 1 1 1 1 1 0 0
     24480      24660 0 0 0 0 0 1 0
     24480      24660 0 0 0 0 0 1 0
     25500      25680 1 1 1 1 1 0 0
     26280      26460 0 0 0 0 0 1 0
     26280      26460 0 0 0 0 0 1 0
     26700      26820 1 1 1 1 1 0 0
     27900      28020 1 1 1 1 1 0 0
     28200      28320 0 0 0 0 0 1 0
     28200      28320 0 0 0 0 0 1 0
     29100      29280 1 1 1 1 1 0 0
     30000      30120 0 0 0 0 0 1 0
     30000      30120 0 0 0 0 0 1 0
     30300      30420 1 1 1 1 1 0 0
     31500      31620 1 1 1 1 1 0 0
     31800      31920 0 0 0 0 0 1 0
     31800      31920 0 0 0 0 0 1 0
     32700      32820 1 1 1 1 1 0 0
     33600      33720 0 0 0 0 0 1 0
     33600      33720 0 0 0 0 0 1 0
     34560      34680 1 1 1 1 1 0 0
     35400      35520 0 0 0 0 0 1 0
     35400      35520 0 0 0 0 0 1 0
     36360      36480 1 1 1 1 1 0 0
     37200      37320 0 0 0 0 0 1 0
     37200      37320 0 0 0 0 0 1 0
     38160      38280 1 0 0 0 0 0 0
     38160      38280 1 1 1 1 1 0 0
     38160      38280 0 0 0 1 0 0 0
     39000      39120 0 0 0 0 0 1 0
     39000      39120 0 0 0 0 0 1 0
     39960      40080 0 0 0 1 0 0 0
     39960      40080 1 1 1 1 1 0 0
     39960      40080 1 0 0 0 0 0 0
     39960      40080 1 0 0 0 0 0 0
     40800      40920 0 0 0 0 0 1 0
     40800      40920 0 0 0 0 0 1 0
     41760      41880 1 0 0 0 0 0 0
     41760      41880 1 1 1 1 1 0 0
     41760      41880 1 0 0 0 0 0 0
     41760      41880 0 0 0 1 0 0 0
     42600      42720 0 0 0 0 0 1 0
     42600      42720 0 0 0 0 0 1 0
     43560      43680 0 0 0 1 0 0 0
     43560      43680 1 0 0 0 0 0 0
     43560      43680 1 1 1 1 1 0 0
     43560      43680 1 0 0 0 0 0 0
     44400      44520 0 0 0 0 0 1 0
     44400      44520 0 0 0 0 0 1 0
     45360      45480 0 0 0 1 0 0 0
     45360      45480 1 1 1 1 1 0 0
     46200      46320 0 0 0 0 0 1 0
     46200      46320 0 0 0 0 0 1 0
     47160      47280 0 0 0 1 0 0 0
     47160      47280 1 1 1 1 1 0 0
     48000      48120 0 0 0 0 0 1 0
     48000      48120 0 0 0 0 0 1 0
     48960      49080 1 1 1 1 1 0 0
     49800      49920 0 0 0 0 0 1 0
     49800      49920 0 0 0 0 0 1 0
     50760      50880 1 1 1 1 1 0 0
     51600      51720 0 0 0 0 0 1 0
     51600      51720 0 0 0 0 0 1 0
     52560      52680 1 1 1 1 1 0 0
     53400      53520 0 0 0 0 0 1 0
     53400      53520 0 0 0 0 0 1 0
     54720      54840 1 1 1 1 1 0 0
     55200      55320 0 0 0 0 0 1 0
     55200      55320 0 0 0 0 0 1 0
     56520      56640 1 1 1 1 1 0 0
     57000      57120 0 0 0 0 0 1 0
     57000      57120 0 0 0 0 0 1 0
     58320      58440 1 1 1 1 1 0 0
     58800      58920 0 0 0 0 0 1 0
     58800      58920 0 0 0 0 0 1 0
     60120      60240 1 1 1 1 1 0 0
     60600      60720 0 0 0 0 0 1 0
     60600      60720 0 0 0 0 0 1 0
     61920      62040 1 1 1 1 1 0 0
     62400      62520 0 0 0 0 0 1 0
     62400      62520 0 0 0 0 0 1 0
     63720      63840 1 1 1 1 1 0 0
     64200      64320 0 0 0 0 0 1 0
     64200      64320 0 0 0 0 0 1 0
     65520      65640 1 1 1 1 1 0 0
     66000      66120 0 0 0 0 0 1 0
     66000      66120 0 0 0 0 0 1 0
     67320      67440 1 1 1 1 1 0 0
     67800      67920 0 0 0 0 0 1 0
     67800      67920 0 0 0 0 0 1 0
     68760      68880 1 1 1 1 1 0 0
     69600      69720 0 0 0 0 0 1 0
     69600      69720 0 0 0 0 0 1 0
     70560      70680 1 1 1 1 1 0 0
     71400      71520 0 0 0 0 0 1 0
     71400      71520 0 0 0 0 0 1 0
     72360      72480 1 1 1 1 1 0 0
     72720      72900 0 0 0 0 0 1 0
     72720      72900 0 0 0 0 0 1 0
     74160      74280 1 1 1 1 1 0 0
     74520      74700 0 0 0 0 0 1 0
     74520      74700 0 0 0 0 0 1 0
     75960      76080 1 1 1 1 1 0 0
     76320      76500 0 0 0 0 0 1 0
     76320      76500 0 0 0 0 0 1 0
     77760      77880 1 1 0 1 0 0 0
     77760      77880 1 1 1 1 1 0 0
     78120      78300 0 0 0 0 0 1 0
     78120      78300 0 0 0 0 0 1 0
     79560      79680 0 0 0 1 0 0 0
     79560      79680 1 1 1 1 1 0 0
     79560      79680 1 1 1 1 0 0 0
     79920      80100 0 0 0 0 0 1 0
     79920      80100 0 0 0 0 0 1 0
     81360      81480 1 1 0 1 0 0 0
     81360      81480 1 1 1 1 1 0 0
     81720      81900 0 0 0 0 0 1 0
     81720      81900 0 0 0 0 0 1 0
     83160      83280 1 1 0 1 0 0 0
     83160      83280 1 1 1 1 1 0 0
     83160      83280 0 0 0 1 0 0 0
     83520      83700 0 0 0 0 0 1 0
     83520      83700 0 0 0 0 0 1 0
     84960      85080 1 1 1 1 1 0 0
     84960      85080 1 1 0 1 0 0 0
     85320      85500 0 0 0 0 0 0 0
     85320      85500 0 0 0 0 0 1 0
     85320      85500 0 0 0 0 0 1 0
156
