     36000      36780 0 0 0 0 0 1 0
     36000      36780 0 0 0 0 0 1 0
     36060      36780 0 0 0 0 0 1 0
     39600      40380 0 0 0 0 0 1 0
     39600      40380 0 0 0 0 0 1 0
     39660      40380 0 0 0 0 0 1 0
     43260      43980 0 0 0 0 0 1 0
     46800      47580 0 0 0 0 0 1 0
     46800      47580 0 0 0 0 0 1 0
     46860      47580 0 0 0 0 0 1 0
     50400      51180 0 0 0 0 0 1 0
     50400      51180 0 0 0 0 0 1 0
     50460      51180 0 0 0 0 0 1 0
     54000      54780 0 0 0 0 0 1 0
     54000      54780 0 0 0 0 0 1 0
     54060      54780 0 0 0 0 0 1 0
     57600      58380 0 0 0 0 0 1 0
     57600      58380 0 0 0 0 0 1 0
     57660      58380 0 0 0 0 0 1 0
     59460      60240 0 0 0 0 0 1 0
     59460      60240 0 0 0 0 0 1 0
     61200      61980 0 0 0 0 0 1 0
     61200      61980 0 0 0 0 0 1 0
     61260      61980 0 0 0 0 0 1 0
     64800      65580 0 0 0 0 0 1 0
     64800      65580 0 0 0 0 0 1 0
     64860      65580 0 0 0 0 0 1 0
     71940      72660 0 0 0 0 0 1 0
     71940      72660 0 0 0 0 0 1 0
     71940      72660 0 0 0 0 0 1 0
     75540      76260 0 0 0 0 0 1 0
     75540      76260 0 0 0 0 0 1 0
     75540      76260 0 0 0 0 0 1 0
33
