       420        540 0 0 0 0 0 1 0
       420        540 0 0 0 0 0 0 0
       420        540 0 0 0 0 0 1 0
      2220       2340 0 0 0 0 0 1 0
      2220       2340 0 0 0 0 0 1 0
      2220       2340 0 0 0 0 0 0 0
      2340       2460 1 1 1 1 1 0 0
      2340       2460 1 1 0 1 0 0 0
      2340       2460 0 0 0 1 0 0 0
      2340       2460 1 1 1 1 0 0 0
      4920       5040 0 0 0 0 0 1 0
      6360       6480 0 0 0 0 0 1 0
      6360       6480 0 0 0 0 0 0 0
      7140       7260 1 1 1 1 0 0 0
      7140       7260 1 1 1 1 1 0 0
      7140       7260 1 1 0 1 0 0 0
      9540       9660 0 0 1 0 1 0 0
      9900      10020 0 0 0 0 0 1 0
     15540      15660 1 1 1 1 1 0 0
     16920      17040 0 0 0 0 0 1 0
     16920      17040 0 0 0 0 0 1 0
     17520      17640 0 0 0 0 0 1 0
     17520      17640 0 0 0 0 0 1 0
     18720      18840 0 0 0 0 0 1 0
     18720      18840 0 0 0 0 0 1 0
     19140      19260 1 1 1 1 1 0 0
     19320      19440 0 0 0 0 0 1 0
     19320      19440 0 0 0 0 0 1 0
     20280      20400 1 1 1 1 1 0 0
     20520      20640 0 0 0 0 0 1 0
     20520      20640 0 0 0 0 0 1 0
     21120      21240 0 0 0 0 0 1 0
     21120      21240 0 0 0 0 0 1 0
     22080      22200 1 1 1 1 1 0 0
     22320      22440 0 0 0 0 0 1 0
     22320      22440 0 0 0 0 0 1 0
     22920      23040 0 0 0 0 0 1 0
     22920      23040 0 0 0 0 0 1 0
     23580      23700 1 1 1 1 1 0 0
     23880      24000 1 1 1 1 1 0 0
     24120      24240 0 0 0 0 0 1 0
     24120      24240 0 0 0 0 0 1 0
     24240      24360 1 1 1 1 1 0 0
     24720      24840 0 0 0 0 0 1 0
     24720      24840 0 0 0 0 0 1 0
     24960      25080 1 1 1 1 1 0 0
     25680      25800 1 1 1 1 1 0 0
     25920      26040 0 0 0 0 0 1 0
     25920      26040 0 0 0 0 0 1 0
     26160      26280 1 1 1 1 1 0 0
     26520      26640 0 0 0 0 0 1 0
     26520      26640 0 0 0 0 0 1 0
     26880      27000 1 1 1 1 1 0 0
     27300      27420 0 0 0 0 0 1 0
     27300      27420 0 0 0 0 0 1 0
     27360      27480 1 1 1 1 1 0 0
     28080      28200 1 1 1 1 1 0 0
     28380      28500 0 0 0 0 0 1 0
     28380      28500 0 0 0 0 0 1 0
     28560      28680 1 1 1 1 1 0 0
     29100      29220 0 0 0 0 0 1 0
     29100      29220 0 0 0 0 0 1 0
     29280      29400 1 1 1 1 1 0 0
     29760      29880 1 1 1 1 1 0 0
     30180      30300 0 0 0 0 0 1 0
     30180      30300 0 0 0 0 0 1 0
     30480      30600 1 1 1 1 1 0 0
     30900      31020 0 0 0 0 0 1 0
     30900      31020 0 0 0 0 0 1 0
     30960      31080 1 1 1 1 1 0 0
     31680      31800 1 1 1 1 1 0 0
     31980      32100 0 0 0 0 0 1 0
     31980      32100 0 0 0 0 0 1 0
     32160      32280 1 1 1 1 1 0 0
     32700      32820 0 0 0 0 0 1 0
     32700      32820 0 0 0 0 0 1 0
     32880      33000 1 1 1 1 1 0 0
     33540      33660 1 1 1 1 1 0 0
     33780      33900 0 0 0 0 0 1 0
     33780      33900 0 0 0 0 0 1 0
     34440      34560 1 1 1 1 1 0 0
     34500      34620 0 0 0 0 0 1 0
     34500      34620 0 0 0 0 0 1 0
     35340      35460 1 1 1 1 1 0 0
     35580      35700 0 0 0 0 0 1 0
     35580      35700 0 0 0 0 0 1 0
     36240      36360 1 1 1 1 1 0 0
     36300      36420 0 0 0 0 0 1 0
     36300      36420 0 0 0 0 0 1 0
     37140      37260 1 1 1 1 1 0 0
     37380      37500 0 0 0 0 0 1 0
     37380      37500 0 0 0 0 0 1 0
     38100      38220 0 0 0 0 0 1 0
     38100      38220 0 0 0 0 0 1 0
     39180      39300 0 0 0 0 0 1 0
     39180      39300 0 0 0 0 0 1 0
     39840      39960 1 0 0 0 0 0 0
     39840      39960 1 0 0 0 0 0 0
     39840      39960 1 1 1 1 1 0 0
     39840      39960 0 0 0 0 1 0 0
     39900      40020 0 0 0 0 0 1 0
     39900      40020 0 0 0 0 0 1 0
     40980      41100 0 0 0 0 0 1 0
     40980      41100 0 0 0 0 0 1 0
     41640      41760 1 1 1 1 1 0 0
     41640      41760 0 0 0 0 1 0 0
     41640      41760 1 0 0 0 0 0 0
     41700      41820 0 0 0 0 0 1 0
     41700      41820 0 0 0 0 0 1 0
     42780      42900 0 0 0 0 0 1 0
     42780      42900 0 0 0 0 0 1 0
     43440      43560 1 0 0 0 0 0 0
     43440      43560 0 0 0 1 0 0 0
     43440      43560 1 0 0 0 0 0 0
     43440      43560 1 1 1 1 1 0 0
     43440      43560 0 0 0 0 1 0 0
     43500      43620 0 0 0 0 0 1 0
     43500      43620 0 0 0 0 0 1 0
     44580      44700 0 0 0 0 0 1 0
     44580      44700 0 0 0 0 0 1 0
     45240      45360 1 0 0 0 0 0 0
     45240      45360 0 0 0 1 0 0 0
     45240      45360 1 1 1 1 1 0 0
     45300      45420 0 0 0 0 0 1 0
     45300      45420 0 0 0 0 0 1 0
     46380      46500 0 0 0 0 0 1 0
     46380      46500 0 0 0 0 0 1 0
     47040      47160 1 1 1 1 1 0 0
     47040      47160 0 0 0 1 0 0 0
     47100      47220 0 0 0 0 0 1 0
     47100      47220 0 0 0 0 0 1 0
     48180      48300 0 0 0 0 0 1 0
     48180      48300 0 0 0 0 0 1 0
     48840      48960 1 1 1 1 1 0 0
     48900      49020 0 0 0 0 0 1 0
     48900      49020 0 0 0 0 0 1 0
     49980      50100 0 0 0 0 0 1 0
     49980      50100 0 0 0 0 0 1 0
     50640      50760 1 1 1 1 1 0 0
     50700      50820 0 0 0 0 0 1 0
     50700      50820 0 0 0 0 0 1 0
     51780      51900 0 0 0 0 0 1 0
     51780      51900 0 0 0 0 0 1 0
     52440      52560 1 1 1 1 1 0 0
     52500      52620 0 0 0 0 0 1 0
     52500      52620 0 0 0 0 0 1 0
     53580      53700 0 0 0 0 0 1 0
     53580      53700 0 0 0 0 0 1 0
     54240      54360 1 1 1 1 1 0 0
     54300      54420 0 0 0 0 0 1 0
     54300      54420 0 0 0 0 0 1 0
     55380      55500 0 0 0 0 0 1 0
     55380      55500 0 0 0 0 0 1 0
     56040      56160 1 1 1 1 1 0 0
     56100      56220 0 0 0 0 0 1 0
     56100      56220 0 0 0 0 0 1 0
     57180      57300 0 0 0 0 0 1 0
     57180      57300 0 0 0 0 0 1 0
     57840      57960 1 1 1 1 1 0 0
     57900      58020 0 0 0 0 0 1 0
     57900      58020 0 0 0 0 0 1 0
     58980      59100 0 0 0 0 0 1 0
     58980      59100 0 0 0 0 0 1 0
     59640      59760 1 1 1 1 1 0 0
     59700      59820 0 0 0 0 0 1 0
     59700      59820 0 0 0 0 0 1 0
     60480      60600 1 1 1 1 1 0 0
     60660      60780 1 1 1 1 1 0 0
     60780      60900 0 0 0 0 0 1 0
     60780      60900 0 0 0 0 0 1 0
     61440      61560 1 1 1 1 1 0 0
     61500      61620 0 0 0 0 0 1 0
     61500      61620 0 0 0 0 0 1 0
     62460      62580 1 1 1 1 1 0 0
     62580      62700 0 0 0 0 0 1 0
     62580      62700 0 0 0 0 0 1 0
     63240      63360 1 1 1 1 1 0 0
     63300      63420 0 0 0 0 0 1 0
     63300      63420 0 0 0 0 0 1 0
     64200      64320 1 1 1 1 1 0 0
     64380      64500 0 0 0 0 0 1 0
     64380      64500 0 0 0 0 0 1 0
     65040      65160 1 1 1 1 1 0 0
     65100      65220 0 0 0 0 0 1 0
     65100      65220 0 0 0 0 0 1 0
     66000      66120 1 1 1 1 1 0 0
     66180      66300 0 0 0 0 0 1 0
     66180      66300 0 0 0 0 0 1 0
     66840      66960 1 1 1 1 1 0 0
     66900      67020 0 0 0 0 0 1 0
     66900      67020 0 0 0 0 0 1 0
     67740      67860 1 1 1 1 1 0 0
     67980      68100 0 0 0 0 0 1 0
     67980      68100 0 0 0 0 0 1 0
     68640      68760 1 1 1 1 1 0 0
     68700      68820 0 0 0 0 0 1 0
     68700      68820 0 0 0 0 0 1 0
     69540      69660 1 1 1 1 1 0 0
     69780      69900 0 0 0 0 0 1 0
     69780      69900 0 0 0 0 0 1 0
     70500      70620 0 0 0 0 0 1 0
     70500      70620 0 0 0 0 0 1 0
     71220      71340 0 0 0 0 0 1 0
     71220      71340 0 0 0 0 0 1 0
     71340      71460 1 1 1 1 1 0 0
     71580      71700 0 0 0 0 0 1 0
     71580      71700 0 0 0 0 0 1 0
     72240      72360 1 1 1 1 1 0 0
     72420      72540 0 0 0 0 0 1 0
     72420      72540 0 0 0 0 0 1 0
     72960      73080 0 0 0 0 0 1 0
     72960      73080 0 0 0 0 0 1 0
     73140      73260 1 1 1 1 1 0 0
     74040      74160 1 1 1 1 1 0 0
     74220      74340 0 0 0 0 0 1 0
     74220      74340 0 0 0 0 0 1 0
     74760      74880 0 0 0 0 0 1 0
     74760      74880 0 0 0 0 0 1 0
     75840      75960 1 1 1 1 1 0 0
     75840      75960 0 0 0 1 0 0 0
     76020      76140 0 0 0 0 0 1 0
     76020      76140 0 0 0 0 0 1 0
     76560      76680 0 0 0 0 0 1 0
     76560      76680 0 0 0 0 0 1 0
     77640      77760 1 1 1 1 1 0 0
     77820      77940 0 0 0 0 0 1 0
     77820      77940 0 0 0 0 0 1 0
     78360      78480 0 0 0 0 0 1 0
     78360      78480 0 0 0 0 0 1 0
     79620      79740 0 0 0 0 0 1 0
     79620      79740 0 0 0 0 0 1 0
     80160      80280 0 0 0 0 0 1 0
     80160      80280 0 0 0 0 0 1 0
     81420      81540 0 0 0 0 0 1 0
     81420      81540 0 0 0 0 0 1 0
     81960      82080 0 0 0 0 0 1 0
     81960      82080 0 0 0 0 0 1 0
     83220      83340 0 0 0 0 0 1 0
     83220      83340 0 0 0 0 0 1 0
     83760      83880 0 0 0 0 0 1 0
     83760      83880 0 0 0 0 0 1 0
     85020      85140 0 0 0 0 0 1 0
     85020      85140 0 0 0 0 0 1 0
     85560      85680 0 0 0 0 0 1 0
     85560      85680 0 0 0 0 0 1 0
     85560      85680 0 0 0 0 0 0 0
246
