       120        360 0 0 0 0 0 0 0
       120        360 0 0 0 0 0 1 0
       120        360 0 0 0 0 0 1 0
      1920       2160 0 0 0 0 0 1 0
      1920       2160 0 0 0 0 0 0 0
      1920       2160 0 0 0 0 0 1 0
      4620       4860 0 0 0 0 0 1 0
     15300      15480 1 1 1 1 1 0 0
     16620      16860 0 0 0 0 0 1 0
     16620      16860 0 0 0 0 0 1 0
     18420      18660 0 0 0 0 0 1 0
     18420      18660 0 0 0 0 0 1 0
     18900      19080 1 1 1 1 1 0 0
     20220      20460 0 0 0 0 0 1 0
     20220      20460 0 0 0 0 0 1 0
     22020      22260 0 0 0 0 0 1 0
     22020      22260 0 0 0 0 0 1 0
     23340      23520 1 1 1 1 1 0 0
     23820      24060 0 0 0 0 0 1 0
     23820      24060 0 0 0 0 0 1 0
     24000      24180 1 1 1 1 1 0 0
     24720      24900 1 1 1 1 1 0 0
     25260      25440 1 1 1 1 1 0 0
     25620      25860 0 0 0 0 0 1 0
     25620      25860 0 0 0 0 0 1 0
     25920      26100 1 1 1 1 1 0 0
     26460      26640 1 1 1 1 1 0 0
     27000      27240 0 0 0 0 0 1 0
     27000      27240 0 0 0 0 0 1 0
     27120      27300 1 1 1 1 1 0 0
     27660      27840 1 1 1 1 1 0 0
     27840      28080 0 0 0 0 0 1 0
     27840      28080 0 0 0 0 0 1 0
     28320      28560 1 1 1 1 1 0 0
     28800      29040 0 0 0 0 0 1 0
     28800      29040 0 0 0 0 0 1 0
     28860      29040 1 1 1 1 1 0 0
     29520      29700 1 1 1 1 1 0 0
     29640      29880 0 0 0 0 0 1 0
     29640      29880 0 0 0 0 0 1 0
     30060      30240 1 1 1 1 1 0 0
     30600      30840 0 0 0 0 0 1 0
     30600      30840 0 0 0 0 0 1 0
     30720      30900 1 1 1 1 1 0 0
     31260      31440 1 1 1 1 1 0 0
     31440      31680 0 0 0 0 0 1 0
     31440      31680 0 0 0 0 0 1 0
     31920      32100 1 1 1 1 1 0 0
     32400      32640 0 0 0 0 0 1 0
     32400      32640 0 0 0 0 0 1 0
     32460      32640 1 1 1 1 1 0 0
     33240      33480 0 0 0 0 0 1 0
     33240      33480 0 0 0 0 0 1 0
     33300      33480 1 1 1 1 1 0 0
     34200      34380 1 1 1 1 1 0 0
     34200      34440 0 0 0 0 0 1 0
     34200      34440 0 0 0 0 0 1 0
     35040      35280 0 0 0 0 0 1 0
     35040      35280 0 0 0 0 0 1 0
     35100      35280 1 1 1 1 1 0 0
     36000      36240 0 0 0 0 0 1 0
     36000      36240 0 0 0 0 0 1 0
     36000      36180 1 1 1 1 1 0 0
     36840      37080 0 0 0 0 0 1 0
     36840      37080 0 0 0 0 0 1 0
     36900      37080 1 1 1 1 1 0 0
     37800      38040 0 0 0 0 0 1 0
     37800      38040 0 0 0 0 0 1 0
     38640      38880 0 0 0 0 0 1 0
     38640      38880 0 0 0 0 0 1 0
     39600      39780 0 0 0 0 1 0 0
     39600      39780 1 1 1 1 1 0 0
     39600      39840 0 0 0 0 0 1 0
     39600      39780 1 0 0 0 0 0 0
     39600      39840 0 0 0 0 0 1 0
     39600      39780 1 0 0 0 0 0 0
     40440      40680 0 0 0 0 0 1 0
     40440      40680 0 0 0 0 0 1 0
     41400      41580 1 0 0 0 0 0 0
     41400      41640 0 0 0 0 0 1 0
     41400      41580 1 1 1 1 1 0 0
     41400      41640 0 0 0 0 0 1 0
     41400      41580 0 0 0 0 1 0 0
     42240      42480 0 0 0 0 0 1 0
     42240      42480 0 0 0 0 0 1 0
     43200      43380 1 0 0 0 0 0 0
     43200      43380 1 0 0 0 0 0 0
     43200      43380 0 0 0 1 0 0 0
     43200      43440 0 0 0 0 0 1 0
     43200      43380 0 0 0 0 1 0 0
     43200      43380 1 1 1 1 1 0 0
     43200      43440 0 0 0 0 0 1 0
     44040      44280 0 0 0 0 0 1 0
     44040      44280 0 0 0 0 0 1 0
     45000      45180 1 1 1 1 1 0 0
     45000      45180 1 0 0 0 0 0 0
     45000      45180 0 0 0 1 0 0 0
     45000      45240 0 0 0 0 0 1 0
     45000      45240 0 0 0 0 0 1 0
     45840      46080 0 0 0 0 0 1 0
     45840      46080 0 0 0 0 0 1 0
     46800      47040 0 0 0 0 0 1 0
     46800      47040 0 0 0 0 0 1 0
     46800      46980 0 0 0 1 0 0 0
     46800      46980 1 1 1 1 1 0 0
     47640      47880 0 0 0 0 0 1 0
     47640      47880 0 0 0 0 0 1 0
     48600      48840 0 0 0 0 0 1 0
     48600      48840 0 0 0 0 0 1 0
     48600      48780 1 1 1 1 1 0 0
     49440      49680 0 0 0 0 0 1 0
     49440      49680 0 0 0 0 0 1 0
     50400      50640 0 0 0 0 0 1 0
     50400      50640 0 0 0 0 0 1 0
     50400      50580 1 1 1 1 1 0 0
     51240      51480 0 0 0 0 0 1 0
     51240      51480 0 0 0 0 0 1 0
     52200      52380 1 1 1 1 1 0 0
     52200      52440 0 0 0 0 0 1 0
     52200      52440 0 0 0 0 0 1 0
     53040      53280 0 0 0 0 0 1 0
     53040      53280 0 0 0 0 0 1 0
     54000      54180 1 1 1 1 1 0 0
     54000      54240 0 0 0 0 0 1 0
     54000      54240 0 0 0 0 0 1 0
     54840      55080 0 0 0 0 0 1 0
     54840      55080 0 0 0 0 0 1 0
     55800      56040 0 0 0 0 0 1 0
     55800      55980 1 1 1 1 1 0 0
     55800      56040 0 0 0 0 0 1 0
     56640      56880 0 0 0 0 0 1 0
     56640      56880 0 0 0 0 0 1 0
     57600      57840 0 0 0 0 0 1 0
     57600      57840 0 0 0 0 0 1 0
     57600      57780 1 1 1 1 1 0 0
     58440      58680 0 0 0 0 0 1 0
     58440      58680 0 0 0 0 0 1 0
     59400      59580 1 1 1 1 1 0 0
     59400      59640 0 0 0 0 0 1 0
     59400      59640 0 0 0 0 0 1 0
     60240      60480 0 0 0 0 0 1 0
     60240      60480 0 0 0 0 0 1 0
     60420      60600 1 1 1 1 1 0 0
     61200      61440 0 0 0 0 0 1 0
     61200      61440 1 1 1 1 1 0 0
     61200      61440 0 0 0 0 0 1 0
     62040      62280 0 0 0 0 0 1 0
     62040      62280 0 0 0 0 0 1 0
     62220      62400 1 1 1 1 1 0 0
     63000      63240 0 0 0 0 0 1 0
     63000      63240 1 1 1 1 1 0 0
     63000      63240 0 0 0 0 0 1 0
     63840      64080 0 0 0 0 0 1 0
     63840      64080 0 0 0 0 0 1 0
     63900      64080 1 1 1 1 1 0 0
     64800      65040 0 0 0 0 0 1 0
     64800      64980 1 1 1 1 1 0 0
     64800      65040 0 0 0 0 0 1 0
     65640      65880 0 0 0 0 0 1 0
     65640      65880 0 0 0 0 0 1 0
     65700      65880 1 1 1 1 1 0 0
     66600      66780 1 1 1 1 1 0 0
     66600      66840 0 0 0 0 0 1 0
     66600      66840 0 0 0 0 0 1 0
     67440      67680 0 0 0 0 0 1 0
     67440      67680 0 0 0 0 0 1 0
     67500      67680 1 1 1 1 1 0 0
     68400      68640 0 0 0 0 0 1 0
     68400      68640 0 0 0 0 0 1 0
     68400      68580 1 1 1 1 1 0 0
     69240      69480 0 0 0 0 0 1 0
     69300      69480 1 1 1 1 1 0 0
     69300      69540 0 0 0 0 0 1 0
     70200      70440 0 0 0 0 0 1 0
     70200      70440 0 0 0 0 0 1 0
     70920      71160 0 0 0 0 0 1 0
     70920      71160 0 0 0 0 0 1 0
     71100      71280 1 1 1 1 1 0 0
     72000      72180 1 1 1 1 1 0 0
     72120      72360 0 0 0 0 0 1 0
     72120      72360 0 0 0 0 0 1 0
     72900      73080 1 1 1 1 1 0 0
     73800      73980 1 1 1 1 1 0 0
     73920      74160 0 0 0 0 0 1 0
     73920      74160 0 0 0 0 0 1 0
     74820      75060 0 0 0 0 0 1 0
     75600      75780 0 0 0 1 0 0 0
     75600      75780 1 1 1 1 1 0 0
     75720      75960 0 0 0 0 0 1 0
     75720      75960 0 0 0 0 0 1 0
     76620      76860 0 0 0 0 0 1 0
     77400      77580 1 1 1 1 1 0 0
     77520      77760 0 0 0 0 0 1 0
     77520      77760 0 0 0 0 0 1 0
     79320      79560 0 0 0 0 0 1 0
     79320      79560 0 0 0 0 0 1 0
     81120      81360 0 0 0 0 0 1 0
     81120      81360 0 0 0 0 0 1 0
     82920      83160 0 0 0 0 0 1 0
     82920      83160 0 0 0 0 0 1 0
     84720      84960 0 0 0 0 0 1 0
     84720      84960 0 0 0 0 0 1 0
202
