      1140       1260 1 1 1 1 0 0 0
      1140       1260 0 0 1 0 1 0 0
      1140       1260 1 1 1 1 0 0 0
      1140       1260 0 0 0 1 0 0 0
      1140       1260 1 1 0 1 0 0 0
      2940       3060 1 1 1 1 1 0 0
      2940       3060 1 1 0 1 0 0 0
     20940      21060 1 1 1 1 1 0 0
     22740      22860 1 1 1 1 1 0 0
     38040      38160 1 1 1 1 1 0 0
     38940      39060 1 1 1 1 1 0 0
     38940      39060 0 0 0 1 0 0 0
     40740      40860 0 0 0 1 0 0 0
     40740      40860 1 0 0 0 0 0 0
     40740      40860 1 1 1 1 1 0 0
     42540      42660 1 1 1 1 1 0 0
     42540      42660 1 0 0 0 0 0 0
     42540      42660 0 0 0 1 0 0 0
     44340      44460 0 0 0 1 0 0 0
     44340      44460 1 0 0 0 0 0 0
     44340      44460 1 1 1 1 1 0 0
     46140      46260 1 1 1 1 1 0 0
     46140      46260 0 0 0 1 0 0 0
     47940      48060 1 1 1 1 1 0 0
     49740      49860 1 1 1 1 1 0 0
     51540      51660 1 1 1 1 1 0 0
     53340      53460 1 1 1 1 1 0 0
     55140      55260 1 1 1 1 1 0 0
     56940      57060 1 1 1 1 1 0 0
     58800      58920 1 1 1 1 1 0 0
     70440      70560 1 1 1 1 1 0 0
     74940      75060 1 1 1 1 1 0 0
     76740      76860 1 1 1 1 1 0 0
     78540      78660 1 1 0 1 0 0 0
     78540      78660 1 1 1 1 1 0 0
     80340      80460 1 1 1 1 1 0 0
     80340      80460 1 1 0 1 0 0 0
     82140      82260 1 1 1 1 1 0 0
     82140      82260 1 1 0 1 0 0 0
     83940      84060 1 1 1 1 1 0 0
     83940      84060 1 1 0 1 0 0 0
     85740      85860 1 1 0 1 0 0 0
     85740      85860 1 1 1 1 1 0 0
43
