       660        780 1 1 0 1 0 0 0
       660        780 1 1 1 1 1 0 0
      1560       1680 0 0 0 0 0 1 0
      1560       1680 0 0 0 0 0 1 0
      2460       2580 1 1 1 1 1 0 0
      2460       2580 1 1 0 1 0 0 0
      3780       3900 0 0 0 0 0 1 0
      3780       3900 0 0 0 0 0 1 0
      4260       4380 1 1 1 1 1 0 0
      4260       4380 1 1 0 1 0 0 0
      4320       4440 0 0 0 1 0 0 0
      5580       5700 0 0 0 0 0 1 0
      5580       5700 0 0 0 0 0 1 0
      6240       6360 1 1 0 1 0 0 0
      6240       6360 1 1 1 1 1 0 0
      7380       7500 0 0 0 0 0 1 0
      7380       7500 0 0 0 0 0 1 0
      8100       8220 0 0 1 0 1 0 0
      8460       8580 0 0 0 0 0 1 0
      8460       8580 0 0 0 0 0 1 0
      9300       9420 0 0 1 0 1 0 0
     16860      16980 1 1 1 1 1 0 0
     18060      18180 0 0 0 0 0 1 0
     18660      18780 1 1 1 1 1 0 0
     19860      19980 0 0 0 0 0 1 0
     20460      20580 1 1 1 1 1 0 0
     21360      21480 1 1 1 1 1 0 0
     21660      21780 0 0 0 0 0 1 0
     21660      21780 0 0 0 0 0 1 0
     22260      22380 1 1 1 1 1 0 0
     23160      23280 1 1 1 1 1 0 0
     23460      23580 0 0 0 0 0 1 0
     23460      23580 0 0 0 0 0 1 0
     24240      24360 1 1 1 1 1 0 0
     24960      25080 1 1 1 1 1 0 0
     25260      25380 0 0 0 0 0 1 0
     25260      25380 0 0 0 0 0 1 0
     25680      25800 1 1 1 1 1 0 0
     26460      26580 1 1 1 1 1 0 0
     26760      26880 1 1 1 1 1 0 0
     27060      27180 0 0 0 0 0 1 0
     27060      27180 0 0 0 0 0 1 0
     27600      27720 1 1 1 1 1 0 0
     27780      27900 0 0 0 0 0 1 0
     28560      28680 1 1 1 1 1 0 0
     28860      28980 0 0 0 0 0 1 0
     28920      29040 0 0 0 0 0 1 0
     29340      29460 1 1 1 1 1 0 0
     29580      29700 0 0 0 0 0 1 0
     29760      29880 1 1 1 1 1 0 0
     30420      30540 1 1 1 1 1 0 0
     30660      30780 0 0 0 0 0 1 0
     30720      30840 0 0 0 0 0 1 0
     31320      31440 1 1 1 1 1 0 0
     31380      31500 0 0 0 0 0 1 0
     32340      32460 1 1 1 1 1 0 0
     32460      32580 0 0 0 0 0 1 0
     32520      32640 0 0 0 0 0 1 0
     32940      33060 1 1 1 1 1 0 0
     33180      33300 0 0 0 0 0 1 0
     33960      34080 1 1 1 1 1 0 0
     34260      34380 0 0 0 0 0 1 0
     34320      34440 0 0 0 0 0 1 0
     34740      34860 1 1 1 1 1 0 0
     34980      35100 0 0 0 0 0 1 0
     34980      35100 0 0 0 0 0 1 0
     35640      35760 1 1 1 1 1 0 0
     36060      36180 0 0 0 0 0 1 0
     36120      36240 0 0 0 0 0 1 0
     36540      36660 1 1 1 1 1 0 0
     36780      36900 0 0 0 0 0 1 0
     36780      36900 0 0 0 0 0 1 0
     37740      37860 0 0 0 0 0 1 0
     37740      37860 1 1 1 1 1 0 0
     37800      37920 0 0 0 0 0 1 0
     38520      38640 1 1 1 1 1 0 0
     38580      38700 0 0 0 0 0 1 0
     38580      38700 0 0 0 0 0 1 0
     39360      39480 1 1 1 1 1 0 0
     39540      39660 0 0 0 0 0 1 0
     39600      39720 0 0 0 0 0 1 0
     40260      40380 1 1 1 1 1 0 0
     40380      40500 0 0 0 0 0 1 0
     40380      40500 0 0 0 0 0 1 0
     41160      41280 0 0 0 1 0 0 0
     41160      41280 1 1 1 1 1 0 0
     41340      41460 0 0 0 0 0 1 0
     41400      41520 0 0 0 0 0 1 0
     42060      42180 0 0 0 1 0 0 0
     42060      42180 0 0 0 0 1 0 0
     42060      42180 1 1 1 1 1 0 0
     42180      42300 0 0 0 0 0 1 0
     42180      42300 0 0 0 0 0 1 0
     42960      43080 1 1 1 1 1 0 0
     42960      43080 1 0 0 0 0 0 0
     42960      43080 0 0 0 1 0 0 0
     43140      43260 0 0 0 0 0 1 0
     43200      43320 0 0 0 0 0 1 0
     43860      43980 0 0 0 1 0 0 0
     43860      43980 1 1 1 1 1 0 0
     43920      44040 1 0 0 0 0 0 0
     43980      44100 0 0 0 0 0 1 0
     43980      44100 0 0 0 0 0 1 0
     43980      44100 1 0 0 0 0 0 0
     44760      44880 1 0 0 0 0 0 0
     44760      44880 1 1 1 1 1 0 0
     44760      44880 0 0 0 1 0 0 0
     44940      45060 0 0 0 0 0 1 0
     45000      45120 0 0 0 0 0 1 0
     45660      45780 1 0 0 0 0 0 0
     45660      45780 1 1 1 1 1 0 0
     45660      45780 0 0 0 1 0 0 0
     45780      45900 0 0 0 0 0 1 0
     45780      45900 0 0 0 0 0 1 0
     46560      46680 1 0 0 0 0 0 0
     46560      46680 0 0 0 1 0 0 0
     46560      46680 1 1 1 1 1 0 0
     46740      46860 0 0 0 0 0 1 0
     46800      46920 0 0 0 0 0 1 0
     47460      47580 0 0 0 1 0 0 0
     47460      47580 1 0 0 0 0 0 0
     47460      47580 1 1 1 1 1 0 0
     47520      47640 1 0 0 0 0 0 0
     47580      47700 0 0 0 0 0 1 0
     47580      47700 0 0 0 0 0 1 0
     48360      48480 1 1 1 1 1 0 0
     48360      48480 0 0 0 1 0 0 0
     48360      48480 1 0 0 0 0 0 0
     48540      48660 0 0 0 0 0 1 0
     48600      48720 0 0 0 0 0 1 0
     49260      49380 1 1 1 1 1 0 0
     49260      49380 0 0 0 1 0 0 0
     49380      49500 0 0 0 0 0 1 0
     49380      49500 0 0 0 0 0 1 0
     50160      50280 1 1 1 1 1 0 0
     50160      50280 0 0 0 1 0 0 0
     50340      50460 0 0 0 0 0 1 0
     50400      50520 0 0 0 0 0 1 0
     51060      51180 1 1 1 1 1 0 0
     51180      51300 0 0 0 0 0 1 0
     51180      51300 0 0 0 0 0 1 0
     51960      52080 1 1 1 1 1 0 0
     52140      52260 0 0 0 0 0 1 0
     52200      52320 0 0 0 0 0 1 0
     52860      52980 1 1 1 1 1 0 0
     52980      53100 0 0 0 0 0 1 0
     52980      53100 0 0 0 0 0 1 0
     53760      53880 1 1 1 1 1 0 0
     53940      54060 0 0 0 0 0 1 0
     54000      54120 0 0 0 0 0 1 0
     54660      54780 1 1 1 1 1 0 0
     54780      54900 0 0 0 0 0 1 0
     54780      54900 0 0 0 0 0 1 0
     55560      55680 1 1 1 1 1 0 0
     55740      55860 0 0 0 0 0 1 0
     55800      55920 0 0 0 0 0 1 0
     56460      56580 1 1 1 1 1 0 0
     56580      56700 0 0 0 0 0 1 0
     56580      56700 0 0 0 0 0 1 0
     57360      57480 1 1 1 1 1 0 0
     57540      57660 0 0 0 0 0 1 0
     57600      57720 0 0 0 0 0 1 0
     58320      58440 1 1 1 1 1 0 0
     58380      58500 0 0 0 0 0 1 0
     58380      58500 0 0 0 0 0 1 0
     59160      59280 1 1 1 1 1 0 0
     59340      59460 0 0 0 0 0 1 0
     59400      59520 0 0 0 0 0 1 0
     59820      59940 1 1 1 1 1 0 0
     60180      60300 0 0 0 0 0 1 0
     60180      60300 0 0 0 0 0 1 0
     60780      60900 1 1 1 1 1 0 0
     61140      61260 0 0 0 0 0 1 0
     61200      61320 0 0 0 0 0 1 0
     61620      61740 1 1 1 1 1 0 0
     61980      62100 0 0 0 0 0 1 0
     61980      62100 0 0 0 0 0 1 0
     62640      62760 1 1 1 1 1 0 0
     62940      63060 0 0 0 0 0 1 0
     63000      63120 0 0 0 0 0 1 0
     63360      63480 1 1 1 1 1 0 0
     63780      63900 0 0 0 0 0 1 0
     63780      63900 0 0 0 0 0 1 0
     63960      64080 1 1 1 1 1 0 0
     64500      64620 1 1 1 1 1 0 0
     64740      64860 0 0 0 0 0 1 0
     64800      64920 0 0 0 0 0 1 0
     65160      65280 1 1 1 1 1 0 0
     65580      65700 0 0 0 0 0 1 0
     65580      65700 0 0 0 0 0 1 0
     65700      65820 1 1 1 1 1 0 0
     66360      66480 1 1 1 1 1 0 0
     66540      66660 0 0 0 0 0 1 0
     66600      66720 0 0 0 0 0 1 0
     66900      67020 1 1 1 1 1 0 0
     67380      67500 0 0 0 0 0 1 0
     67380      67500 0 0 0 0 0 1 0
     67560      67680 1 1 1 1 1 0 0
     68100      68220 1 1 1 1 1 0 0
     68340      68460 0 0 0 0 0 1 0
     68400      68520 0 0 0 0 0 1 0
     68760      68880 1 1 1 1 1 0 0
     69180      69300 0 0 0 0 0 1 0
     69180      69300 0 0 0 0 0 1 0
     69300      69420 1 1 1 1 1 0 0
     69840      69960 1 1 1 1 1 0 0
     70140      70260 0 0 0 0 0 1 0
     70200      70320 0 0 0 0 0 1 0
     70560      70680 1 1 1 1 1 0 0
     70980      71100 0 0 0 0 0 1 0
     70980      71100 0 0 0 0 0 1 0
     71640      71760 1 1 1 1 1 0 0
     71940      72060 0 0 0 0 0 1 0
     72000      72120 0 0 0 0 0 1 0
     72420      72540 1 1 1 1 1 0 0
     72780      72900 0 0 0 0 0 1 0
     72780      72900 0 0 0 0 0 1 0
     73440      73560 1 1 1 1 1 0 0
     73740      73860 0 0 0 0 0 1 0
     73920      74040 0 0 0 0 0 1 0
     74400      74520 1 1 1 1 1 0 0
     74580      74700 0 0 0 0 0 1 0
     74580      74700 0 0 0 0 0 1 0
     75360      75480 1 1 1 1 1 0 0
     75540      75660 0 0 0 0 0 1 0
     75600      75720 0 0 0 0 0 1 0
     76260      76380 1 1 1 1 1 0 0
     76380      76500 0 0 0 0 0 1 0
     76380      76500 0 0 0 1 0 0 0
     76380      76500 0 0 0 0 0 1 0
     77160      77280 1 1 1 1 1 0 0
     77340      77460 0 0 0 0 0 1 0
     77400      77520 0 0 0 0 0 1 0
     78060      78180 1 1 1 1 1 0 0
     78180      78300 0 0 0 0 0 1 0
     78180      78300 0 0 0 0 0 1 0
     78960      79080 1 1 0 1 0 0 0
     78960      79080 0 0 0 0 0 1 0
     78960      79080 0 0 0 0 0 1 0
     78960      79080 1 1 1 1 1 0 0
     79860      79980 1 1 1 1 1 0 0
     80760      80880 0 0 0 0 0 1 0
     80760      80880 0 0 0 0 0 1 0
     80760      80880 1 1 1 1 1 0 0
     80760      80880 0 0 0 0 1 0 0
     80760      80880 1 1 0 1 0 0 0
     81660      81780 1 1 0 1 0 0 0
     81660      81780 1 1 1 1 1 0 0
     82560      82680 0 0 0 0 0 1 0
     82560      82680 0 0 0 0 0 1 0
     83460      83580 1 1 0 1 0 0 0
     83460      83580 1 1 1 1 1 0 0
     84360      84480 0 0 0 0 0 1 0
     84360      84480 0 0 0 0 0 1 0
     85260      85380 1 1 0 1 0 0 0
     85260      85380 1 1 1 1 1 0 0
     86160      86280 0 0 0 0 0 1 0
     86160      86280 0 0 0 0 0 1 0
258
