      1020       1320 0 0 0 0 0 1 0
      1020       1320 0 0 0 0 0 1 0
      1200       1500 1 1 1 1 1 0 0
      1200       1500 1 1 0 1 0 0 0
      2940       3180 0 0 0 0 0 1 0
      2940       3180 0 0 0 0 0 1 0
      3000       3300 1 1 0 1 0 0 0
      3000       3300 1 1 1 1 1 0 0
      3120       3360 1 1 1 1 0 0 0
      3960       4260 0 0 0 0 0 1 0
      3960       4260 0 0 0 0 0 1 0
      3960       4260 0 0 0 0 0 1 0
      4800       5100 1 1 0 1 0 0 0
      4800       5100 1 1 1 1 0 0 0
      4800       5100 1 1 1 1 1 0 0
      6540       6780 0 0 0 0 0 1 0
      6540       6780 0 0 0 0 0 1 0
      6780       7080 0 0 1 0 1 0 0
     18840      19140 1 1 1 1 1 0 0
     19320      19620 0 0 0 0 0 1 0
     21000      21300 1 1 1 1 1 0 0
     22800      23100 1 1 1 1 1 0 0
     22920      23220 0 0 0 0 0 1 0
     22980      23220 0 0 0 0 0 1 0
     23640      23940 1 1 1 1 1 0 0
     24600      24900 1 1 1 1 1 0 0
     24720      25020 0 0 0 0 0 1 0
     24780      25020 0 0 0 0 0 1 0
     25380      25680 1 1 1 1 1 0 0
     25800      26100 1 1 1 1 1 0 0
     26520      26820 0 0 0 0 0 1 0
     26580      26820 0 0 0 0 0 1 0
     28200      28500 1 1 1 1 1 0 0
     28320      28620 0 0 0 0 0 1 0
     28380      28620 0 0 0 0 0 1 0
     29460      29760 1 1 1 1 1 0 0
     30120      30420 0 0 0 0 0 1 0
     30180      30420 0 0 0 0 0 1 0
     30780      31080 1 1 1 1 1 0 0
     31920      32220 0 0 0 0 0 1 0
     31980      32220 0 0 0 0 0 1 0
     32100      32400 1 1 1 1 1 0 0
     33300      33600 1 1 1 1 1 0 0
     33720      34020 0 0 0 0 0 1 0
     33780      34020 0 0 0 0 0 1 0
     35100      35400 1 1 1 1 1 0 0
     35700      36000 0 0 0 0 0 1 0
     35700      36000 0 0 0 0 0 1 0
     36900      37200 1 1 1 1 1 0 0
     37500      37800 0 0 0 0 0 1 0
     37560      37860 0 0 0 0 0 1 0
     38100      38400 1 1 1 1 1 0 0
     39000      39300 1 1 1 1 1 0 0
     39300      39600 0 0 0 0 0 1 0
     39300      39600 0 0 0 0 0 1 0
     40800      41100 1 1 1 1 1 0 0
     40800      41100 0 0 0 1 0 0 0
     41100      41400 0 0 0 0 0 1 0
     41100      41400 0 0 0 0 0 1 0
     41100      41400 0 0 0 0 0 0 0
     42600      42900 1 1 1 1 1 0 0
     42600      42900 0 0 0 1 0 0 0
     42900      43200 0 0 0 0 0 1 0
     42900      43200 0 0 0 0 0 1 0
     44400      44700 0 0 0 1 0 0 0
     44400      44700 1 1 1 1 1 0 0
     44400      44700 1 0 0 0 0 0 0
     44700      45000 0 0 0 0 0 1 0
     44700      45000 0 0 0 0 0 1 0
     46200      46500 0 0 0 1 0 0 0
     46200      46500 1 0 0 0 0 0 0
     46200      46500 1 1 1 1 1 0 0
     46500      46800 0 0 0 0 0 1 0
     46500      46800 0 0 0 0 0 1 0
     48060      48360 0 0 0 1 0 0 0
     48060      48360 1 0 0 0 0 0 0
     48060      48360 1 1 1 1 1 0 0
     48300      48600 0 0 0 0 0 1 0
     48300      48600 0 0 0 0 0 1 0
     49800      50100 1 1 1 1 1 0 0
     49800      50100 0 0 0 1 0 0 0
     50100      50400 0 0 0 0 0 1 0
     50100      50400 0 0 0 0 0 1 0
     51600      51900 1 1 1 1 1 0 0
     51900      52200 0 0 0 0 0 1 0
     51900      52200 0 0 0 0 0 1 0
     53400      53700 1 1 1 1 1 0 0
     53700      54000 0 0 0 0 0 1 0
     53700      54000 0 0 0 0 0 1 0
     55200      55500 1 1 1 1 1 0 0
     55500      55800 0 0 0 0 0 1 0
     55500      55800 0 0 0 0 0 1 0
     57000      57300 1 1 1 1 1 0 0
     57300      57600 0 0 0 0 0 1 0
     57300      57600 0 0 0 0 0 1 0
     58800      59100 1 1 1 1 1 0 0
     59100      59400 0 0 0 0 0 1 0
     59100      59400 0 0 0 0 0 1 0
     60120      60420 1 1 1 1 1 0 0
     60900      61200 0 0 0 0 0 1 0
     60900      61200 0 0 0 0 0 1 0
     61920      62220 1 1 1 1 1 0 0
     62700      63000 0 0 0 0 0 1 0
     62700      63000 0 0 0 0 0 1 0
     63480      63780 1 1 1 1 1 0 0
     64260      64560 1 1 1 1 1 0 0
     64500      64800 0 0 0 0 0 1 0
     64560      64860 0 0 0 0 0 1 0
     65460      65760 1 1 1 1 1 0 0
     66300      66600 0 0 0 0 0 1 0
     66360      66660 0 0 0 0 0 1 0
     66660      66960 1 1 1 1 1 0 0
     67860      68160 1 1 1 1 1 0 0
     68100      68400 0 0 0 0 0 1 0
     68100      68400 0 0 0 0 0 1 0
     69060      69360 1 1 1 1 1 0 0
     69900      70140 0 0 0 0 0 1 0
     69900      70200 0 0 0 0 0 1 0
     69960      70260 1 1 1 1 1 0 0
     70920      71220 1 1 1 1 1 0 0
     71700      72000 0 0 0 0 0 1 0
     71700      72000 0 0 0 0 0 1 0
     72720      73020 1 1 1 1 1 0 0
     73500      73800 0 0 0 0 0 1 0
     73500      73800 0 0 0 0 0 1 0
     73740      74040 1 1 1 1 1 0 0
     75000      75300 1 1 1 1 1 0 0
     75300      75600 0 0 0 0 0 1 0
     75300      75600 0 0 0 0 0 1 0
     76800      77100 1 1 1 1 1 0 0
     77100      77400 0 0 0 0 0 1 0
     77100      77400 0 0 0 0 0 1 0
     78600      78900 1 1 1 1 1 0 0
     78720      79020 0 0 0 0 0 1 0
     78780      79020 0 0 0 0 0 1 0
     80220      80520 0 0 0 0 0 1 0
     80220      80520 0 0 0 0 0 1 0
     80400      80700 1 1 1 1 1 0 0
     80400      80700 1 1 0 1 0 0 0
     82020      82320 0 0 0 0 0 1 0
     82020      82320 0 0 0 0 0 1 0
     82200      82500 1 1 0 1 0 0 0
     82200      82500 1 1 1 1 1 0 0
     83820      84120 0 0 0 0 0 1 0
     83820      84120 0 0 0 0 0 1 0
     84000      84300 1 1 1 1 1 0 0
     84000      84300 1 1 0 1 0 0 0
     85620      85920 0 0 0 0 0 1 0
     85620      85920 0 0 0 0 0 1 0
     85800      86100 1 1 0 1 0 0 0
     85800      86100 1 1 1 1 1 0 0
151
