      1080       1200 1 1 0 1 0 0 0
      1080       1200 1 1 1 1 1 0 0
      2880       3000 1 1 0 1 0 0 0
      2880       3000 1 1 1 1 1 0 0
      2940       3120 1 1 1 1 0 0 0
     20880      21000 1 1 1 1 1 0 0
     22680      22800 1 1 1 1 1 0 0
     23520      23640 1 1 1 1 1 0 0
     37980      38100 1 1 1 1 1 0 0
     38880      39000 1 1 1 1 1 0 0
     40680      40800 1 1 1 1 1 0 0
     40680      40800 0 0 0 1 0 0 0
     42480      42600 1 1 1 1 1 0 0
     42480      42600 0 0 0 1 0 0 0
     44280      44400 1 1 1 1 1 0 0
     44280      44400 1 0 0 0 0 0 0
     44280      44400 0 0 0 1 0 0 0
     46080      46200 1 1 1 1 1 0 0
     46080      46200 0 0 0 1 0 0 0
     46080      46200 1 0 0 0 0 0 0
     47940      48060 1 1 1 1 1 0 0
     47940      48060 1 0 0 0 0 0 0
     47940      48060 0 0 0 1 0 0 0
     49680      49800 0 0 0 1 0 0 0
     49680      49800 1 1 1 1 1 0 0
     51480      51600 1 1 1 1 1 0 0
     53280      53400 1 1 1 1 1 0 0
     55080      55200 1 1 1 1 1 0 0
     56880      57000 1 1 1 1 1 0 0
     58680      58800 1 1 1 1 1 0 0
     64140      64260 1 1 1 1 1 0 0
     67740      67860 1 1 1 1 1 0 0
     70800      70920 1 1 1 1 1 0 0
     74880      75000 1 1 1 1 1 0 0
     76680      76800 1 1 1 1 1 0 0
     78480      78600 1 1 1 1 1 0 0
     78600      78720 0 0 0 0 0 1 0
     78600      78780 0 0 0 0 0 1 0
     80280      80400 1 1 0 1 0 0 0
     80280      80400 1 1 1 1 1 0 0
     82080      82200 1 1 0 1 0 0 0
     82080      82200 1 1 1 1 1 0 0
     83880      84000 1 1 0 1 0 0 0
     83880      84000 1 1 1 1 1 0 0
     85680      85800 1 1 1 1 1 0 0
     85680      85800 1 1 0 1 0 0 0
46
