      3300       3960 0 0 0 0 1 0 0
      3300       3960 1 1 1 1 1 0 0
      3300       3960 1 1 0 1 0 0 0
      3300       3960 0 0 1 0 0 0 0
      3540       4200 1 1 1 1 0 0 0
     21000      21720 0 0 0 0 0 1 0
     21000      21720 0 0 0 0 0 1 0
     21000      21720 0 0 0 0 0 1 0
     25140      25860 0 0 0 0 0 1 0
     25140      25860 0 0 0 0 0 1 0
     25140      25860 0 0 0 0 0 1 0
     26760      27480 1 1 1 1 1 0 0
     28860      29580 0 0 0 0 0 1 0
     28860      29580 0 0 0 0 0 1 0
     28860      29580 0 0 0 0 0 1 0
     32460      33180 0 0 0 0 0 1 0
     32460      33180 0 0 0 0 0 1 0
     32460      33180 0 0 0 0 0 1 0
     43200      43980 0 0 0 0 0 1 0
     43200      43980 0 0 0 0 0 1 0
     68400      69180 0 0 0 0 0 1 0
     68400      69180 0 0 0 0 0 1 0
     68460      69240 0 0 0 0 0 1 0
     79140      79860 0 0 0 0 0 1 0
     79140      79860 0 0 0 0 0 1 0
     79140      79860 0 0 0 0 0 1 0
     82740      83460 0 0 0 0 0 1 0
     82740      83460 0 0 0 0 0 1 0
     82740      83460 0 0 0 0 0 1 0
     86340        660 0 0 0 0 0 1 0
     86340        660 0 0 0 0 0 1 0
     86340        660 0 0 0 0 0 1 0
32
