     35880      37080 0 1 0 0 0 0 0
     35880      37080 1 1 1 1 1 0 0
     38460      39660 1 1 1 1 1 0 0
     39300      40500 1 1 1 1 1 0 0
     39300      40500 0 1 0 0 0 0 0
     42900      44100 1 1 1 1 1 0 0
     42900      44100 0 1 0 0 0 0 0
     42900      44100 0 0 0 1 0 0 0
     43080      44280 1 0 0 0 0 0 0
     43080      44280 1 0 0 0 0 0 0
     46500      47700 0 0 0 1 0 0 0
     46500      47700 0 1 0 0 0 0 0
     46500      47700 1 1 1 1 1 0 0
     46560      47760 1 0 0 0 0 0 0
     46560      47760 1 0 0 0 0 0 0
     50100      51300 0 1 0 0 0 0 0
     50100      51300 1 1 1 1 1 0 0
     53700      54900 1 1 1 1 1 0 0
     53700      54900 0 1 0 0 0 0 0
     57300      58500 0 1 0 0 0 0 0
     57300      58500 1 1 1 1 1 0 0
     59160      60360 1 1 1 1 1 0 0
     59160      60360 1 1 1 1 1 0 0
     60960      62160 1 1 1 1 1 0 0
     62160      63420 1 1 1 1 1 0 0
     62160      63420 1 1 1 1 1 0 0
     64560      65760 1 1 1 1 1 0 0
     64560      65760 1 1 1 1 1 0 0
     65760      66960 1 1 1 1 1 0 0
     66960      68160 1 1 1 1 1 0 0
     66960      68160 1 1 1 1 1 0 0
     69360      70560 1 1 1 1 1 0 0
     69360      70560 1 1 1 1 1 0 0
     69360      70560 0 0 1 0 0 0 0
     75300      76500 1 1 1 1 1 0 0
     75300      76500 0 0 1 0 0 0 0
     78900      80100 1 1 1 1 1 0 0
     82500      83700 1 1 1 1 1 0 0
     82500      83700 1 1 0 1 0 0 0
     86100        900 1 1 0 1 0 0 0
     86100        900 0 0 1 0 0 0 0
     86100        900 1 1 1 1 1 0 0
42
