      1740       1860 1 1 1 1 0 0 0
      1740       1860 1 1 1 1 1 0 0
      1740       1860 0 0 0 1 0 0 0
      1740       1860 1 1 0 1 0 0 0
      2160       2340 0 0 0 0 0 0 0
      2160       2340 0 0 0 0 0 1 0
      2160       2340 0 0 0 0 0 1 0
      5700       5880 0 0 0 0 0 0 0
      5700       5880 0 0 0 0 0 1 0
      6540       6660 1 1 1 1 1 0 0
      6540       6660 1 1 1 1 0 0 0
      6540       6660 1 1 0 1 0 0 0
      8940       9060 0 0 1 0 1 0 0
      9300       9480 0 0 0 0 0 1 0
     14340      14520 1 1 1 1 1 0 0
     16140      16320 1 1 1 1 1 0 0
     16860      17040 0 0 0 0 0 1 0
     16860      17040 0 0 0 0 0 1 0
     17940      18120 1 1 1 1 1 0 0
     18660      18840 0 0 0 0 0 1 0
     18660      18840 0 0 0 0 0 1 0
     19680      19860 1 1 1 1 1 0 0
     20460      20640 0 0 0 0 0 1 0
     20460      20640 0 0 0 0 0 1 0
     21480      21660 1 1 1 1 1 0 0
     22260      22440 0 0 0 0 0 1 0
     22260      22440 0 0 0 0 0 1 0
     23280      23460 1 1 1 1 1 0 0
     24060      24240 0 0 0 0 0 1 0
     24060      24240 0 0 0 0 0 1 0
     25080      25260 1 1 1 1 1 0 0
     25860      26040 0 0 0 0 0 1 0
     25860      26040 0 0 0 0 0 1 0
     26280      26460 1 1 1 1 1 0 0
     27480      27660 1 1 1 1 1 0 0
     27780      27960 0 0 0 0 0 1 0
     27780      27960 0 0 0 0 0 1 0
     28680      28860 1 1 1 1 1 0 0
     29580      29760 0 0 0 0 0 1 0
     29580      29760 0 0 0 0 0 1 0
     29880      30060 1 1 1 1 1 0 0
     30240      30420 1 1 1 1 1 0 0
     31080      31260 1 1 1 1 1 0 0
     31380      31560 0 0 0 0 0 1 0
     31380      31560 0 0 0 0 0 1 0
     32280      32460 1 1 1 1 1 0 0
     33180      33360 0 0 0 0 0 1 0
     33180      33360 0 0 0 0 0 1 0
     34140      34320 1 1 1 1 1 0 0
     34980      35160 0 0 0 0 0 1 0
     34980      35160 0 0 0 0 0 1 0
     35940      36120 1 1 1 1 1 0 0
     36780      36960 0 0 0 0 0 1 0
     36780      36960 0 0 0 0 0 1 0
     37740      37920 0 0 0 1 0 0 0
     37740      37920 1 1 1 1 1 0 0
     37740      37920 1 0 0 0 0 0 0
     38580      38760 0 0 0 0 0 1 0
     38580      38760 0 0 0 0 0 1 0
     39540      39720 1 0 0 0 0 0 0
     39540      39720 0 0 0 1 0 0 0
     39540      39720 1 0 0 0 0 0 0
     39540      39720 1 1 1 1 1 0 0
     40380      40560 0 0 0 0 0 1 0
     40380      40560 0 0 0 0 0 1 0
     41340      41520 1 0 0 0 0 0 0
     41340      41520 1 1 1 1 1 0 0
     41340      41520 1 0 0 0 0 0 0
     41340      41520 0 0 0 1 0 0 0
     42180      42360 0 0 0 0 0 1 0
     42180      42360 0 0 0 0 0 1 0
     43140      43320 0 0 0 1 0 0 0
     43140      43320 1 0 0 0 0 0 0
     43140      43320 1 0 0 0 0 0 0
     43140      43320 1 1 1 1 1 0 0
     43980      44160 0 0 0 0 0 1 0
     43980      44160 0 0 0 0 0 1 0
     44940      45120 1 1 1 1 1 0 0
     44940      45120 0 0 0 1 0 0 0
     45780      45960 0 0 0 0 0 1 0
     45780      45960 0 0 0 0 0 1 0
     46740      46920 0 0 0 1 0 0 0
     46740      46920 1 1 1 1 1 0 0
     47580      47760 0 0 0 0 0 1 0
     47580      47760 0 0 0 0 0 1 0
     48540      48720 1 1 1 1 1 0 0
     49380      49560 0 0 0 0 0 1 0
     49380      49560 0 0 0 0 0 1 0
     50340      50520 1 1 1 1 1 0 0
     51180      51360 0 0 0 0 0 1 0
     51180      51360 0 0 0 0 0 1 0
     52140      52320 1 1 1 1 1 0 0
     52980      53160 0 0 0 0 0 1 0
     52980      53160 0 0 0 0 0 1 0
     54300      54480 1 1 1 1 1 0 0
     54780      54960 0 0 0 0 0 1 0
     54780      54960 0 0 0 0 0 1 0
     56100      56280 1 1 1 1 1 0 0
     56580      56760 0 0 0 0 0 1 0
     56580      56760 0 0 0 0 0 1 0
     57900      58080 1 1 1 1 1 0 0
     58380      58560 0 0 0 0 0 1 0
     58380      58560 0 0 0 0 0 1 0
     59700      59880 1 1 1 1 1 0 0
     60180      60360 0 0 0 0 0 1 0
     60180      60360 0 0 0 0 0 1 0
     61500      61680 1 1 1 1 1 0 0
     61980      62160 0 0 0 0 0 1 0
     61980      62160 0 0 0 0 0 1 0
     63300      63480 1 1 1 1 1 0 0
     63780      63960 0 0 0 0 0 1 0
     63780      63960 0 0 0 0 0 1 0
     65100      65280 1 1 1 1 1 0 0
     65580      65760 0 0 0 0 0 1 0
     65580      65760 0 0 0 0 0 1 0
     66900      67080 1 1 1 1 1 0 0
     67380      67560 0 0 0 0 0 1 0
     67380      67560 0 0 0 0 0 1 0
     68340      68520 1 1 1 1 1 0 0
     69180      69360 0 0 0 0 0 1 0
     69180      69360 0 0 0 0 0 1 0
     70140      70320 1 1 1 1 1 0 0
     70980      71160 0 0 0 0 0 1 0
     70980      71160 0 0 0 0 0 1 0
     71940      72120 1 1 1 1 1 0 0
     72300      72480 0 0 0 0 0 1 0
     72300      72480 0 0 0 0 0 1 0
     73740      73920 1 1 1 1 1 0 0
     74100      74280 0 0 0 0 0 1 0
     74100      74280 0 0 0 0 0 1 0
     75540      75720 1 1 1 1 1 0 0
     75900      76080 0 0 0 0 0 1 0
     75900      76080 0 0 0 0 0 1 0
     77340      77520 1 1 0 1 0 0 0
     77340      77520 1 1 1 1 1 0 0
     77700      77880 0 0 0 0 0 1 0
     77700      77880 0 0 0 0 0 1 0
     79140      79320 1 1 1 1 0 0 0
     79140      79320 1 1 1 1 1 0 0
     79140      79320 0 0 0 1 0 0 0
     79500      79680 0 0 0 0 0 1 0
     79500      79680 0 0 0 0 0 1 0
     80940      81120 1 1 1 1 1 0 0
     80940      81120 1 1 0 1 0 0 0
     81300      81480 0 0 0 0 0 1 0
     81300      81480 0 0 0 0 0 1 0
     82740      82920 1 1 1 1 1 0 0
     82740      82920 1 1 0 1 0 0 0
     82740      82920 0 0 0 1 0 0 0
     83100      83280 0 0 0 0 0 1 0
     83100      83280 0 0 0 0 0 1 0
     84540      84720 1 1 0 1 0 0 0
     84540      84720 1 1 1 1 1 0 0
     84900      85080 0 0 0 0 0 1 0
     84900      85080 0 0 0 0 0 0 0
     84900      85080 0 0 0 0 0 1 0
     86340        120 0 0 1 0 1 0 0
157
