       660       1200 0 0 0 0 0 1 0
       660       1200 0 0 0 0 0 1 0
       660       1200 0 0 0 0 0 1 0
       960       1500 1 1 1 1 1 0 0
      3960       4560 0 0 0 0 1 0 0
      3960       4560 1 1 1 1 1 0 0
      3960       4560 1 1 0 1 0 0 0
      3960       4560 0 0 1 0 0 0 0
      4200       4740 1 1 1 1 0 0 0
      4800       5340 0 0 0 0 0 1 0
      4800       5340 0 0 0 0 0 1 0
      4800       5340 0 0 0 0 0 1 0
     19620      20220 1 1 1 1 1 0 0
     21720      22260 0 0 0 0 0 1 0
     21720      22260 0 0 0 0 0 1 0
     21720      22260 0 0 0 0 0 1 0
     22380      22920 1 1 1 1 1 0 0
     24720      25260 1 1 1 1 1 0 0
     25860      26460 0 0 0 0 0 1 0
     25860      26460 0 0 0 0 0 1 0
     25860      26460 0 0 0 0 0 1 0
     26220      26760 1 1 1 1 1 0 0
     27480      28020 1 1 1 1 1 0 0
     29580      30120 0 0 0 0 0 1 0
     29580      30120 0 0 0 0 0 1 0
     29580      30120 0 0 0 0 0 1 0
     32160      32760 1 1 1 1 1 0 0
     33180      33720 0 0 0 0 0 1 0
     33180      33720 0 0 0 0 0 1 0
     33180      33720 0 0 0 0 0 1 0
     43980      44580 0 0 0 0 0 1 0
     43980      44580 0 0 0 0 0 1 0
     64260      64860 1 1 1 1 1 0 0
     67980      68520 1 1 1 1 1 0 0
     69180      69780 0 0 0 0 0 1 0
     69180      69780 0 0 0 0 0 1 0
     69240      69780 0 0 0 0 0 1 0
     70380      70920 1 1 1 1 1 0 0
     79860      80400 0 0 0 0 0 1 0
     79860      80400 0 0 0 0 0 1 0
     79860      80400 0 0 0 0 0 1 0
     83460      84000 0 0 0 0 0 1 0
     83460      84000 0 0 0 0 0 1 0
     83460      84000 0 0 0 0 0 1 0
     83760      84300 1 1 1 1 1 0 0
45
