      1440       1740 1 1 1 1 1 0 0
      1440       1740 1 1 1 1 0 0 0
      1440       1740 1 1 0 1 0 0 0
      1440       1740 0 0 0 1 0 0 0
      1860       2160 0 0 0 0 0 0 0
      1860       2160 0 0 0 0 0 1 0
      1860       2160 0 0 0 0 0 1 0
      5400       5700 0 0 0 0 0 0 0
      5400       5700 0 0 0 0 0 1 0
      6240       6540 1 1 1 1 0 0 0
     14040      14340 1 1 1 1 1 0 0
     16560      16860 0 0 0 0 0 1 0
     16560      16860 0 0 0 0 0 1 0
     18360      18660 0 0 0 0 0 1 0
     18360      18660 0 0 0 0 0 1 0
     19380      19680 1 1 1 1 1 0 0
     20160      20460 0 0 0 0 0 1 0
     20160      20460 0 0 0 0 0 1 0
     21180      21480 1 1 1 1 1 0 0
     21960      22260 0 0 0 0 0 1 0
     21960      22260 0 0 0 0 0 1 0
     23760      24060 0 0 0 0 0 1 0
     23760      24060 0 0 0 0 0 1 0
     24780      25080 1 1 1 1 1 0 0
     25560      25860 0 0 0 0 0 1 0
     25560      25860 0 0 0 0 0 1 0
     27480      27780 0 0 0 0 0 1 0
     27480      27780 0 0 0 0 0 1 0
     28380      28680 1 1 1 1 1 0 0
     29280      29580 0 0 0 0 0 1 0
     29280      29580 0 0 0 0 0 1 0
     31080      31380 0 0 0 0 0 1 0
     31080      31380 0 0 0 0 0 1 0
     32880      33180 0 0 0 0 0 1 0
     32880      33180 0 0 0 0 0 1 0
     34680      34980 0 0 0 0 0 1 0
     34680      34980 0 0 0 0 0 1 0
     36480      36780 0 0 0 0 0 1 0
     36480      36780 0 0 0 0 0 1 0
     38280      38580 0 0 0 0 0 1 0
     38280      38580 0 0 0 0 0 1 0
     40080      40380 0 0 0 0 0 1 0
     40080      40380 0 0 0 0 0 1 0
     41880      42180 0 0 0 0 0 1 0
     41880      42180 0 0 0 0 0 1 0
     43680      43980 0 0 0 0 0 1 0
     43680      43980 0 0 0 0 0 1 0
     45480      45780 0 0 0 0 0 1 0
     45480      45780 0 0 0 0 0 1 0
     46440      46740 1 1 1 1 1 0 0
     46440      46740 0 0 0 1 0 0 0
     47280      47580 0 0 0 0 0 1 0
     47280      47580 0 0 0 0 0 1 0
     49080      49380 0 0 0 0 0 1 0
     49080      49380 0 0 0 0 0 1 0
     50880      51180 0 0 0 0 0 1 0
     50880      51180 0 0 0 0 0 1 0
     52680      52980 0 0 0 0 0 1 0
     52680      52980 0 0 0 0 0 1 0
     54480      54780 0 0 0 0 0 1 0
     54480      54780 0 0 0 0 0 1 0
     56280      56580 0 0 0 0 0 1 0
     56280      56580 0 0 0 0 0 1 0
     57600      57900 1 1 1 1 1 0 0
     58080      58380 0 0 0 0 0 1 0
     58080      58380 0 0 0 0 0 1 0
     59400      59700 1 1 1 1 1 0 0
     59880      60180 0 0 0 0 0 1 0
     59880      60180 0 0 0 0 0 1 0
     61200      61500 1 1 1 1 1 0 0
     61680      61980 0 0 0 0 0 1 0
     61680      61980 0 0 0 0 0 1 0
     63000      63300 1 1 1 1 1 0 0
     63480      63780 0 0 0 0 0 1 0
     63480      63780 0 0 0 0 0 1 0
     64800      65100 1 1 1 1 1 0 0
     65280      65580 0 0 0 0 0 1 0
     65280      65580 0 0 0 0 0 1 0
     67080      67380 0 0 0 0 0 1 0
     67080      67380 0 0 0 0 0 1 0
     68040      68340 1 1 1 1 1 0 0
     68880      69180 0 0 0 0 0 1 0
     68880      69180 0 0 0 0 0 1 0
     69840      70140 1 1 1 1 1 0 0
     70680      70980 0 0 0 0 0 1 0
     70680      70980 0 0 0 0 0 1 0
     71640      71940 1 1 1 1 1 0 0
     81000      81300 0 0 0 0 0 1 0
     81000      81300 0 0 0 0 0 1 0
     82800      83100 0 0 0 0 0 1 0
     82800      83100 0 0 0 0 0 1 0
     84240      84540 1 1 1 1 1 0 0
     84240      84540 1 1 0 1 0 0 0
     84600      84900 0 0 0 0 0 1 0
     84600      84900 0 0 0 0 0 1 0
     84600      84900 0 0 0 0 0 0 0
96
