      1320       1500 0 0 0 0 0 1 0
      1320       1500 0 0 0 0 0 1 0
      1500       1680 1 1 0 1 0 0 0
      1500       1680 1 1 1 1 1 0 0
      3180       3360 0 0 0 0 0 1 0
      3180       3360 0 0 0 0 0 1 0
      3300       3480 1 1 0 1 0 0 0
      3300       3480 1 1 1 1 1 0 0
      3360       3540 1 1 1 1 0 0 0
      4260       4440 0 0 0 0 0 1 0
      4260       4440 0 0 0 0 0 1 0
      4260       4440 0 0 0 0 0 1 0
      5100       5280 1 1 1 1 1 0 0
      5100       5280 1 1 0 1 0 0 0
      5100       5280 1 1 1 1 0 0 0
      6780       6960 0 0 0 0 0 1 0
      6780       6960 0 0 0 0 0 1 0
      7080       7260 0 0 1 0 1 0 0
     19140      19320 1 1 1 1 1 0 0
     19620      19800 0 0 0 0 0 1 0
     21300      21480 1 1 1 1 1 0 0
     23100      23280 1 1 1 1 1 0 0
     23220      23400 0 0 0 0 0 1 0
     23220      23400 0 0 0 0 0 1 0
     23940      24120 1 1 1 1 1 0 0
     24900      25080 1 1 1 1 1 0 0
     25020      25200 0 0 0 0 0 1 0
     25020      25200 0 0 0 0 0 1 0
     25680      25860 1 1 1 1 1 0 0
     26100      26280 1 1 1 1 1 0 0
     26820      27000 0 0 0 0 0 1 0
     26820      27000 0 0 0 0 0 1 0
     28500      28680 1 1 1 1 1 0 0
     28620      28800 0 0 0 0 0 1 0
     28620      28800 0 0 0 0 0 1 0
     29760      29940 1 1 1 1 1 0 0
     30420      30600 0 0 0 0 0 1 0
     30420      30600 0 0 0 0 0 1 0
     31080      31260 1 1 1 1 1 0 0
     32220      32400 0 0 0 0 0 1 0
     32220      32400 0 0 0 0 0 1 0
     32400      32580 1 1 1 1 1 0 0
     33600      33780 1 1 1 1 1 0 0
     34020      34200 0 0 0 0 0 1 0
     34020      34200 0 0 0 0 0 1 0
     35400      35580 1 1 1 1 1 0 0
     36000      36180 0 0 0 0 0 1 0
     36000      36180 0 0 0 0 0 1 0
     37200      37380 1 1 1 1 1 0 0
     37800      37980 0 0 0 0 0 1 0
     37860      37980 0 0 0 0 0 1 0
     38400      38580 1 1 1 1 1 0 0
     39300      39480 1 1 1 1 1 0 0
     39600      39780 0 0 0 0 0 1 0
     39600      39780 0 0 0 0 0 1 0
     41100      41280 0 0 0 1 0 0 0
     41100      41280 1 1 1 1 1 0 0
     41400      41580 0 0 0 0 0 0 0
     41400      41580 0 0 0 0 0 1 0
     41400      41520 0 0 0 0 0 1 0
     42900      43080 1 1 1 1 1 0 0
     42900      43080 0 0 0 1 0 0 0
     43200      43380 0 0 0 0 0 1 0
     43200      43380 0 0 0 0 0 1 0
     44700      44880 1 0 0 0 0 0 0
     44700      44880 1 1 1 1 1 0 0
     44700      44880 0 0 0 1 0 0 0
     45000      45180 0 0 0 0 0 1 0
     45000      45180 0 0 0 0 0 1 0
     46500      46680 0 0 0 1 0 0 0
     46500      46680 1 0 0 0 0 0 0
     46500      46680 1 1 1 1 1 0 0
     46800      46980 0 0 0 0 0 1 0
     46800      46980 0 0 0 0 0 1 0
     48360      48540 1 0 0 0 0 0 0
     48360      48540 1 1 1 1 1 0 0
     48360      48540 0 0 0 1 0 0 0
     48600      48780 0 0 0 0 0 1 0
     48600      48780 0 0 0 0 0 1 0
     50100      50280 0 0 0 1 0 0 0
     50100      50280 1 1 1 1 1 0 0
     50400      50580 0 0 0 0 0 1 0
     50400      50580 0 0 0 0 0 1 0
     51900      52080 1 1 1 1 1 0 0
     52200      52380 0 0 0 0 0 1 0
     52200      52380 0 0 0 0 0 1 0
     53700      53880 1 1 1 1 1 0 0
     54000      54180 0 0 0 0 0 1 0
     54000      54180 0 0 0 0 0 1 0
     55500      55680 1 1 1 1 1 0 0
     55800      55980 0 0 0 0 0 1 0
     55800      55980 0 0 0 0 0 1 0
     57300      57480 1 1 1 1 1 0 0
     57600      57780 0 0 0 0 0 1 0
     57600      57780 0 0 0 0 0 1 0
     59100      59280 1 1 1 1 1 0 0
     59400      59580 0 0 0 0 0 1 0
     59400      59580 0 0 0 0 0 1 0
     60420      60600 1 1 1 1 1 0 0
     61200      61380 0 0 0 0 0 1 0
     61200      61380 0 0 0 0 0 1 0
     62220      62400 1 1 1 1 1 0 0
     63000      63180 0 0 0 0 0 1 0
     63000      63180 0 0 0 0 0 1 0
     63780      63960 1 1 1 1 1 0 0
     64560      64740 1 1 1 1 1 0 0
     64800      64980 0 0 0 0 0 1 0
     64860      64980 0 0 0 0 0 1 0
     65760      65940 1 1 1 1 1 0 0
     66600      66780 0 0 0 0 0 1 0
     66660      66840 0 0 0 0 0 1 0
     66960      67140 1 1 1 1 1 0 0
     68160      68340 1 1 1 1 1 0 0
     68400      68520 0 0 0 0 0 1 0
     68400      68580 0 0 0 0 0 1 0
     69360      69540 1 1 1 1 1 0 0
     70200      70380 0 0 0 0 0 1 0
     70200      70440 0 0 0 0 0 1 0
     70260      70440 1 1 1 1 1 0 0
     71220      71400 1 1 1 1 1 0 0
     72000      72180 0 0 0 0 0 1 0
     72000      72180 0 0 0 0 0 1 0
     73020      73260 1 1 1 1 1 0 0
     73800      73980 0 0 0 0 0 1 0
     73800      73980 0 0 0 0 0 1 0
     74040      74160 1 1 1 1 1 0 0
     75300      75480 1 1 1 1 1 0 0
     75600      75780 0 0 0 0 0 1 0
     75600      75780 0 0 0 0 0 1 0
     77100      77280 1 1 1 1 1 0 0
     77400      77580 0 0 0 0 0 1 0
     77400      77580 0 0 0 0 0 1 0
     78900      79080 1 1 1 1 1 0 0
     79020      79200 0 0 0 0 0 1 0
     79020      79200 0 0 0 0 0 1 0
     80520      80700 0 0 0 0 0 1 0
     80520      80700 0 0 0 0 0 1 0
     80700      80880 1 1 1 1 1 0 0
     80700      80880 1 1 0 1 0 0 0
     82320      82500 0 0 0 0 0 1 0
     82320      82500 0 0 0 0 0 1 0
     82500      82680 1 1 1 1 1 0 0
     82500      82680 1 1 0 1 0 0 0
     84120      84300 0 0 0 0 0 1 0
     84120      84300 0 0 0 0 0 1 0
     84300      84480 1 1 0 1 0 0 0
     84300      84480 1 1 1 1 1 0 0
     85920      86100 0 0 0 0 0 1 0
     85920      86100 0 0 0 0 0 1 0
     86100      86280 1 1 1 1 1 0 0
     86100      86280 1 1 0 1 0 0 0
151
