      1500       1800 0 0 0 0 0 1 0
      1500       1800 0 0 0 0 0 1 0
      1680       1980 1 1 1 1 1 0 0
      1680       1980 1 1 0 1 0 0 0
      4440       4740 0 0 0 0 0 1 0
      4440       4740 0 0 0 0 0 1 0
      4440       4740 0 0 0 0 0 1 0
      5280       5640 1 1 1 1 1 0 0
      5280       5640 1 1 0 1 0 0 0
      7020       7320 0 0 0 0 0 1 0
      7020       7320 0 0 0 0 0 1 0
      7260       7560 0 0 1 0 1 0 0
     19320      19620 1 1 1 1 1 0 0
     19800      20160 0 0 0 0 0 1 0
     21480      21780 1 1 1 1 1 0 0
     23280      23580 1 1 1 1 1 0 0
     23400      23760 0 0 0 0 0 1 0
     23400      23760 0 0 0 0 0 1 0
     24120      24480 1 1 1 1 1 0 0
     25080      25380 1 1 1 1 1 0 0
     25200      25560 0 0 0 0 0 1 0
     25200      25560 0 0 0 0 0 1 0
     25860      26220 1 1 1 1 1 0 0
     26280      26580 1 1 1 1 1 0 0
     27000      27360 0 0 0 0 0 1 0
     27000      27360 0 0 0 0 0 1 0
     28680      28980 1 1 1 1 1 0 0
     28800      29160 0 0 0 0 0 1 0
     28800      29160 0 0 0 0 0 1 0
     29940      30240 1 1 1 1 1 0 0
     30600      30960 0 0 0 0 0 1 0
     30600      30960 0 0 0 0 0 1 0
     31260      31560 1 1 1 1 1 0 0
     32400      32760 0 0 0 0 0 1 0
     32400      32760 0 0 0 0 0 1 0
     32580      32880 1 1 1 1 1 0 0
     33780      34080 1 1 1 1 1 0 0
     34200      34560 0 0 0 0 0 1 0
     34200      34560 0 0 0 0 0 1 0
     35580      35880 1 1 1 1 1 0 0
     36180      36480 0 0 0 0 0 1 0
     36180      36480 0 0 0 0 0 1 0
     37380      37680 1 1 1 1 1 0 0
     37980      38280 0 0 0 0 0 1 0
     37980      38280 0 0 0 0 0 1 0
     39480      39780 1 1 1 1 1 0 0
     39780      40080 0 0 0 0 0 1 0
     39780      40080 0 0 0 0 0 1 0
     41280      41580 0 0 0 1 0 0 0
     41280      41580 1 1 1 1 1 0 0
     41580      41880 0 0 0 0 0 1 0
     41580      41880 0 0 0 0 0 0 0
     41580      41940 0 0 0 0 0 1 0
     43080      43380 1 1 1 1 1 0 0
     43080      43380 0 0 0 1 0 0 0
     43380      43680 0 0 0 0 0 1 0
     43380      43680 0 0 0 0 0 1 0
     45180      45480 0 0 0 0 0 1 0
     45180      45480 0 0 0 0 0 1 0
     46680      46980 1 0 0 0 0 0 0
     46680      46980 0 0 0 1 0 0 0
     46680      46980 1 1 1 1 1 0 0
     46980      47280 0 0 0 0 0 1 0
     46980      47280 0 0 0 0 0 1 0
     48540      48840 0 0 0 1 0 0 0
     48540      48840 1 1 1 1 1 0 0
     48540      48840 1 0 0 0 0 0 0
     48780      49080 0 0 0 0 0 1 0
     48780      49080 0 0 0 0 0 1 0
     50280      50580 1 1 1 1 1 0 0
     50280      50580 0 0 0 1 0 0 0
     50580      50880 0 0 0 0 0 1 0
     50580      50880 0 0 0 0 0 1 0
     52080      52380 1 1 1 1 1 0 0
     52380      52680 0 0 0 0 0 1 0
     52380      52680 0 0 0 0 0 1 0
     53880      54180 1 1 1 1 1 0 0
     54180      54480 0 0 0 0 0 1 0
     54180      54480 0 0 0 0 0 1 0
     55680      55980 1 1 1 1 1 0 0
     55980      56280 0 0 0 0 0 1 0
     55980      56280 0 0 0 0 0 1 0
     57480      57780 1 1 1 1 1 0 0
     57780      58080 0 0 0 0 0 1 0
     57780      58080 0 0 0 0 0 1 0
     59280      59580 1 1 1 1 1 0 0
     59580      59880 0 0 0 0 0 1 0
     59580      59880 0 0 0 0 0 1 0
     60600      60900 1 1 1 1 1 0 0
     61380      61680 0 0 0 0 0 1 0
     61380      61680 0 0 0 0 0 1 0
     62400      62700 1 1 1 1 1 0 0
     63180      63480 0 0 0 0 0 1 0
     63180      63480 0 0 0 0 0 1 0
     63960      64260 1 1 1 1 1 0 0
     64740      65040 1 1 1 1 1 0 0
     64980      65280 0 0 0 0 0 1 0
     64980      65280 0 0 0 0 0 1 0
     65940      66240 1 1 1 1 1 0 0
     66780      67080 0 0 0 0 0 1 0
     66840      67080 0 0 0 0 0 1 0
     67140      67440 1 1 1 1 1 0 0
     68340      68640 1 1 1 1 1 0 0
     68580      68940 0 0 0 0 0 1 0
     68580      68880 0 0 0 0 0 1 0
     69540      69840 1 1 1 1 1 0 0
     70380      70680 0 0 0 0 0 1 0
     70440      70740 0 0 0 0 0 1 0
     71400      71700 1 1 1 1 1 0 0
     72180      72480 0 0 0 0 0 1 0
     72180      72480 0 0 0 0 0 1 0
     73260      73620 1 1 1 1 1 0 0
     73980      74280 0 0 0 0 0 1 0
     73980      74280 0 0 0 0 0 1 0
     74280      74580 1 1 1 1 1 0 0
     75480      75780 1 1 1 1 1 0 0
     75780      76080 0 0 0 0 0 1 0
     75780      76080 0 0 0 0 0 1 0
     77280      77580 1 1 1 1 1 0 0
     77580      77880 0 0 0 0 0 1 0
     77580      77880 0 0 0 0 0 1 0
     79080      79380 1 1 1 1 1 0 0
     80700      81000 0 0 0 0 0 1 0
     80700      81000 0 0 0 0 0 1 0
     80880      81180 1 1 1 1 1 0 0
     80880      81180 1 1 0 1 0 0 0
     82500      82800 0 0 0 0 0 1 0
     82500      82800 0 0 0 0 0 1 0
     82680      82980 1 1 0 1 0 0 0
     82680      82980 1 1 1 1 1 0 0
     84300      84600 0 0 0 0 0 1 0
     84300      84600 0 0 0 0 0 1 0
     84480      84780 1 1 1 1 1 0 0
     84480      84780 1 1 0 1 0 0 0
     86100          0 0 0 0 0 0 1 0
     86100          0 0 0 0 0 0 1 0
     86280        180 1 1 1 1 1 0 0
     86280        180 1 1 0 1 0 0 0
138
