      6240       6540 1 1 1 1 1 0 0
      6240       6540 1 1 0 1 0 0 0
      8640       8940 0 0 1 0 1 0 0
      9000       9300 0 0 0 0 0 1 0
     15840      16140 1 1 1 1 1 0 0
     17640      17940 1 1 1 1 1 0 0
     22980      23280 1 1 1 1 1 0 0
     25980      26280 1 1 1 1 1 0 0
     27180      27480 1 1 1 1 1 0 0
     29580      29880 1 1 1 1 1 0 0
     30780      31080 1 1 1 1 1 0 0
     31980      32280 1 1 1 1 1 0 0
     33840      34140 1 1 1 1 1 0 0
     35640      35940 1 1 1 1 1 0 0
     37440      37740 0 0 0 1 0 0 0
     37440      37740 1 1 1 1 1 0 0
     37440      37740 1 0 0 0 0 0 0
     39240      39540 0 0 0 1 0 0 0
     39240      39540 1 1 1 1 1 0 0
     39240      39540 1 0 0 0 0 0 0
     39240      39540 1 0 0 0 0 0 0
     41040      41340 1 0 0 0 0 0 0
     41040      41340 1 1 1 1 1 0 0
     41040      41340 1 0 0 0 0 0 0
     41040      41340 0 0 0 1 0 0 0
     42840      43140 1 0 0 0 0 0 0
     42840      43140 1 0 0 0 0 0 0
     42840      43140 0 0 0 1 0 0 0
     42840      43140 1 1 1 1 1 0 0
     44640      44940 1 1 1 1 1 0 0
     44640      44940 0 0 0 1 0 0 0
     48240      48540 1 1 1 1 1 0 0
     50040      50340 1 1 1 1 1 0 0
     51840      52140 1 1 1 1 1 0 0
     54000      54300 1 1 1 1 1 0 0
     55800      56100 1 1 1 1 1 0 0
     66600      66900 1 1 1 1 1 0 0
     72000      72300 0 0 0 0 0 1 0
     72000      72300 0 0 0 0 0 1 0
     73440      73740 1 1 1 1 1 0 0
     73800      74100 0 0 0 0 0 1 0
     73800      74100 0 0 0 0 0 1 0
     75240      75540 1 1 1 1 1 0 0
     75600      75900 0 0 0 0 0 1 0
     75600      75900 0 0 0 0 0 1 0
     77040      77340 1 1 1 1 1 0 0
     77040      77340 1 1 0 1 0 0 0
     77400      77700 0 0 0 0 0 1 0
     77400      77700 0 0 0 0 0 1 0
     78840      79140 1 1 1 1 1 0 0
     78840      79140 0 0 0 1 0 0 0
     78840      79140 1 1 1 1 0 0 0
     79200      79500 0 0 0 0 0 1 0
     79200      79500 0 0 0 0 0 1 0
     80640      80940 1 1 0 1 0 0 0
     80640      80940 1 1 1 1 1 0 0
     82440      82740 0 0 0 1 0 0 0
     82440      82740 1 1 0 1 0 0 0
     82440      82740 1 1 1 1 1 0 0
     86040      86340 0 0 1 0 1 0 0
60
