     33360      33900 1 1 1 1 1 0 0
     36780      37380 0 0 0 0 0 1 0
     36780      37380 0 0 0 0 0 1 0
     36780      37380 0 0 0 0 0 1 0
     36960      37500 1 1 1 1 1 0 0
     40380      40980 0 0 0 0 0 1 0
     40380      40980 0 0 0 0 0 1 0
     40380      40980 0 0 0 0 0 1 0
     40560      41100 1 1 1 1 1 0 0
     43980      44580 0 0 0 0 0 1 0
     44160      44700 1 1 1 1 1 0 0
     47580      48180 0 0 0 0 0 1 0
     47580      48180 0 0 0 0 0 1 0
     47580      48180 0 0 0 0 0 1 0
     47760      48300 1 1 1 1 1 0 0
     51180      51780 0 0 0 0 0 1 0
     51180      51780 0 0 0 0 0 1 0
     51180      51780 0 0 0 0 0 1 0
     51360      51900 1 1 1 1 1 0 0
     53160      53700 1 1 1 1 1 0 0
     54780      55380 0 0 0 0 0 1 0
     54780      55380 0 0 0 0 0 1 0
     54780      55380 0 0 0 0 0 1 0
     54960      55500 1 1 1 1 1 0 0
     58380      58980 0 0 0 0 0 1 0
     58380      58980 0 0 0 0 0 1 0
     58380      58980 0 0 0 0 0 1 0
     58560      59100 1 1 1 1 1 0 0
     60240      60780 0 0 0 0 0 1 0
     60240      60780 0 0 0 0 0 1 0
     61980      62580 0 0 0 0 0 1 0
     61980      62580 0 0 0 0 0 1 0
     61980      62580 0 0 0 0 0 1 0
     62160      62700 1 1 1 1 1 0 0
     65580      66180 0 0 0 0 0 1 0
     65580      66180 0 0 0 0 0 1 0
     65580      66180 0 0 0 0 0 1 0
     65760      66300 1 1 1 1 1 0 0
     72660      73260 0 0 0 0 0 1 0
     72660      73260 0 0 0 0 0 1 0
     72660      73260 0 0 0 0 0 1 0
     72960      73500 1 1 1 1 1 0 0
     76260      76860 0 0 0 0 0 1 0
     76260      76860 0 0 0 0 0 1 0
     76260      76860 0 0 0 0 0 1 0
     76560      77100 1 1 1 1 1 0 0
     80160      80700 1 1 1 1 1 0 0
47
