     15540      16200 0 0 0 0 1 0 0
     15540      16200 1 1 1 1 1 0 0
     16020      16680 0 0 0 0 0 1 0
     16020      16680 0 0 0 0 0 1 0
     16020      16680 0 0 0 0 0 1 0
     21360      21960 0 0 0 0 0 1 0
     21360      21960 0 0 0 0 0 1 0
     21360      21960 0 0 0 0 0 1 0
     23040      23640 0 0 0 0 0 1 0
     23040      23640 0 0 0 0 0 1 0
     27120      27780 0 0 0 0 0 1 0
     27120      27780 0 0 0 0 0 1 0
     27120      27780 0 0 0 0 0 1 0
     30720      31380 0 0 0 0 0 1 0
     30720      31380 0 0 0 0 0 1 0
     30720      31380 0 0 0 0 0 1 0
     34320      34980 0 0 0 0 0 1 0
     34320      34980 0 0 0 0 0 1 0
     34320      34980 0 0 0 0 0 1 0
     36120      36780 0 0 0 0 0 1 0
     36120      36780 0 0 0 0 0 1 0
     36120      36780 0 0 0 0 0 1 0
     37920      38580 0 0 0 0 0 1 0
     37920      38580 0 0 0 0 0 1 0
     37920      38580 0 0 0 0 0 1 0
     41520      42180 0 0 0 0 0 1 0
     41520      42180 0 0 0 0 0 1 0
     41520      42180 0 0 0 0 0 1 0
     45120      45780 0 0 0 0 0 1 0
     45120      45780 0 0 0 0 0 1 0
     45120      45780 0 0 0 0 0 1 0
     48720      49380 0 0 0 0 0 1 0
     48720      49380 0 0 0 0 0 1 0
     48720      49380 0 0 0 0 0 1 0
     52320      52980 0 0 0 0 0 1 0
     52320      52980 0 0 0 0 0 1 0
     52320      52980 0 0 0 0 0 1 0
     55920      56580 0 0 0 0 0 1 0
     55920      56580 0 0 0 0 0 1 0
     55920      56580 0 0 0 0 0 1 0
     59520      60180 0 0 0 0 0 1 0
     59520      60180 0 0 0 0 0 1 0
     59520      60180 0 0 0 0 0 1 0
     59880      60480 1 1 1 1 1 0 0
     63120      63780 0 0 0 0 0 1 0
     63120      63780 0 0 0 0 0 1 0
     63120      63780 0 0 0 0 0 1 0
     66720      67380 0 0 0 0 0 1 0
     66720      67380 0 0 0 0 0 1 0
     66720      67380 0 0 0 0 0 1 0
     70320      70980 0 0 0 0 0 1 0
     70320      70980 0 0 0 0 0 1 0
     70320      70980 0 0 0 0 0 1 0
     75120      75720 0 0 0 0 0 1 0
     75120      75720 0 0 0 0 0 1 0
     75120      75720 0 0 0 0 0 1 0
     78720      79380 0 0 0 0 0 1 0
     78720      79380 0 0 0 0 0 1 0
     78720      79380 0 0 0 0 0 1 0
     82320      82980 0 0 0 0 0 1 0
     82320      82980 0 0 0 0 0 1 0
     82320      82980 0 0 0 0 0 1 0
62
