       120        360 0 0 1 0 1 0 0
      1860       2160 1 1 1 1 0 0 0
      1860       2160 1 1 0 1 0 0 0
      1860       2160 1 1 1 1 1 0 0
      1860       2160 0 0 0 1 0 0 0
      2340       2640 0 0 0 0 0 1 0
      2340       2640 0 0 0 0 0 0 0
      2340       2640 0 0 0 0 0 1 0
      5880       6120 0 0 0 0 0 0 0
      5880       6120 0 0 0 0 0 1 0
      6660       6960 1 1 1 1 0 0 0
      6660       6960 1 1 0 1 0 0 0
      6660       6960 1 1 1 1 1 0 0
      9060       9360 0 0 1 0 1 0 0
      9480       9720 0 0 0 0 0 1 0
     14520      14760 1 1 1 1 1 0 0
     16320      16560 1 1 1 1 1 0 0
     17040      17280 0 0 0 0 0 1 0
     17040      17280 0 0 0 0 0 1 0
     18120      18360 1 1 1 1 1 0 0
     18840      19080 0 0 0 0 0 1 0
     18840      19080 0 0 0 0 0 1 0
     19860      20100 1 1 1 1 1 0 0
     20640      20880 0 0 0 0 0 1 0
     20640      20880 0 0 0 0 0 1 0
     21660      21900 1 1 1 1 1 0 0
     22440      22680 0 0 0 0 0 1 0
     22440      22680 0 0 0 0 0 1 0
     23460      23700 1 1 1 1 1 0 0
     24240      24480 0 0 0 0 0 1 0
     24240      24480 0 0 0 0 0 1 0
     25260      25500 1 1 1 1 1 0 0
     26040      26280 0 0 0 0 0 1 0
     26040      26280 0 0 0 0 0 1 0
     26460      26700 1 1 1 1 1 0 0
     27660      27900 1 1 1 1 1 0 0
     27960      28200 0 0 0 0 0 1 0
     27960      28200 0 0 0 0 0 1 0
     28860      29100 1 1 1 1 1 0 0
     29760      30000 0 0 0 0 0 1 0
     29760      30000 0 0 0 0 0 1 0
     30060      30300 1 1 1 1 1 0 0
     31260      31500 1 1 1 1 1 0 0
     31560      31800 0 0 0 0 0 1 0
     31560      31800 0 0 0 0 0 1 0
     32460      32700 1 1 1 1 1 0 0
     33360      33600 0 0 0 0 0 1 0
     33360      33600 0 0 0 0 0 1 0
     34320      34560 1 1 1 1 1 0 0
     35160      35400 0 0 0 0 0 1 0
     35160      35400 0 0 0 0 0 1 0
     36120      36360 1 1 1 1 1 0 0
     36960      37200 0 0 0 0 0 1 0
     36960      37200 0 0 0 0 0 1 0
     37920      38160 1 1 1 1 1 0 0
     37920      38160 0 0 0 1 0 0 0
     37920      38160 1 0 0 0 0 0 0
     38760      39000 0 0 0 0 0 1 0
     38760      39000 0 0 0 0 0 1 0
     39720      39960 0 0 0 1 0 0 0
     39720      39960 1 0 0 0 0 0 0
     39720      39960 1 1 1 1 1 0 0
     39720      39960 1 0 0 0 0 0 0
     40560      40800 0 0 0 0 0 1 0
     40560      40800 0 0 0 0 0 1 0
     41520      41760 1 0 0 0 0 0 0
     41520      41760 1 0 0 0 0 0 0
     41520      41760 0 0 0 1 0 0 0
     41520      41760 1 1 1 1 1 0 0
     42360      42600 0 0 0 0 0 1 0
     42360      42600 0 0 0 0 0 1 0
     43320      43560 1 1 1 1 1 0 0
     43320      43560 0 0 0 1 0 0 0
     43320      43560 1 0 0 0 0 0 0
     43320      43560 1 0 0 0 0 0 0
     44160      44400 0 0 0 0 0 1 0
     44160      44400 0 0 0 0 0 1 0
     45120      45360 0 0 0 1 0 0 0
     45120      45360 1 1 1 1 1 0 0
     45960      46200 0 0 0 0 0 1 0
     45960      46200 0 0 0 0 0 1 0
     46920      47160 1 1 1 1 1 0 0
     46920      47160 0 0 0 1 0 0 0
     47760      48000 0 0 0 0 0 1 0
     47760      48000 0 0 0 0 0 1 0
     48720      48960 1 1 1 1 1 0 0
     49560      49800 0 0 0 0 0 1 0
     49560      49800 0 0 0 0 0 1 0
     50520      50760 1 1 1 1 1 0 0
     51360      51600 0 0 0 0 0 1 0
     51360      51600 0 0 0 0 0 1 0
     52320      52560 1 1 1 1 1 0 0
     53160      53400 0 0 0 0 0 1 0
     53160      53400 0 0 0 0 0 1 0
     54480      54720 1 1 1 1 1 0 0
     54960      55200 0 0 0 0 0 1 0
     54960      55200 0 0 0 0 0 1 0
     56280      56520 1 1 1 1 1 0 0
     56760      57000 0 0 0 0 0 1 0
     56760      57000 0 0 0 0 0 1 0
     58080      58320 1 1 1 1 1 0 0
     58560      58800 0 0 0 0 0 1 0
     58560      58800 0 0 0 0 0 1 0
     59880      60120 1 1 1 1 1 0 0
     60360      60600 0 0 0 0 0 1 0
     60360      60600 0 0 0 0 0 1 0
     61680      61920 1 1 1 1 1 0 0
     62160      62400 0 0 0 0 0 1 0
     62160      62400 0 0 0 0 0 1 0
     63480      63720 1 1 1 1 1 0 0
     63960      64200 0 0 0 0 0 1 0
     63960      64200 0 0 0 0 0 1 0
     65280      65520 1 1 1 1 1 0 0
     65760      66000 0 0 0 0 0 1 0
     65760      66000 0 0 0 0 0 1 0
     67080      67320 1 1 1 1 1 0 0
     67560      67800 0 0 0 0 0 1 0
     67560      67800 0 0 0 0 0 1 0
     68520      68760 1 1 1 1 1 0 0
     69360      69600 0 0 0 0 0 1 0
     69360      69600 0 0 0 0 0 1 0
     70320      70560 1 1 1 1 1 0 0
     71160      71400 0 0 0 0 0 1 0
     71160      71400 0 0 0 0 0 1 0
     72120      72360 1 1 1 1 1 0 0
     72480      72720 0 0 0 0 0 1 0
     72480      72720 0 0 0 0 0 1 0
     73920      74160 1 1 1 1 1 0 0
     74280      74520 0 0 0 0 0 1 0
     74280      74520 0 0 0 0 0 1 0
     75720      75960 1 1 1 1 1 0 0
     76080      76320 0 0 0 0 0 1 0
     76080      76320 0 0 0 0 0 1 0
     77520      77760 1 1 1 1 1 0 0
     77520      77760 1 1 0 1 0 0 0
     77880      78120 0 0 0 0 0 1 0
     77880      78120 0 0 0 0 0 1 0
     79320      79560 0 0 0 1 0 0 0
     79320      79560 1 1 1 1 1 0 0
     79320      79560 1 1 1 1 0 0 0
     79680      79920 0 0 0 0 0 1 0
     79680      79920 0 0 0 0 0 1 0
     81120      81360 1 1 0 1 0 0 0
     81120      81360 1 1 1 1 1 0 0
     81480      81720 0 0 0 0 0 1 0
     81480      81720 0 0 0 0 0 1 0
     82920      83160 1 1 1 1 1 0 0
     82920      83160 0 0 0 1 0 0 0
     82920      83160 1 1 0 1 0 0 0
     83280      83520 0 0 0 0 0 1 0
     83280      83520 0 0 0 0 0 1 0
     84720      84960 1 1 0 1 0 0 0
     84720      84960 1 1 1 1 1 0 0
     85080      85320 0 0 0 0 0 1 0
     85080      85320 0 0 0 0 0 1 0
     85080      85320 0 0 0 0 0 0 0
156
