      1200       1380 1 1 1 1 1 0 0
      4800       4980 1 1 1 1 1 0 0
     18900      19080 1 1 1 1 1 0 0
     21000      21180 1 1 1 1 1 0 0
     21420      21600 0 0 0 0 0 1 0
     24600      24780 1 1 1 1 1 0 0
     26340      26520 0 0 0 0 0 1 0
     26400      26580 1 1 1 1 1 0 0
     30000      30180 1 1 1 1 1 0 0
     30240      30420 0 0 0 0 0 1 0
     33300      33480 0 0 0 0 0 1 0
     33780      33960 1 1 1 1 1 0 0
     37200      37380 1 1 1 1 1 0 0
     37440      37620 0 0 0 0 0 1 0
     40500      40680 0 0 0 0 0 1 0
     40800      40980 1 1 1 1 1 0 0
     44400      44580 1 1 1 1 1 0 0
     44640      44820 0 0 0 0 0 1 0
     47700      47880 0 0 0 0 0 1 0
     48000      48180 1 1 1 1 1 0 0
     51600      51780 1 1 1 1 1 0 0
     51840      52020 0 0 0 0 0 1 0
     54900      55080 0 0 0 0 0 1 0
     55200      55380 1 1 1 1 1 0 0
     58800      58980 1 1 1 1 1 0 0
     59040      59220 0 0 0 0 0 1 0
     62100      62280 0 0 0 0 0 1 0
     62400      62580 1 1 1 1 1 0 0
     66240      66420 0 0 0 0 0 1 0
     66420      66600 1 1 1 1 1 0 0
     68700      68880 1 1 1 1 1 0 0
     69300      69480 0 0 0 0 0 1 0
     70140      70320 1 1 1 1 1 0 0
     71760      71940 1 1 1 1 1 0 0
     72960      73140 0 0 0 0 0 1 0
     74160      74340 1 1 1 1 1 0 0
     76800      76980 1 1 1 1 1 0 0
     76860      77040 0 0 0 0 0 1 0
     80400      80580 1 1 1 1 1 0 0
     80520      80700 0 0 0 0 0 1 0
     80520      80700 0 0 0 0 0 1 0
     84000      84180 1 1 1 1 1 0 0
     84180      84360 0 0 0 0 0 1 0
     84180      84360 0 0 0 0 0 1 0
44
