       780        900 0 0 0 0 0 1 0
       780        900 0 0 0 0 0 1 0
      1080       1200 1 1 1 1 1 0 0
      3180       3360 0 0 1 0 0 0 0
      3180       3300 1 1 1 1 1 0 0
      3180       3300 1 1 0 1 0 0 0
      4320       4440 0 0 0 0 0 1 0
      4320       4440 0 0 0 0 0 1 0
      4680       4800 1 1 1 1 1 0 0
      8460       8580 1 1 1 1 1 0 0
      8460       8580 0 0 0 0 0 1 0
      8460       8580 0 0 0 0 0 1 0
      8460       8580 0 0 1 0 0 0 0
      8460       8580 1 1 0 1 0 0 0
      8520       8640 1 1 1 1 0 0 0
     13020      13140 1 1 1 1 1 0 0
     15600      15720 1 1 1 1 1 0 0
     17760      17880 0 0 0 0 0 1 0
     17940      18060 1 1 1 1 1 0 0
     20280      20400 1 1 1 1 1 0 0
     20880      21000 1 1 1 1 1 0 0
     21300      21420 0 0 0 0 0 1 0
     21720      21840 1 1 1 1 1 0 0
     22080      22200 0 0 0 0 0 1 0
     22860      22980 1 1 1 1 1 0 0
     24480      24600 1 1 1 1 1 0 0
     24960      25080 0 0 0 0 0 1 0
     24960      25080 0 0 0 0 0 1 0
     25620      25740 1 1 1 1 1 0 0
     26220      26340 0 0 0 0 0 1 0
     26280      26400 1 1 1 1 1 0 0
     28380      28500 1 1 1 1 1 0 0
     29760      29880 0 0 0 0 0 1 0
     29880      30000 1 1 1 1 1 0 0
     30120      30240 0 0 0 0 0 1 0
     31980      32100 1 1 1 1 1 0 0
     32340      32460 0 0 0 0 0 1 0
     32340      32460 0 0 0 0 0 1 0
     33180      33300 0 0 0 0 0 1 0
     33660      33780 1 1 1 1 1 0 0
     35940      36060 1 1 1 1 1 0 0
     36480      36600 0 0 0 0 0 1 0
     36480      36600 0 0 0 0 0 1 0
     37080      37200 1 1 1 1 1 0 0
     37320      37440 0 0 0 0 0 1 0
     39300      39420 1 1 1 1 1 0 0
     39300      39420 0 1 0 0 0 0 0
     39660      39780 0 0 0 0 0 1 0
     39660      39780 0 0 0 0 0 1 0
     40380      40500 0 0 0 0 0 1 0
     40680      40800 1 1 1 1 1 0 0
     42780      42900 1 1 1 1 1 0 0
     42780      42900 0 1 0 0 0 0 0
     43680      43800 0 0 0 0 0 1 0
     43680      43800 0 0 0 0 0 1 0
     44280      44400 1 1 1 1 1 0 0
     44520      44640 0 0 0 0 0 1 0
     46380      46500 0 1 0 0 0 0 0
     46380      46500 1 0 0 0 0 0 0
     46380      46500 1 1 1 1 1 0 0
     46380      46500 0 0 0 1 0 0 0
     46380      46500 1 0 0 0 0 0 0
     46860      46980 0 0 0 0 0 1 0
     46860      46980 0 0 0 0 0 1 0
     47580      47700 0 0 0 0 0 1 0
     47880      48000 1 1 1 1 1 0 0
     49980      50100 0 0 0 1 0 0 0
     49980      50100 0 1 0 0 0 0 0
     49980      50100 1 0 0 0 0 0 0
     49980      50100 1 1 1 1 1 0 0
     49980      50100 1 0 0 0 0 0 0
     50880      51000 0 0 0 0 0 1 0
     50880      51000 0 0 0 0 0 1 0
     51480      51600 1 1 1 1 1 0 0
     51720      51840 0 0 0 0 0 1 0
     53580      53700 0 1 0 0 0 0 0
     53580      53700 1 1 1 1 1 0 0
     54060      54180 0 0 0 0 0 1 0
     54060      54180 0 0 0 0 0 1 0
     54780      54900 0 0 0 0 0 1 0
     55080      55200 1 1 1 1 1 0 0
     57180      57300 1 1 1 1 1 0 0
     57180      57300 0 1 0 0 0 0 0
     58080      58200 0 0 0 0 0 1 0
     58080      58200 0 0 0 0 0 1 0
     58680      58800 1 1 1 1 1 0 0
     58920      59040 0 0 0 0 0 1 0
     60780      60900 1 1 1 1 1 0 0
     60780      60900 0 1 0 0 0 0 0
     61260      61380 0 0 0 0 0 1 0
     61260      61380 0 0 0 0 0 1 0
     61980      62100 0 0 0 0 0 1 0
     62280      62400 1 1 1 1 1 0 0
     63180      63300 1 1 1 1 1 0 0
     63180      63300 1 1 1 1 1 0 0
     64380      64500 1 1 1 1 1 0 0
     65280      65400 0 0 0 0 0 1 0
     65280      65400 0 0 0 0 0 1 0
     65940      66060 1 1 1 1 1 0 0
     66120      66240 0 0 0 0 0 1 0
     66300      66420 1 1 1 1 1 0 0
     67020      67140 1 1 1 1 1 0 0
     68040      68160 1 1 1 1 1 0 0
     68040      68160 1 1 1 1 1 0 0
     68580      68700 1 1 1 1 1 0 0
     68700      68820 0 0 0 0 0 1 0
     69180      69300 0 0 0 0 0 1 0
     70020      70140 1 1 1 1 1 0 0
     70440      70560 1 1 1 1 1 0 0
     70440      70560 1 1 1 1 1 0 0
     71640      71760 1 1 1 1 1 0 0
     72480      72600 0 0 0 0 0 1 0
     72480      72600 0 0 0 0 0 1 0
     72840      72960 1 1 1 1 1 0 0
     72840      72960 0 0 1 0 0 0 0
     72840      72960 1 1 1 1 1 0 0
     72840      72960 0 0 0 0 0 1 0
     74040      74160 1 1 1 1 1 0 0
     75240      75360 1 1 1 1 1 0 0
     75240      75360 0 0 1 0 0 0 0
     76380      76500 0 0 0 0 0 1 0
     76380      76500 0 0 0 0 0 1 0
     76680      76800 1 1 1 1 1 0 0
     76740      76860 0 0 0 0 0 1 0
     78780      78900 0 0 1 0 0 0 0
     78780      78900 1 1 1 1 1 0 0
     79980      80100 0 0 0 0 0 1 0
     79980      80100 0 0 0 0 0 1 0
     80280      80400 1 1 1 1 1 0 0
     80400      80520 0 0 0 0 0 1 0
     80400      80520 0 0 0 0 0 1 0
     82380      82500 1 1 1 1 1 0 0
     83640      83760 0 0 0 0 0 1 0
     83640      83760 0 0 0 0 0 1 0
     83880      84000 1 1 1 1 1 0 0
     84060      84180 0 0 0 0 0 1 0
     85980      86100 1 1 0 1 0 0 0
     85980      86100 1 1 1 1 1 0 0
138
