     12120      12240 1 1 1 1 1 0 0
     12300      12420 0 0 0 0 1 0 0
     12540      12720 0 0 0 0 0 1 0
     12540      12720 0 0 0 0 0 1 0
     12540      12720 0 0 0 0 0 1 0
     15360      15480 1 1 1 1 1 0 0
     17400      17520 1 1 1 1 1 0 0
     17400      17520 1 0 0 0 0 0 0
     17880      18060 0 0 0 0 0 1 0
     17880      18060 0 0 0 0 0 1 0
     17880      18060 0 0 0 0 0 1 0
     18300      18420 1 1 1 1 1 0 0
     18600      18720 0 0 0 0 0 1 0
     19980      20160 0 0 0 0 0 1 0
     19980      20160 0 0 0 0 0 1 0
     20880      21000 1 1 1 1 1 0 0
     21960      22080 1 1 1 1 1 0 0
     23220      23340 1 1 1 1 1 0 0
     23520      23640 0 0 0 0 0 1 0
     24300      24420 1 1 1 1 1 0 0
     26580      26700 1 1 1 1 1 0 0
     26940      27060 0 0 0 0 0 1 0
     29520      29640 1 1 1 1 1 0 0
     30420      30540 0 0 0 0 0 1 0
     33120      33240 1 1 1 1 1 0 0
     34140      34260 0 0 0 0 0 1 0
     36720      36840 1 1 1 1 1 0 0
     37740      37860 0 0 0 0 0 1 0
     40320      40440 1 1 1 1 1 0 0
     41340      41460 0 0 0 0 0 1 0
     43920      44040 1 1 1 1 1 0 0
     44940      45060 0 0 0 0 0 1 0
     47520      47640 1 1 1 1 1 0 0
     48540      48660 0 0 0 0 0 1 0
     51120      51240 1 1 1 1 1 0 0
     52140      52260 0 0 0 0 0 1 0
     54720      54840 1 1 1 1 1 0 0
     55560      55680 1 1 1 1 1 0 0
     55740      55860 0 0 0 0 0 1 0
     58320      58440 1 1 1 1 1 0 0
     59340      59460 0 0 0 0 0 1 0
     61920      62040 1 1 1 1 1 0 0
     62940      63060 0 0 0 0 0 1 0
     65520      65640 1 1 1 1 1 0 0
     66540      66660 0 0 0 0 0 1 0
     69120      69240 1 1 1 1 1 0 0
     70140      70260 0 0 0 0 0 1 0
     72060      72240 0 0 0 0 0 1 0
     72060      72240 0 0 0 0 0 1 0
     72060      72240 0 0 0 0 0 1 0
     72720      72840 1 1 1 1 1 0 0
     75300      75420 0 0 0 0 0 1 0
     75300      75420 0 0 0 0 0 1 0
     75360      75480 0 0 0 0 0 1 0
     76320      76440 1 1 1 1 1 0 0
     78900      79080 0 0 0 0 0 1 0
     78900      79020 0 0 0 0 0 1 0
     78900      79020 0 0 0 0 0 1 0
     79920      80040 1 1 1 1 1 0 0
     83520      83640 1 1 1 1 1 0 0
     84840      84960 0 0 0 0 0 1 0
     84840      84960 0 0 0 0 0 0 0
     84840      84960 0 0 0 0 0 1 0
63
