       480        660 0 0 0 0 0 1 0
       480        660 0 0 0 0 0 1 0
       480        660 0 0 0 0 0 1 0
       840       1020 1 1 1 1 1 0 0
      2880       3060 1 1 0 1 0 0 0
      2880       3060 1 1 1 1 1 0 0
      2940       3060 0 0 1 0 0 0 0
      4080       4260 0 0 0 0 0 1 0
      4080       4260 0 0 0 0 0 1 0
      4080       4260 0 0 0 0 0 1 0
      4440       4620 1 1 1 1 1 0 0
      7440       7560 1 1 1 1 1 0 0
      7440       7680 0 0 0 0 1 0 0
      7440       7560 0 0 1 0 0 0 0
      7440       7560 1 1 0 1 0 0 0
      7500       7620 1 1 1 1 0 0 0
      8220       8400 0 0 0 0 0 1 0
      8220       8400 0 0 0 0 0 1 0
      8220       8400 0 0 0 0 0 1 0
     17760      17880 1 1 1 1 1 0 0
     20640      20820 1 1 1 1 1 0 0
     21060      21180 0 0 0 0 0 1 0
     22680      22800 1 1 1 1 1 0 0
     24240      24420 1 1 1 1 1 0 0
     24720      24900 0 0 0 0 0 1 0
     24720      24900 0 0 0 0 0 1 0
     24720      24900 0 0 0 0 0 1 0
     25380      25560 1 1 1 1 1 0 0
     25980      26100 0 0 0 0 0 1 0
     26040      26220 1 1 1 1 1 0 0
     28140      28320 1 1 1 1 1 0 0
     28920      29100 0 0 0 0 0 1 0
     28920      29220 0 0 0 0 0 1 0
     28920      29220 0 0 0 0 0 1 0
     29640      29820 1 1 1 1 1 0 0
     29880      30000 0 0 0 0 0 1 0
     30900      31080 1 1 1 1 1 0 0
     31800      31920 1 1 1 1 1 0 0
     32100      32280 0 0 0 0 0 1 0
     32100      32280 0 0 0 0 0 1 0
     32100      32280 0 0 0 0 0 1 0
     32940      33060 0 0 0 0 0 1 0
     33480      33600 1 1 1 1 1 0 0
     35520      35700 1 1 1 1 1 0 0
     36240      36420 0 0 0 0 0 1 0
     36240      36360 0 0 0 0 0 1 0
     36240      36360 0 0 0 0 0 1 0
     36840      37020 1 1 1 1 1 0 0
     37080      37200 0 0 0 0 0 1 0
     39060      39240 1 1 1 1 1 0 0
     39060      39240 0 1 0 0 0 0 0
     39420      39600 0 0 0 0 0 1 0
     39420      39600 0 0 0 0 0 1 0
     39420      39600 0 0 0 0 0 1 0
     40140      40260 0 0 0 0 0 1 0
     40440      40620 1 1 1 1 1 0 0
     41640      41820 1 1 1 1 1 0 0
     42480      42660 1 1 1 1 1 0 0
     42480      42660 0 1 0 0 0 0 0
     43440      43560 0 0 0 0 0 1 0
     43440      43560 0 0 0 0 0 1 0
     43440      43620 0 0 0 0 0 1 0
     44040      44220 1 1 1 1 1 0 0
     44280      44400 0 0 0 0 0 1 0
     46080      46260 0 1 0 0 0 0 0
     46080      46260 1 1 1 1 1 0 0
     46080      46260 0 0 0 1 0 0 0
     46200      46320 1 0 0 0 0 0 0
     46200      46320 1 0 0 0 0 0 0
     46620      46800 0 0 0 0 0 1 0
     46620      46800 0 0 0 0 0 1 0
     46620      46800 0 0 0 0 0 1 0
     47340      47460 0 0 0 0 0 1 0
     47640      47820 1 1 1 1 1 0 0
     49680      49860 1 1 1 1 1 0 0
     49680      49860 0 1 0 0 0 0 0
     49680      49860 0 0 0 1 0 0 0
     49680      49860 1 0 0 0 0 0 0
     49740      49920 1 0 0 0 0 0 0
     50640      50760 0 0 0 0 0 1 0
     50640      50820 0 0 0 0 0 1 0
     50640      50760 0 0 0 0 0 1 0
     51240      51420 1 1 1 1 1 0 0
     51480      51600 0 0 0 0 0 1 0
     53280      53460 1 1 1 1 1 0 0
     53280      53460 0 1 0 0 0 0 0
     53820      54000 0 0 0 0 0 1 0
     53820      54000 0 0 0 0 0 1 0
     53820      54000 0 0 0 0 0 1 0
     54540      54660 0 0 0 0 0 1 0
     54840      55020 1 1 1 1 1 0 0
     56880      57060 1 1 1 1 1 0 0
     56880      57060 0 1 0 0 0 0 0
     57840      57960 0 0 0 0 0 1 0
     57840      58020 0 0 0 0 0 1 0
     57840      57960 0 0 0 0 0 1 0
     58440      58620 1 1 1 1 1 0 0
     58680      58800 0 0 0 0 0 1 0
     60480      60660 0 1 0 0 0 0 0
     60480      60660 1 1 1 1 1 0 0
     61020      61200 0 0 0 0 0 1 0
     61020      61200 0 0 0 0 0 1 0
     61020      61200 0 0 0 0 0 1 0
     61740      61860 0 0 0 0 0 1 0
     62040      62220 1 1 1 1 1 0 0
     62820      63000 1 1 1 1 1 0 0
     62820      63000 1 1 1 1 1 0 0
     64140      64320 1 1 1 1 1 0 0
     65040      65160 0 0 0 0 0 1 0
     65040      65160 0 0 0 0 0 1 0
     65040      65220 0 0 0 0 0 1 0
     65460      65640 1 1 1 1 1 0 0
     65460      65640 1 1 1 1 1 0 0
     65880      66000 0 0 0 0 0 1 0
     66120      66240 1 1 1 1 1 0 0
     66840      66960 1 1 1 1 1 0 0
     67800      67980 1 1 1 1 1 0 0
     67800      67980 1 1 1 1 1 0 0
     68220      68400 0 0 0 0 0 1 0
     68220      68400 0 0 0 0 0 1 0
     68220      68400 0 0 0 0 0 1 0
     68400      68520 1 1 1 1 1 0 0
     68940      69060 0 0 0 0 0 1 0
     69060      69240 1 1 1 1 1 0 0
     69780      69900 1 1 1 1 1 0 0
     70200      70380 1 1 1 1 1 0 0
     70200      70380 1 1 1 1 1 0 0
     71400      71580 1 1 1 1 1 0 0
     72240      72360 0 0 0 0 0 1 0
     72240      72360 0 0 0 0 0 1 0
     72240      72360 0 0 0 0 0 1 0
     72600      72780 1 1 1 1 1 0 0
     72600      72780 1 1 1 1 1 0 0
     72600      72780 0 0 1 0 0 0 0
     72960      73080 0 0 0 0 0 1 0
     73800      73980 1 1 1 1 1 0 0
     75000      75180 0 0 1 0 0 0 0
     75000      75120 1 1 1 1 1 0 0
     76140      76260 0 0 0 0 0 1 0
     76140      76260 0 0 0 0 0 1 0
     76140      76260 0 0 0 0 0 1 0
     76440      76620 1 1 1 1 1 0 0
     78480      78660 1 1 1 1 1 0 0
     78480      78660 0 0 1 0 0 0 0
     79740      79860 0 0 0 0 0 1 0
     79740      79920 0 0 0 0 0 1 0
     79740      79920 0 0 0 0 0 1 0
     80040      80220 1 1 1 1 1 0 0
     82080      82260 1 1 1 1 1 0 0
     83280      83460 0 0 0 0 0 1 0
     83280      83460 0 0 0 0 0 1 0
     83280      83460 0 0 0 0 0 1 0
     83640      83820 1 1 1 1 1 0 0
     85680      85860 1 1 0 1 0 0 0
     85680      85860 1 1 1 1 1 0 0
155
