     16680      17220 1 1 1 1 1 0 0
     19320      19860 1 1 1 1 1 0 0
     21540      22080 1 1 1 1 1 0 0
     21540      22080 1 1 1 1 1 0 0
     22740      23280 1 1 1 1 1 0 0
     22740      23280 1 1 1 1 1 0 0
     23940      24480 1 1 1 1 1 0 0
     23940      24480 1 1 1 1 1 0 0
     24120      24660 0 0 0 0 0 1 0
     24120      24660 0 0 0 0 0 1 0
     24120      24660 0 0 0 0 0 1 0
     25140      25680 1 1 1 1 1 0 0
     26400      26940 1 1 1 1 1 0 0
     26400      26940 1 1 1 1 1 0 0
     27960      28500 0 0 0 0 0 1 0
     27960      28500 0 0 0 0 0 1 0
     27960      28500 0 0 0 0 0 1 0
     28740      29280 1 1 1 1 1 0 0
     28740      29280 1 1 1 1 1 0 0
     31140      31680 1 1 1 1 1 0 0
     31320      31860 0 0 0 0 0 1 0
     31320      31860 0 0 0 0 0 1 0
     31320      31860 0 0 0 0 0 1 0
     32940      33480 1 1 1 1 1 0 0
     33540      34080 0 0 0 0 0 1 0
     33540      34080 0 0 0 0 0 1 0
     33540      34080 0 0 0 0 0 1 0
     34740      35280 1 1 1 1 1 0 0
     35340      35880 0 0 0 0 0 1 0
     35340      35880 0 0 0 0 0 1 0
     35340      35880 0 0 0 0 0 1 0
     38340      38880 1 1 1 1 1 0 0
     38340      38880 1 0 0 0 0 0 0
     38340      38880 0 0 0 1 0 0 0
     38340      38880 0 0 0 0 1 0 0
     38520      39060 0 0 0 0 0 1 0
     38520      39060 0 0 0 0 0 1 0
     38520      39060 0 0 0 0 0 1 0
     41940      42480 1 0 0 0 0 0 0
     41940      42480 1 1 1 1 1 0 0
     41940      42480 0 0 0 0 1 0 0
     42000      42540 0 1 0 0 0 0 0
     42540      43080 0 0 0 0 0 1 0
     42540      43080 0 0 0 0 0 1 0
     42540      43080 0 0 0 0 0 1 0
     45540      46080 0 1 0 0 0 0 0
     45540      46080 1 1 1 1 1 0 0
     45540      46080 0 0 0 1 0 0 0
     45720      46260 0 0 0 0 0 1 0
     45720      46260 0 0 0 0 0 1 0
     45720      46260 0 0 0 0 0 1 0
     49140      49680 0 1 0 0 0 0 0
     49140      49680 1 1 1 1 1 0 0
     49740      50280 0 0 0 0 0 1 0
     49740      50280 0 0 0 0 0 1 0
     49740      50280 0 0 0 0 0 1 0
     52740      53280 1 1 1 1 1 0 0
     52740      53280 0 1 0 0 0 0 0
     52920      53460 0 0 0 0 0 1 0
     52920      53460 0 0 0 0 0 1 0
     52920      53460 0 0 0 0 0 1 0
     56340      56880 1 1 1 1 1 0 0
     56340      56880 0 1 0 0 0 0 0
     56940      57480 0 0 0 0 0 1 0
     56940      57480 0 0 0 0 0 1 0
     56940      57480 0 0 0 0 0 1 0
     58140      58680 1 1 1 1 1 0 0
     59940      60480 1 1 1 1 1 0 0
     59940      60480 0 1 0 0 0 0 0
     60120      60660 0 0 0 0 0 1 0
     60120      60660 0 0 0 0 0 1 0
     60120      60660 0 0 0 0 0 1 0
     63540      64080 0 1 0 0 0 0 0
     63540      64080 1 1 1 1 1 0 0
     64140      64680 0 0 0 0 0 1 0
     64140      64680 0 0 0 0 0 1 0
     64140      64680 0 0 0 0 0 1 0
     67140      67680 0 0 1 0 0 0 0
     67140      67680 1 1 1 1 1 0 0
     67320      67860 0 0 0 0 0 1 0
     67320      67860 0 0 0 0 0 1 0
     67320      67860 0 0 0 0 0 1 0
     70800      71340 0 0 0 1 0 0 0
     70800      71340 1 1 1 1 1 0 0
     70800      71340 0 0 1 0 0 0 0
     74340      74880 1 1 1 1 1 0 0
     77940      78480 1 1 0 1 0 0 0
     77940      78480 0 0 1 0 0 0 0
     77940      78480 1 1 1 1 1 0 0
     77940      78480 1 1 1 1 0 0 0
     81540      82080 1 1 0 1 0 0 0
     81540      82080 1 1 1 1 1 0 0
     85140      85680 1 1 1 1 1 0 0
     85140      85680 0 0 0 1 0 0 0
     85140      85680 1 1 1 1 0 0 0
     85140      85680 1 1 0 1 0 0 0
96
