       900       1200 0 0 0 0 0 1 0
       900       1200 0 0 0 0 0 1 0
      4440       4740 0 0 0 0 0 1 0
      4440       4740 0 0 0 0 0 1 0
      8580       8880 0 0 1 0 0 0 0
      8580       8880 0 0 0 0 0 1 0
      8580       8880 1 1 1 1 1 0 0
      8580       8880 0 0 0 0 0 1 0
      8580       8880 1 1 0 1 0 0 0
      8640       8940 1 1 1 1 0 0 0
     13140      13440 1 1 1 1 1 0 0
     15720      16020 1 1 1 1 1 0 0
     17220      17580 1 1 1 1 1 0 0
     17880      18180 0 0 0 0 0 1 0
     18060      18360 1 1 1 1 1 0 0
     20400      20700 1 1 1 1 1 0 0
     21840      22140 1 1 1 1 1 0 0
     22200      22500 0 0 0 0 0 1 0
     22980      23280 1 1 1 1 1 0 0
     25080      25440 0 0 0 0 0 1 0
     25080      25440 0 0 0 0 0 1 0
     28500      28800 1 1 1 1 1 0 0
     29880      30180 0 0 0 0 0 1 0
     32100      32460 1 1 1 1 1 0 0
     32460      32760 0 0 0 0 0 1 0
     32460      32760 0 0 0 0 0 1 0
     36060      36360 1 1 1 1 1 0 0
     36600      36900 0 0 0 0 0 1 0
     36600      36900 0 0 0 0 0 1 0
     39780      40080 0 0 0 0 0 1 0
     39780      40080 0 0 0 0 0 1 0
     42900      43200 0 1 0 0 0 0 0
     42900      43200 1 1 1 1 1 0 0
     43800      44100 0 0 0 0 0 1 0
     43800      44100 0 0 0 0 0 1 0
     46500      46800 0 1 0 0 0 0 0
     46500      46860 1 0 0 0 0 0 0
     46500      46800 0 0 0 1 0 0 0
     46500      46860 1 0 0 0 0 0 0
     46500      46800 1 1 1 1 1 0 0
     46980      47280 0 0 0 0 0 1 0
     46980      47280 0 0 0 0 0 1 0
     50100      50400 0 1 0 0 0 0 0
     50100      50400 1 1 1 1 1 0 0
     50100      50400 1 0 0 0 0 0 0
     50100      50400 1 0 0 0 0 0 0
     50100      50400 0 0 0 1 0 0 0
     51000      51300 0 0 0 0 0 1 0
     51000      51300 0 0 0 0 0 1 0
     53700      54000 1 1 1 1 1 0 0
     53700      54000 0 1 0 0 0 0 0
     54180      54480 0 0 0 0 0 1 0
     54180      54480 0 0 0 0 0 1 0
     57300      57600 1 1 1 1 1 0 0
     57300      57600 0 1 0 0 0 0 0
     58200      58500 0 0 0 0 0 1 0
     58200      58500 0 0 0 0 0 1 0
     60900      61200 1 1 1 1 1 0 0
     60900      61200 0 1 0 0 0 0 0
     61380      61680 0 0 0 0 0 1 0
     61380      61680 0 0 0 0 0 1 0
     63300      63600 1 1 1 1 1 0 0
     63300      63600 1 1 1 1 1 0 0
     64500      64800 1 1 1 1 1 0 0
     65400      65700 0 0 0 0 0 1 0
     65400      65700 0 0 0 0 0 1 0
     66060      66360 1 1 1 1 1 0 0
     67140      67500 1 1 1 1 1 0 0
     68160      68460 1 1 1 1 1 0 0
     68160      68460 1 1 1 1 1 0 0
     68820      69120 0 0 0 0 0 1 0
     70560      70860 1 1 1 1 1 0 0
     70560      70860 1 1 1 1 1 0 0
     72600      72900 0 0 0 0 0 1 0
     72600      72900 0 0 0 0 0 1 0
     72960      73260 1 1 1 1 1 0 0
     72960      73260 1 1 1 1 1 0 0
     72960      73260 0 0 1 0 0 0 0
     75360      75660 1 1 1 1 1 0 0
     75360      75660 0 0 1 0 0 0 0
     76500      76800 0 0 0 0 0 1 0
     76500      76800 0 0 0 0 0 1 0
     78900      79260 0 0 1 0 0 0 0
     78900      79200 1 1 1 1 1 0 0
     80100      80400 0 0 0 0 0 1 0
     80100      80400 0 0 0 0 0 1 0
     82500      82800 1 1 1 1 1 0 0
     83760      84060 0 0 0 0 0 1 0
     83760      84060 0 0 0 0 0 1 0
     86100          0 1 1 1 1 1 0 0
     86100          0 1 1 0 1 0 0 0
91
