     12420      12540 0 0 0 0 0 1 0
     17280      17400 1 0 0 0 0 0 0
     17280      17400 1 1 1 1 1 0 0
     17760      17880 0 0 0 0 0 1 0
     19860      19980 0 0 0 0 0 1 0
     19860      19980 0 0 0 0 0 1 0
     24000      24120 0 0 0 0 0 1 0
     27840      27960 0 0 0 0 0 1 0
     31200      31320 0 0 0 0 0 1 0
     33420      33540 0 0 0 0 0 1 0
     35220      35340 0 0 0 0 0 1 0
     38400      38520 0 0 0 0 0 1 0
     42420      42540 0 0 0 0 0 1 0
     45600      45720 0 0 0 0 0 1 0
     49620      49740 0 0 0 0 0 1 0
     52800      52920 0 0 0 0 0 1 0
     56820      56940 0 0 0 0 0 1 0
     60000      60120 0 0 0 0 0 1 0
     64020      64140 0 0 0 0 0 1 0
     67200      67320 0 0 0 0 0 1 0
     71940      72060 0 0 0 0 0 1 0
     75240      75360 0 0 0 0 0 1 0
     78780      78900 0 0 0 0 0 1 0
     84720      84840 0 0 0 0 0 0 0
     84720      84840 0 0 0 0 0 1 0
25
