      2700       2820 0 0 0 0 0 1 0
      5580       5700 1 1 1 1 1 0 0
     11820      11940 1 1 1 1 1 0 0
     11820      11940 0 0 0 0 0 1 0
     11820      11940 0 0 0 0 0 1 0
     12000      12060 0 0 0 0 1 0 0
     15060      15180 1 1 1 1 1 0 0
     16380      16500 1 1 1 1 1 0 0
     17580      17700 0 0 0 0 0 1 0
     17580      17700 0 0 0 0 0 1 0
     18000      18120 1 1 1 1 1 0 0
     18300      18420 0 0 0 0 0 1 0
     18900      19020 1 1 1 1 1 0 0
     20580      20700 1 1 1 1 1 0 0
     21060      21180 1 1 1 1 1 0 0
     21060      21180 1 1 1 1 1 0 0
     22440      22560 1 1 1 1 1 0 0
     22440      22560 1 1 1 1 1 0 0
     22920      23040 1 1 1 1 1 0 0
     23100      23220 0 0 0 0 0 1 0
     23640      23760 1 1 1 1 1 0 0
     23640      23760 1 1 1 1 1 0 0
     23820      23880 0 0 0 0 0 1 0
     23820      23880 0 0 0 0 0 1 0
     24840      24960 1 1 1 1 1 0 0
     26100      26220 1 1 1 1 1 0 0
     26100      26220 1 1 1 1 1 0 0
     26280      26400 1 1 1 1 1 0 0
     26640      26760 0 0 0 0 0 1 0
     27660      27720 0 0 0 0 0 1 0
     27660      27720 0 0 0 0 0 1 0
     28260      28380 1 1 1 1 1 0 0
     28260      28380 1 1 1 1 1 0 0
     29220      29340 1 1 1 1 1 0 0
     30120      30240 0 0 0 0 0 1 0
     30540      30780 0 0 0 0 0 1 0
     30540      30780 0 0 0 0 0 1 0
     30840      30960 1 1 1 1 1 0 0
     32040      32160 1 1 1 1 1 0 0
     32820      32940 1 1 1 1 1 0 0
     33180      33360 0 0 0 0 0 1 0
     33180      33360 0 0 0 0 0 1 0
     33840      33960 0 0 0 0 0 1 0
     34440      34560 1 1 1 1 1 0 0
     35040      35160 0 0 0 0 0 1 0
     35040      35160 0 0 0 0 0 1 0
     36420      36540 1 1 1 1 1 0 0
     37440      37560 0 0 0 0 0 1 0
     37860      37980 1 0 0 0 0 0 0
     37860      37980 0 0 0 0 1 0 0
     37860      37980 0 0 0 1 0 0 0
     37860      37980 1 1 1 1 1 0 0
     38220      38340 0 0 0 0 0 1 0
     38220      38340 0 0 0 0 0 1 0
     40020      40140 1 1 1 1 1 0 0
     41040      41160 0 0 0 0 0 1 0
     41640      41760 1 0 0 0 0 0 0
     41640      41760 0 0 0 0 1 0 0
     41640      41760 1 1 1 1 1 0 0
     41700      41820 0 1 0 0 0 0 0
     42240      42360 0 0 0 0 0 1 0
     42240      42360 0 0 0 0 0 1 0
     43620      43740 1 1 1 1 1 0 0
     44640      44760 0 0 0 0 0 1 0
     45180      45300 0 0 0 1 0 0 0
     45180      45300 1 1 1 1 1 0 0
     45240      45360 0 1 0 0 0 0 0
     45420      45540 0 0 0 0 0 1 0
     45420      45540 0 0 0 0 0 1 0
     47220      47340 1 1 1 1 1 0 0
     48240      48360 0 0 0 0 0 1 0
     48780      48900 1 1 1 1 1 0 0
     48840      48960 0 1 0 0 0 0 0
     49440      49560 0 0 0 0 0 1 0
     49440      49560 0 0 0 0 0 1 0
     50820      50940 1 1 1 1 1 0 0
     51840      51960 0 0 0 0 0 1 0
     52380      52500 1 1 1 1 1 0 0
     52440      52560 0 1 0 0 0 0 0
     52620      52740 0 0 0 0 0 1 0
     52620      52740 0 0 0 0 0 1 0
     54420      54540 1 1 1 1 1 0 0
     55260      55380 1 1 1 1 1 0 0
     55440      55560 0 0 0 0 0 1 0
     55980      56100 1 1 1 1 1 0 0
     56040      56160 0 1 0 0 0 0 0
     56640      56760 0 0 0 0 0 1 0
     56640      56760 0 0 0 0 0 1 0
     58020      58140 1 1 1 1 1 0 0
     59040      59160 0 0 0 0 0 1 0
     59580      59700 1 1 1 1 1 0 0
     59640      59760 0 1 0 0 0 0 0
     59820      59940 0 0 0 0 0 1 0
     59820      59940 0 0 0 0 0 1 0
     61620      61740 1 1 1 1 1 0 0
     62640      62760 0 0 0 0 0 1 0
     63180      63300 1 1 1 1 1 0 0
     63240      63360 0 1 0 0 0 0 0
     63840      63960 0 0 0 0 0 1 0
     63840      63960 0 0 0 0 0 1 0
     65220      65340 1 1 1 1 1 0 0
     66240      66360 0 0 0 0 0 1 0
     66840      66960 0 0 1 0 0 0 0
     66840      66960 1 1 1 1 1 0 0
     67020      67140 0 0 0 0 0 1 0
     67020      67140 0 0 0 0 0 1 0
     68820      68940 1 1 1 1 1 0 0
     69720      69780 1 1 1 1 1 0 0
     69840      69960 0 0 0 0 0 1 0
     70500      70620 0 0 0 1 0 0 0
     70500      70620 0 0 1 0 0 0 0
     70500      70620 1 1 1 1 1 0 0
     71220      71280 0 0 0 0 0 1 0
     71760      71880 0 0 0 0 0 1 0
     71760      71880 0 0 0 0 0 1 0
     72420      72540 1 1 1 1 1 0 0
     73620      73740 0 0 1 0 0 0 0
     73620      73740 1 1 1 1 1 0 0
     74160      74220 0 0 0 0 0 1 0
     75000      75120 0 0 0 0 0 1 0
     75000      75120 0 0 0 0 0 1 0
     76020      76140 1 1 1 1 1 0 0
     76260      76380 1 1 1 1 1 0 0
     78060      78120 0 0 0 0 0 1 0
     78600      78720 0 0 0 0 0 1 0
     78600      78720 0 0 0 0 0 1 0
     78840      78960 1 1 1 1 1 0 0
     79620      79740 1 1 1 1 1 0 0
     81180      81300 1 1 1 1 1 0 0
     81180      81300 1 1 0 1 0 0 0
     83220      83340 1 1 1 1 1 0 0
     83520      83640 0 0 0 0 0 1 0
     84480      84600 0 0 0 0 0 1 0
     84780      84900 0 0 0 1 0 0 0
     84780      84900 1 1 1 1 1 0 0
     84780      84900 1 1 0 1 0 0 0
     84780      84900 1 1 1 1 0 0 0
     86160      86340 0 0 0 0 0 1 0
138
