     12000      12120 1 1 1 1 1 0 0
     12120      12300 0 0 0 0 1 0 0
     12420      12540 0 0 0 0 0 1 0
     12420      12540 0 0 0 0 0 1 0
     15240      15360 1 1 1 1 1 0 0
     16560      16680 1 1 1 1 1 0 0
     17760      17880 0 0 0 0 0 1 0
     17760      17880 0 0 0 0 0 1 0
     18180      18300 1 1 1 1 1 0 0
     18480      18600 0 0 0 0 0 1 0
     19200      19320 1 1 1 1 1 0 0
     20760      20880 1 1 1 1 1 0 0
     21420      21540 1 1 1 1 1 0 0
     21420      21540 1 1 1 1 1 0 0
     21840      21960 1 1 1 1 1 0 0
     22620      22740 1 1 1 1 1 0 0
     22620      22740 1 1 1 1 1 0 0
     23100      23220 1 1 1 1 1 0 0
     23400      23520 0 0 0 0 0 1 0
     23820      23940 1 1 1 1 1 0 0
     23820      23940 1 1 1 1 1 0 0
     24000      24120 0 0 0 0 0 1 0
     24000      24120 0 0 0 0 0 1 0
     24180      24300 1 1 1 1 1 0 0
     25020      25140 1 1 1 1 1 0 0
     26280      26400 1 1 1 1 1 0 0
     26280      26400 1 1 1 1 1 0 0
     26460      26580 1 1 1 1 1 0 0
     26820      26940 0 0 0 0 0 1 0
     27840      27960 0 0 0 0 0 1 0
     27840      27960 0 0 0 0 0 1 0
     28620      28740 1 1 1 1 1 0 0
     28620      28740 1 1 1 1 1 0 0
     29400      29520 1 1 1 1 1 0 0
     30300      30420 0 0 0 0 0 1 0
     31020      31140 1 1 1 1 1 0 0
     31200      31320 0 0 0 0 0 1 0
     31200      31320 0 0 0 0 0 1 0
     32820      32940 1 1 1 1 1 0 0
     33000      33120 1 1 1 1 1 0 0
     33420      33540 0 0 0 0 0 1 0
     33420      33540 0 0 0 0 0 1 0
     34020      34140 0 0 0 0 0 1 0
     34620      34740 1 1 1 1 1 0 0
     35220      35340 0 0 0 0 0 1 0
     35220      35340 0 0 0 0 0 1 0
     36600      36720 1 1 1 1 1 0 0
     37620      37740 0 0 0 0 0 1 0
     38220      38340 0 0 0 0 1 0 0
     38220      38340 0 0 0 1 0 0 0
     38220      38340 1 1 1 1 1 0 0
     38220      38340 1 0 0 0 0 0 0
     38400      38520 0 0 0 0 0 1 0
     38400      38520 0 0 0 0 0 1 0
     40200      40320 1 1 1 1 1 0 0
     41220      41340 0 0 0 0 0 1 0
     41820      41940 1 1 1 1 1 0 0
     41820      41940 1 0 0 0 0 0 0
     41820      41940 0 0 0 0 1 0 0
     41880      42000 0 1 0 0 0 0 0
     42420      42540 0 0 0 0 0 1 0
     42420      42540 0 0 0 0 0 1 0
     43800      43920 1 1 1 1 1 0 0
     44820      44940 0 0 0 0 0 1 0
     45420      45540 0 1 0 0 0 0 0
     45420      45540 1 1 1 1 1 0 0
     45420      45540 0 0 0 1 0 0 0
     45600      45720 0 0 0 0 0 1 0
     45600      45720 0 0 0 0 0 1 0
     47400      47520 1 1 1 1 1 0 0
     48420      48540 0 0 0 0 0 1 0
     49020      49140 0 1 0 0 0 0 0
     49020      49140 1 1 1 1 1 0 0
     49620      49740 0 0 0 0 0 1 0
     49620      49740 0 0 0 0 0 1 0
     51000      51120 1 1 1 1 1 0 0
     52020      52140 0 0 0 0 0 1 0
     52620      52740 0 1 0 0 0 0 0
     52620      52740 1 1 1 1 1 0 0
     52800      52920 0 0 0 0 0 1 0
     52800      52920 0 0 0 0 0 1 0
     54600      54720 1 1 1 1 1 0 0
     55440      55560 1 1 1 1 1 0 0
     55620      55740 0 0 0 0 0 1 0
     56220      56340 0 1 0 0 0 0 0
     56220      56340 1 1 1 1 1 0 0
     56820      56940 0 0 0 0 0 1 0
     56820      56940 0 0 0 0 0 1 0
     58020      58140 1 1 1 1 1 0 0
     58200      58320 1 1 1 1 1 0 0
     59220      59340 0 0 0 0 0 1 0
     59820      59940 0 1 0 0 0 0 0
     59820      59940 1 1 1 1 1 0 0
     60000      60120 0 0 0 0 0 1 0
     60000      60120 0 0 0 0 0 1 0
     61800      61920 1 1 1 1 1 0 0
     62820      62940 0 0 0 0 0 1 0
     63420      63540 1 1 1 1 1 0 0
     63420      63540 0 1 0 0 0 0 0
     64020      64140 0 0 0 0 0 1 0
     64020      64140 0 0 0 0 0 1 0
     65400      65520 1 1 1 1 1 0 0
     66420      66540 0 0 0 0 0 1 0
     67020      67140 1 1 1 1 1 0 0
     67020      67140 0 0 1 0 0 0 0
     67200      67320 0 0 0 0 0 1 0
     67200      67320 0 0 0 0 0 1 0
     69000      69120 1 1 1 1 1 0 0
     70020      70140 0 0 0 0 0 1 0
     70680      70800 0 0 1 0 0 0 0
     70680      70800 0 0 0 1 0 0 0
     70680      70800 1 1 1 1 1 0 0
     71940      72060 0 0 0 0 0 1 0
     71940      72060 0 0 0 0 0 1 0
     72600      72720 1 1 1 1 1 0 0
     74220      74340 1 1 1 1 1 0 0
     75180      75300 0 0 0 0 0 1 0
     75180      75300 0 0 0 0 0 1 0
     76200      76320 1 1 1 1 1 0 0
     77820      77940 1 1 1 1 0 0 0
     77820      77940 0 0 1 0 0 0 0
     77820      77940 1 1 0 1 0 0 0
     77820      77940 1 1 1 1 1 0 0
     78780      78900 0 0 0 0 0 1 0
     78780      78900 0 0 0 0 0 1 0
     79800      79920 1 1 1 1 1 0 0
     81420      81540 1 1 0 1 0 0 0
     81420      81540 1 1 1 1 1 0 0
     83400      83520 1 1 1 1 1 0 0
     84720      84840 0 0 0 0 0 1 0
     85020      85140 1 1 0 1 0 0 0
     85020      85140 0 0 0 1 0 0 0
     85020      85140 1 1 1 1 0 0 0
     85020      85140 1 1 1 1 1 0 0
134
