     14880      15060 1 1 1 1 1 0 0
     17820      18000 1 1 1 1 1 0 0
     18120      18300 0 0 0 0 0 1 0
     20400      20580 1 1 1 1 1 0 0
     22740      22920 1 1 1 1 1 0 0
     22920      23100 0 0 0 0 0 1 0
     26100      26280 1 1 1 1 1 0 0
     26460      26640 0 0 0 0 0 1 0
     29040      29220 1 1 1 1 1 0 0
     29940      30120 0 0 0 0 0 1 0
     32640      32820 1 1 1 1 1 0 0
     33660      33840 0 0 0 0 0 1 0
     36240      36420 1 1 1 1 1 0 0
     37260      37440 0 0 0 0 0 1 0
     39840      40020 1 1 1 1 1 0 0
     40860      41040 0 0 0 0 0 1 0
     43440      43620 1 1 1 1 1 0 0
     44460      44640 0 0 0 0 0 1 0
     47040      47220 1 1 1 1 1 0 0
     48060      48240 0 0 0 0 0 1 0
     50640      50820 1 1 1 1 1 0 0
     51660      51840 0 0 0 0 0 1 0
     54240      54420 1 1 1 1 1 0 0
     55080      55260 1 1 1 1 1 0 0
     55260      55440 0 0 0 0 0 1 0
     57840      58020 1 1 1 1 1 0 0
     58860      59040 0 0 0 0 0 1 0
     61440      61620 1 1 1 1 1 0 0
     62460      62640 0 0 0 0 0 1 0
     65040      65220 1 1 1 1 1 0 0
     66060      66240 0 0 0 0 0 1 0
     68640      68820 1 1 1 1 1 0 0
     69660      69840 0 0 0 0 0 1 0
     72240      72420 1 1 1 1 1 0 0
     74820      75000 0 0 0 0 0 1 0
     74820      75000 0 0 0 0 0 1 0
     74880      75060 0 0 0 0 0 1 0
     75840      76020 1 1 1 1 1 0 0
     78420      78600 0 0 0 0 0 1 0
     78420      78600 0 0 0 0 0 1 0
     78420      78600 0 0 0 0 0 1 0
     79440      79620 1 1 1 1 1 0 0
     83040      83220 1 1 1 1 1 0 0
     84300      84480 0 0 0 0 0 1 0
     84300      84480 0 0 0 0 0 0 0
     84300      84480 0 0 0 0 0 1 0
     85800      85980 0 0 0 0 0 1 0
47
