      1500       1620 1 1 1 1 1 0 0
      5100       5220 1 1 1 1 1 0 0
     19200      19320 1 1 1 1 1 0 0
     21300      21420 1 1 1 1 1 0 0
     21720      21840 0 0 0 0 0 1 0
     24900      25020 1 1 1 1 1 0 0
     26640      26760 0 0 0 0 0 1 0
     26700      26820 1 1 1 1 1 0 0
     30300      30420 1 1 1 1 1 0 0
     30540      30660 0 0 0 0 0 1 0
     33600      33720 0 0 0 0 0 1 0
     34080      34200 1 1 1 1 1 0 0
     37500      37620 1 1 1 1 1 0 0
     37740      37860 0 0 0 0 0 1 0
     40800      40920 0 0 0 0 0 1 0
     41100      41220 1 1 1 1 1 0 0
     44700      44820 1 1 1 1 1 0 0
     44940      45060 0 0 0 0 0 1 0
     48000      48120 0 0 0 0 0 1 0
     48300      48420 1 1 1 1 1 0 0
     51900      52020 1 1 1 1 1 0 0
     52140      52260 0 0 0 0 0 1 0
     55200      55320 0 0 0 0 0 1 0
     55500      55620 1 1 1 1 1 0 0
     59100      59220 1 1 1 1 1 0 0
     59340      59460 0 0 0 0 0 1 0
     62400      62520 0 0 0 0 0 1 0
     62700      62820 1 1 1 1 1 0 0
     66540      66660 0 0 0 0 0 1 0
     66720      66840 1 1 1 1 1 0 0
     69000      69120 1 1 1 1 1 0 0
     69600      69720 0 0 0 0 0 1 0
     70440      70560 1 1 1 1 1 0 0
     72060      72180 1 1 1 1 1 0 0
     73260      73380 0 0 0 0 0 1 0
     74460      74580 1 1 1 1 1 0 0
     77100      77220 1 1 1 1 1 0 0
     77160      77280 0 0 0 0 0 1 0
     80700      80820 1 1 1 1 1 0 0
     80820      80940 0 0 0 0 0 1 0
     80820      80940 0 0 0 0 0 1 0
     84300      84420 1 1 1 1 1 0 0
     84480      84600 0 0 0 0 0 1 0
     84480      84600 0 0 0 0 0 1 0
44
