      1620       1800 1 1 1 1 1 0 0
      5220       5400 1 1 1 1 1 0 0
     19320      19500 1 1 1 1 1 0 0
     21420      21600 1 1 1 1 1 0 0
     21840      22020 0 0 0 0 0 1 0
     25020      25200 1 1 1 1 1 0 0
     26760      26940 0 0 0 0 0 1 0
     26820      27000 1 1 1 1 1 0 0
     30420      30600 1 1 1 1 1 0 0
     30660      30840 0 0 0 0 0 1 0
     33720      33900 0 0 0 0 0 1 0
     34200      34380 1 1 1 1 1 0 0
     37620      37800 1 1 1 1 1 0 0
     37860      38040 0 0 0 0 0 1 0
     40920      41100 0 0 0 0 0 1 0
     41220      41400 1 1 1 1 1 0 0
     44820      45000 1 1 1 1 1 0 0
     45060      45240 0 0 0 0 0 1 0
     48120      48300 0 0 0 0 0 1 0
     48420      48600 1 1 1 1 1 0 0
     52020      52200 1 1 1 1 1 0 0
     52260      52440 0 0 0 0 0 1 0
     55320      55500 0 0 0 0 0 1 0
     55620      55800 1 1 1 1 1 0 0
     59220      59400 1 1 1 1 1 0 0
     59460      59640 0 0 0 0 0 1 0
     62520      62700 0 0 0 0 0 1 0
     62820      63000 1 1 1 1 1 0 0
     66660      66840 0 0 0 0 0 1 0
     66840      67020 1 1 1 1 1 0 0
     69120      69300 1 1 1 1 1 0 0
     69720      69900 0 0 0 0 0 1 0
     70560      70740 1 1 1 1 1 0 0
     72180      72360 1 1 1 1 1 0 0
     73380      73560 0 0 0 0 0 1 0
     74580      74760 1 1 1 1 1 0 0
     77220      77400 1 1 1 1 1 0 0
     77280      77460 0 0 0 0 0 1 0
     80820      81000 1 1 1 1 1 0 0
     80940      81120 0 0 0 0 0 1 0
     80940      81120 0 0 0 0 0 1 0
     84420      84600 1 1 1 1 1 0 0
     84600      84780 0 0 0 0 0 1 0
     84600      84780 0 0 0 0 0 1 0
44
