      1380       1500 1 1 1 1 1 0 0
      4980       5100 1 1 1 1 1 0 0
     19080      19200 1 1 1 1 1 0 0
     21180      21300 1 1 1 1 1 0 0
     21600      21720 0 0 0 0 0 1 0
     24780      24900 1 1 1 1 1 0 0
     26520      26640 0 0 0 0 0 1 0
     26580      26700 1 1 1 1 1 0 0
     30180      30300 1 1 1 1 1 0 0
     30420      30540 0 0 0 0 0 1 0
     33480      33600 0 0 0 0 0 1 0
     33960      34080 1 1 1 1 1 0 0
     37380      37500 1 1 1 1 1 0 0
     37620      37740 0 0 0 0 0 1 0
     40680      40800 0 0 0 0 0 1 0
     40980      41100 1 1 1 1 1 0 0
     44580      44700 1 1 1 1 1 0 0
     44820      44940 0 0 0 0 0 1 0
     47880      48000 0 0 0 0 0 1 0
     48180      48300 1 1 1 1 1 0 0
     51780      51900 1 1 1 1 1 0 0
     52020      52140 0 0 0 0 0 1 0
     55080      55200 0 0 0 0 0 1 0
     55380      55500 1 1 1 1 1 0 0
     58980      59100 1 1 1 1 1 0 0
     59220      59340 0 0 0 0 0 1 0
     62280      62400 0 0 0 0 0 1 0
     62580      62700 1 1 1 1 1 0 0
     66420      66540 0 0 0 0 0 1 0
     66600      66720 1 1 1 1 1 0 0
     68880      69000 1 1 1 1 1 0 0
     69480      69600 0 0 0 0 0 1 0
     70320      70440 1 1 1 1 1 0 0
     71940      72060 1 1 1 1 1 0 0
     73140      73260 0 0 0 0 0 1 0
     74340      74460 1 1 1 1 1 0 0
     76980      77100 1 1 1 1 1 0 0
     77040      77160 0 0 0 0 0 1 0
     80580      80700 1 1 1 1 1 0 0
     80700      80820 0 0 0 0 0 1 0
     80700      80820 0 0 0 0 0 1 0
     84180      84300 1 1 1 1 1 0 0
     84360      84480 0 0 0 0 0 1 0
     84360      84480 0 0 0 0 0 1 0
44
