     14700      14880 1 1 1 1 1 0 0
     17640      17820 1 1 1 1 1 0 0
     18000      18120 0 0 0 0 0 1 0
     20220      20400 1 1 1 1 1 0 0
     22560      22740 1 1 1 1 1 0 0
     22800      22920 0 0 0 0 0 1 0
     25980      26100 1 1 1 1 1 0 0
     26340      26460 0 0 0 0 0 1 0
     28860      29040 1 1 1 1 1 0 0
     29820      29940 0 0 0 0 0 1 0
     32460      32640 1 1 1 1 1 0 0
     33540      33660 0 0 0 0 0 1 0
     36060      36240 1 1 1 1 1 0 0
     37140      37260 0 0 0 0 0 1 0
     39660      39840 1 1 1 1 1 0 0
     40740      40860 0 0 0 0 0 1 0
     43260      43440 1 1 1 1 1 0 0
     44340      44460 0 0 0 0 0 1 0
     46860      47040 1 1 1 1 1 0 0
     47940      48060 0 0 0 0 0 1 0
     50460      50640 1 1 1 1 1 0 0
     51540      51660 0 0 0 0 0 1 0
     54060      54240 1 1 1 1 1 0 0
     54900      55080 1 1 1 1 1 0 0
     55140      55260 0 0 0 0 0 1 0
     57660      57840 1 1 1 1 1 0 0
     58740      58860 0 0 0 0 0 1 0
     61260      61440 1 1 1 1 1 0 0
     62340      62460 0 0 0 0 0 1 0
     64860      65040 1 1 1 1 1 0 0
     65940      66060 0 0 0 0 0 1 0
     68460      68640 1 1 1 1 1 0 0
     69540      69660 0 0 0 0 0 1 0
     72060      72240 1 1 1 1 1 0 0
     74700      74820 0 0 0 0 0 1 0
     74700      74820 0 0 0 0 0 1 0
     74760      74880 0 0 0 0 0 1 0
     75660      75840 1 1 1 1 1 0 0
     78300      78420 0 0 0 0 0 1 0
     78300      78420 0 0 0 0 0 1 0
     78300      78420 0 0 0 0 0 1 0
     79260      79440 1 1 1 1 1 0 0
     82860      83040 1 1 1 1 1 0 0
     84180      84300 0 0 0 0 0 1 0
     84180      84300 0 0 0 0 0 0 0
     84180      84300 0 0 0 0 0 1 0
     85620      85800 0 0 0 0 0 1 0
47
