     14580      14700 1 1 1 1 1 0 0
     17520      17640 1 1 1 1 1 0 0
     17880      18000 0 0 0 0 0 1 0
     20100      20220 1 1 1 1 1 0 0
     22440      22560 1 1 1 1 1 0 0
     22680      22800 0 0 0 0 0 1 0
     25860      25980 1 1 1 1 1 0 0
     26220      26340 0 0 0 0 0 1 0
     28740      28860 1 1 1 1 1 0 0
     29700      29820 0 0 0 0 0 1 0
     32340      32460 1 1 1 1 1 0 0
     33420      33540 0 0 0 0 0 1 0
     35940      36060 1 1 1 1 1 0 0
     37020      37140 0 0 0 0 0 1 0
     39540      39660 1 1 1 1 1 0 0
     40620      40740 0 0 0 0 0 1 0
     43140      43260 1 1 1 1 1 0 0
     44220      44340 0 0 0 0 0 1 0
     46740      46860 1 1 1 1 1 0 0
     47820      47940 0 0 0 0 0 1 0
     50340      50460 1 1 1 1 1 0 0
     51420      51540 0 0 0 0 0 1 0
     53940      54060 1 1 1 1 1 0 0
     54780      54900 1 1 1 1 1 0 0
     55020      55140 0 0 0 0 0 1 0
     57540      57660 1 1 1 1 1 0 0
     58620      58740 0 0 0 0 0 1 0
     61140      61260 1 1 1 1 1 0 0
     62220      62340 0 0 0 0 0 1 0
     64740      64860 1 1 1 1 1 0 0
     65820      65940 0 0 0 0 0 1 0
     68340      68460 1 1 1 1 1 0 0
     69420      69540 0 0 0 0 0 1 0
     71940      72060 1 1 1 1 1 0 0
     74580      74700 0 0 0 0 0 1 0
     74580      74700 0 0 0 0 0 1 0
     74640      74760 0 0 0 0 0 1 0
     75540      75660 1 1 1 1 1 0 0
     78180      78300 0 0 0 0 0 1 0
     78180      78300 0 0 0 0 0 1 0
     78180      78300 0 0 0 0 0 1 0
     79140      79260 1 1 1 1 1 0 0
     82740      82860 1 1 1 1 1 0 0
     84060      84180 0 0 0 0 0 0 0
     84060      84180 0 0 0 0 0 1 0
     84060      84180 0 0 0 0 0 1 0
     85500      85620 0 0 0 0 0 1 0
47
