     14400      14580 1 1 1 1 1 0 0
     17340      17520 1 1 1 1 1 0 0
     17700      17880 0 0 0 0 0 1 0
     19920      20100 1 1 1 1 1 0 0
     22260      22440 1 1 1 1 1 0 0
     22500      22680 0 0 0 0 0 1 0
     25680      25860 1 1 1 1 1 0 0
     26040      26220 0 0 0 0 0 1 0
     28560      28740 1 1 1 1 1 0 0
     29520      29700 0 0 0 0 0 1 0
     32160      32340 1 1 1 1 1 0 0
     33240      33420 0 0 0 0 0 1 0
     35760      35940 1 1 1 1 1 0 0
     36840      37020 0 0 0 0 0 1 0
     39360      39540 1 1 1 1 1 0 0
     40440      40620 0 0 0 0 0 1 0
     42960      43140 1 1 1 1 1 0 0
     44040      44220 0 0 0 0 0 1 0
     46560      46740 1 1 1 1 1 0 0
     47640      47820 0 0 0 0 0 1 0
     50160      50340 1 1 1 1 1 0 0
     51240      51420 0 0 0 0 0 1 0
     53760      53940 1 1 1 1 1 0 0
     54600      54780 1 1 1 1 1 0 0
     54840      55020 0 0 0 0 0 1 0
     57360      57540 1 1 1 1 1 0 0
     58440      58620 0 0 0 0 0 1 0
     60960      61140 1 1 1 1 1 0 0
     62040      62220 0 0 0 0 0 1 0
     64560      64740 1 1 1 1 1 0 0
     65640      65820 0 0 0 0 0 1 0
     68160      68340 1 1 1 1 1 0 0
     69240      69420 0 0 0 0 0 1 0
     71760      71940 1 1 1 1 1 0 0
     74400      74580 0 0 0 0 0 1 0
     74400      74580 0 0 0 0 0 1 0
     74460      74640 0 0 0 0 0 1 0
     75360      75540 1 1 1 1 1 0 0
     78000      78180 0 0 0 0 0 1 0
     78000      78180 0 0 0 0 0 1 0
     78000      78180 0 0 0 0 0 1 0
     78960      79140 1 1 1 1 1 0 0
     82560      82740 1 1 1 1 1 0 0
     83880      84060 0 0 0 0 0 1 0
     83880      84060 0 0 0 0 0 1 0
     83880      84060 0 0 0 0 0 0 0
     85320      85500 0 0 0 0 0 1 0
47
