       900       2340 0 0 1 0 0 0 0
       900       2340 1 1 0 1 0 0 0
       900       2340 1 1 1 1 1 0 0
     29820      31260 1 1 1 1 1 0 0
     30120      31560 0 0 0 0 0 1 0
     30120      31560 0 0 0 0 0 1 0
     30120      31560 0 0 0 0 0 1 0
     37080      38520 1 1 1 1 1 0 0
     37080      38520 0 1 0 0 0 0 0
     37380      38880 0 0 0 0 0 1 0
     37380      38880 0 0 0 0 0 1 0
     37380      38880 0 0 0 0 0 1 0
     39660      41100 1 1 1 1 1 0 0
     40500      41940 0 1 0 0 0 0 0
     40500      41940 1 1 1 1 1 0 0
     44100      45540 0 0 0 1 0 0 0
     44100      45540 0 1 0 0 0 0 0
     44100      45540 1 1 1 1 1 0 0
     44280      45660 1 0 0 0 0 0 0
     44280      45660 1 0 0 0 0 0 0
     44580      46080 0 0 0 0 0 1 0
     44580      46080 0 0 0 0 0 1 0
     44580      46080 0 0 0 0 0 1 0
     47700      49140 1 1 1 1 1 0 0
     47700      49140 0 0 0 1 0 0 0
     47700      49140 0 1 0 0 0 0 0
     47760      49200 1 0 0 0 0 0 0
     47760      49200 1 0 0 0 0 0 0
     51300      52740 0 1 0 0 0 0 0
     51300      52740 1 1 1 1 1 0 0
     51780      53280 0 0 0 0 0 1 0
     51780      53280 0 0 0 0 0 1 0
     51780      53280 0 0 0 0 0 1 0
     54900      56340 0 1 0 0 0 0 0
     54900      56340 1 1 1 1 1 0 0
     58500      59940 1 1 1 1 1 0 0
     58500      59940 0 1 0 0 0 0 0
     58980      60480 0 0 0 0 0 1 0
     58980      60480 0 0 0 0 0 1 0
     58980      60480 0 0 0 0 0 1 0
     60360      61860 1 1 1 1 1 0 0
     60780      62280 0 0 0 0 0 1 0
     60780      62280 0 0 0 0 0 1 0
     62160      63600 1 1 1 1 1 0 0
     63420      64920 1 1 1 1 1 0 0
     64860      66300 1 1 1 1 1 0 0
     65760      67260 1 1 1 1 1 0 0
     66180      67680 0 0 0 0 0 1 0
     66180      67680 0 0 0 0 0 1 0
     66180      67680 0 0 0 0 0 1 0
     68160      69660 1 1 1 1 1 0 0
     70560      72060 1 1 1 1 1 0 0
     73020      74460 1 1 1 1 1 0 0
     73020      74460 0 0 1 0 0 0 0
     76500      77940 0 0 1 0 0 0 0
     76500      77940 1 1 1 1 1 0 0
     80100      81540 1 1 1 1 1 0 0
     83700      85140 1 1 1 1 1 0 0
     83700      85140 1 1 0 1 0 0 0
59
