      1680       1920 0 0 0 0 0 1 0
      1680       1920 0 0 0 0 0 1 0
      1680       1920 0 0 0 0 0 1 0
      1980       2220 1 1 1 1 1 0 0
      4980       5220 1 1 1 1 1 0 0
      4980       5220 0 0 1 0 0 0 0
      4980       5220 0 0 0 0 1 0 0
      4980       5220 1 1 0 1 0 0 0
      5160       5400 1 1 1 1 0 0 0
      5820       6060 0 0 0 0 0 1 0
      5820       6060 0 0 0 0 0 1 0
      5820       6060 0 0 0 0 0 1 0
     20640      20880 1 1 1 1 1 0 0
     22740      22980 0 0 0 0 0 1 0
     22740      22980 0 0 0 0 0 1 0
     22740      22980 0 0 0 0 0 1 0
     23400      23640 1 1 1 1 1 0 0
     25740      25980 1 1 1 1 1 0 0
     26880      27120 0 0 0 0 0 1 0
     26880      27120 0 0 0 0 0 1 0
     26880      27120 0 0 0 0 0 1 0
     27240      27480 1 1 1 1 1 0 0
     28500      28740 1 1 1 1 1 0 0
     33180      33420 1 1 1 1 1 0 0
     34200      34440 0 0 0 0 0 1 0
     34200      34440 0 0 0 0 0 1 0
     34200      34440 0 0 0 0 0 1 0
     34380      34620 1 1 1 1 1 0 0
     37980      38220 1 1 1 1 1 0 0
     41400      41640 0 0 0 0 0 1 0
     41400      41640 0 0 0 0 0 1 0
     41400      41640 0 0 0 0 0 1 0
     41580      41820 1 1 1 1 1 0 0
     45180      45420 1 1 1 1 1 0 0
     48600      48840 0 0 0 0 0 1 0
     48600      48840 0 0 0 0 0 1 0
     48600      48840 0 0 0 0 0 1 0
     48780      49020 1 1 1 1 1 0 0
     52380      52620 1 1 1 1 1 0 0
     54180      54420 1 1 1 1 1 0 0
     55800      56040 0 0 0 0 0 1 0
     55800      56040 0 0 0 0 0 1 0
     55800      56040 0 0 0 0 0 1 0
     55980      56220 1 1 1 1 1 0 0
     59580      59820 1 1 1 1 1 0 0
     63000      63240 0 0 0 0 0 1 0
     63000      63240 0 0 0 0 0 1 0
     63000      63240 0 0 0 0 0 1 0
     63180      63420 1 1 1 1 1 0 0
     66780      67020 1 1 1 1 1 0 0
     69000      69240 1 1 1 1 1 0 0
     70200      70440 0 0 0 0 0 1 0
     70200      70440 0 0 0 0 0 1 0
     70200      70440 0 0 0 0 0 1 0
     71400      71640 1 1 1 1 1 0 0
     73680      73920 0 0 0 0 0 1 0
     73680      73920 0 0 0 0 0 1 0
     73680      73920 0 0 0 0 0 1 0
     73980      74220 1 1 1 1 1 0 0
     77280      77520 0 0 0 0 0 1 0
     77280      77520 0 0 0 0 0 1 0
     77280      77520 0 0 0 0 0 1 0
     77580      77820 1 1 1 1 1 0 0
     80880      81120 0 0 0 0 0 1 0
     80880      81120 0 0 0 0 0 1 0
     80880      81120 0 0 0 0 0 1 0
     81180      81420 1 1 1 1 1 0 0
     84480      84720 0 0 0 0 0 1 0
     84480      84720 0 0 0 0 0 1 0
     84480      84720 0 0 0 0 0 1 0
     84780      85020 1 1 1 1 1 0 0
71
