      1920       2220 0 0 0 0 0 1 0
      1920       2220 0 0 0 0 0 1 0
      1920       2220 0 0 0 0 0 1 0
      2220       2520 1 1 1 1 1 0 0
      5220       5580 1 1 1 1 1 0 0
      5220       5580 0 0 1 0 0 0 0
      5220       5580 0 0 0 0 1 0 0
      5220       5580 1 1 0 1 0 0 0
      5400       5640 1 1 1 1 0 0 0
      6060       6360 0 0 0 0 0 1 0
      6060       6360 0 0 0 0 0 1 0
      6060       6360 0 0 0 0 0 1 0
     20880      21240 1 1 1 1 1 0 0
     22980      23280 0 0 0 0 0 1 0
     22980      23280 0 0 0 0 0 1 0
     22980      23280 0 0 0 0 0 1 0
     23640      23940 1 1 1 1 1 0 0
     25980      26280 1 1 1 1 1 0 0
     27120      27480 0 0 0 0 0 1 0
     27120      27480 0 0 0 0 0 1 0
     27120      27480 0 0 0 0 0 1 0
     27480      27780 1 1 1 1 1 0 0
     28740      29040 1 1 1 1 1 0 0
     33420      33720 1 1 1 1 1 0 0
     34440      34740 0 0 0 0 0 1 0
     34440      34740 0 0 0 0 0 1 0
     34440      34740 0 0 0 0 0 1 0
     34620      34920 1 1 1 1 1 0 0
     38220      38520 1 1 1 1 1 0 0
     41640      42000 0 0 0 0 0 1 0
     41640      42000 0 0 0 0 0 1 0
     41640      42000 0 0 0 0 0 1 0
     41820      42120 1 1 1 1 1 0 0
     45420      45720 1 1 1 1 1 0 0
     48840      49200 0 0 0 0 0 1 0
     48840      49200 0 0 0 0 0 1 0
     48840      49200 0 0 0 0 0 1 0
     49020      49320 1 1 1 1 1 0 0
     52620      52920 1 1 1 1 1 0 0
     54420      54720 1 1 1 1 1 0 0
     56040      56400 0 0 0 0 0 1 0
     56040      56400 0 0 0 0 0 1 0
     56040      56400 0 0 0 0 0 1 0
     56220      56520 1 1 1 1 1 0 0
     59820      60120 1 1 1 1 1 0 0
     63240      63600 0 0 0 0 0 1 0
     63240      63600 0 0 0 0 0 1 0
     63240      63600 0 0 0 0 0 1 0
     63420      63720 1 1 1 1 1 0 0
     67020      67320 1 1 1 1 1 0 0
     69240      69540 1 1 1 1 1 0 0
     70440      70800 0 0 0 0 0 1 0
     70440      70800 0 0 0 0 0 1 0
     70440      70800 0 0 0 0 0 1 0
     71640      71940 1 1 1 1 1 0 0
     73920      74280 0 0 0 0 0 1 0
     73920      74280 0 0 0 0 0 1 0
     73920      74280 0 0 0 0 0 1 0
     74220      74520 1 1 1 1 1 0 0
     77520      77880 0 0 0 0 0 1 0
     77520      77880 0 0 0 0 0 1 0
     77520      77880 0 0 0 0 0 1 0
     77820      78120 1 1 1 1 1 0 0
     81120      81420 0 0 0 0 0 1 0
     81120      81420 0 0 0 0 0 1 0
     81120      81420 0 0 0 0 0 1 0
     81420      81720 1 1 1 1 1 0 0
     84720      85020 0 0 0 0 0 1 0
     84720      85020 0 0 0 0 0 1 0
     84720      85020 0 0 0 0 0 1 0
     85020      85320 1 1 1 1 1 0 0
71
