      1200       1680 0 0 0 0 0 1 0
      1200       1680 0 0 0 0 0 1 0
      1200       1680 0 0 0 0 0 1 0
      1500       1980 1 1 1 1 1 0 0
      4560       4980 0 0 1 0 0 0 0
      4560       4980 1 1 1 1 1 0 0
      4560       4980 0 0 0 0 1 0 0
      4560       4980 1 1 0 1 0 0 0
      4740       5160 1 1 1 1 0 0 0
      5340       5820 0 0 0 0 0 1 0
      5340       5820 0 0 0 0 0 1 0
      5340       5820 0 0 0 0 0 1 0
     20220      20640 1 1 1 1 1 0 0
     22260      22740 0 0 0 0 0 1 0
     22260      22740 0 0 0 0 0 1 0
     22260      22740 0 0 0 0 0 1 0
     22920      23400 1 1 1 1 1 0 0
     25260      25740 1 1 1 1 1 0 0
     26460      26880 0 0 0 0 0 1 0
     26460      26880 0 0 0 0 0 1 0
     26460      26880 0 0 0 0 0 1 0
     26760      27240 1 1 1 1 1 0 0
     28020      28500 1 1 1 1 1 0 0
     32760      33180 1 1 1 1 1 0 0
     33720      34200 0 0 0 0 0 1 0
     33720      34200 0 0 0 0 0 1 0
     33720      34200 0 0 0 0 0 1 0
     33900      34380 1 1 1 1 1 0 0
     37500      37980 1 1 1 1 1 0 0
     40980      41400 0 0 0 0 0 1 0
     40980      41400 0 0 0 0 0 1 0
     40980      41400 0 0 0 0 0 1 0
     41100      41580 1 1 1 1 1 0 0
     44700      45180 1 1 1 1 1 0 0
     48180      48600 0 0 0 0 0 1 0
     48180      48600 0 0 0 0 0 1 0
     48180      48600 0 0 0 0 0 1 0
     48300      48780 1 1 1 1 1 0 0
     51900      52380 1 1 1 1 1 0 0
     53700      54180 1 1 1 1 1 0 0
     55380      55800 0 0 0 0 0 1 0
     55380      55800 0 0 0 0 0 1 0
     55380      55800 0 0 0 0 0 1 0
     55500      55980 1 1 1 1 1 0 0
     59100      59580 1 1 1 1 1 0 0
     62580      63000 0 0 0 0 0 1 0
     62580      63000 0 0 0 0 0 1 0
     62580      63000 0 0 0 0 0 1 0
     62700      63180 1 1 1 1 1 0 0
     66300      66780 1 1 1 1 1 0 0
     68520      69000 1 1 1 1 1 0 0
     69780      70200 0 0 0 0 0 1 0
     69780      70200 0 0 0 0 0 1 0
     69780      70200 0 0 0 0 0 1 0
     70920      71400 1 1 1 1 1 0 0
     73260      73680 0 0 0 0 0 1 0
     73260      73680 0 0 0 0 0 1 0
     73260      73680 0 0 0 0 0 1 0
     73500      73980 1 1 1 1 1 0 0
     76860      77280 0 0 0 0 0 1 0
     76860      77280 0 0 0 0 0 1 0
     76860      77280 0 0 0 0 0 1 0
     77100      77580 1 1 1 1 1 0 0
     80400      80880 0 0 0 0 0 1 0
     80400      80880 0 0 0 0 0 1 0
     80400      80880 0 0 0 0 0 1 0
     80700      81180 1 1 1 1 1 0 0
     84000      84480 0 0 0 0 0 1 0
     84000      84480 0 0 0 0 0 1 0
     84000      84480 0 0 0 0 0 1 0
     84300      84780 1 1 1 1 1 0 0
71
