       900       1380 0 0 0 0 0 1 0
       900       1380 0 0 0 0 0 0 0
       900       1380 0 0 0 0 0 1 0
     14580      15060 0 0 0 0 1 0 0
     14580      15060 1 1 1 1 1 0 0
     15000      15480 0 0 0 0 0 1 0
     15000      15480 0 0 0 0 0 1 0
     15000      15480 0 0 0 0 0 1 0
     19860      20340 1 1 1 1 1 0 0
     19860      20340 1 0 0 0 0 0 0
     20340      20820 0 0 0 0 0 1 0
     20340      20820 0 0 0 0 0 1 0
     20340      20820 0 0 0 0 0 1 0
     23760      24240 1 1 1 1 1 0 0
     26100      26580 0 0 0 0 0 1 0
     26100      26580 0 0 0 0 0 1 0
     26100      26580 0 0 0 0 0 1 0
     27360      27840 1 1 1 1 1 0 0
     29040      29520 1 1 1 1 1 0 0
     31980      32460 1 1 1 1 1 0 0
     33300      33780 0 0 0 0 0 1 0
     33300      33780 0 0 0 0 0 1 0
     33300      33780 0 0 0 0 0 1 0
     35580      36060 1 1 1 1 1 0 0
     39180      39660 1 1 1 1 1 0 0
     40500      40980 0 0 0 0 0 1 0
     40500      40980 0 0 0 0 0 1 0
     40500      40980 0 0 0 0 0 1 0
     42780      43260 1 1 1 1 1 0 0
     46380      46860 1 1 1 1 1 0 0
     47700      48180 0 0 0 0 0 1 0
     47700      48180 0 0 0 0 0 1 0
     47700      48180 0 0 0 0 0 1 0
     49980      50460 1 1 1 1 1 0 0
     53580      54060 1 1 1 1 1 0 0
     54900      55380 0 0 0 0 0 1 0
     54900      55380 0 0 0 0 0 1 0
     54900      55380 0 0 0 0 0 1 0
     57180      57660 1 1 1 1 1 0 0
     58740      59220 1 1 1 1 1 0 0
     60780      61260 1 1 1 1 1 0 0
     62100      62580 0 0 0 0 0 1 0
     62100      62580 0 0 0 0 0 1 0
     62100      62580 0 0 0 0 0 1 0
     64380      64860 1 1 1 1 1 0 0
     67980      68460 1 1 1 1 1 0 0
     69300      69780 0 0 0 0 0 1 0
     69300      69780 0 0 0 0 0 1 0
     69300      69780 0 0 0 0 0 1 0
     71580      72060 1 1 1 1 1 0 0
     75180      75660 1 1 1 1 1 0 0
     77760      78240 0 0 0 0 0 1 0
     77760      78240 0 0 0 0 0 1 0
     77760      78240 0 0 0 0 0 1 0
     78780      79260 1 1 1 1 1 0 0
     81360      81840 0 0 0 0 0 1 0
     81360      81840 0 0 0 0 0 1 0
     81360      81840 0 0 0 0 0 1 0
     82380      82860 1 1 1 1 1 0 0
     85980         60 1 1 1 1 1 0 0
60
