        60        540 1 1 1 1 1 0 0
      1380       1860 0 0 0 0 0 1 0
      1380       1860 0 0 0 0 0 1 0
      1380       1860 0 0 0 0 0 0 0
     15060      15540 1 1 1 1 1 0 0
     15060      15540 0 0 0 0 1 0 0
     15480      16020 0 0 0 0 0 1 0
     15480      16020 0 0 0 0 0 1 0
     15480      16020 0 0 0 0 0 1 0
     20340      20820 1 0 0 0 0 0 0
     20340      20820 1 1 1 1 1 0 0
     20820      21360 0 0 0 0 0 1 0
     20820      21360 0 0 0 0 0 1 0
     20820      21360 0 0 0 0 0 1 0
     22500      23040 0 0 0 0 0 1 0
     22500      23040 0 0 0 0 0 1 0
     24240      24780 1 1 1 1 1 0 0
     26580      27120 0 0 0 0 0 1 0
     26580      27120 0 0 0 0 0 1 0
     26580      27120 0 0 0 0 0 1 0
     27840      28380 1 1 1 1 1 0 0
     30180      30720 0 0 0 0 0 1 0
     30180      30720 0 0 0 0 0 1 0
     30180      30720 0 0 0 0 0 1 0
     32460      32940 1 1 1 1 1 0 0
     33780      34320 0 0 0 0 0 1 0
     33780      34320 0 0 0 0 0 1 0
     33780      34320 0 0 0 0 0 1 0
     35580      36120 0 0 0 0 0 1 0
     35580      36120 0 0 0 0 0 1 0
     35580      36120 0 0 0 0 0 1 0
     36060      36540 1 1 1 1 1 0 0
     37380      37920 0 0 0 0 0 1 0
     37380      37920 0 0 0 0 0 1 0
     37380      37920 0 0 0 0 0 1 0
     39660      40140 1 1 1 1 1 0 0
     40980      41520 0 0 0 0 0 1 0
     40980      41520 0 0 0 0 0 1 0
     40980      41520 0 0 0 0 0 1 0
     43260      43740 1 1 1 1 1 0 0
     44580      45120 0 0 0 0 0 1 0
     44580      45120 0 0 0 0 0 1 0
     44580      45120 0 0 0 0 0 1 0
     46860      47340 1 1 1 1 1 0 0
     48180      48720 0 0 0 0 0 1 0
     48180      48720 0 0 0 0 0 1 0
     48180      48720 0 0 0 0 0 1 0
     50460      50940 1 1 1 1 1 0 0
     51780      52320 0 0 0 0 0 1 0
     51780      52320 0 0 0 0 0 1 0
     51780      52320 0 0 0 0 0 1 0
     54060      54540 1 1 1 1 1 0 0
     55380      55920 0 0 0 0 0 1 0
     55380      55920 0 0 0 0 0 1 0
     55380      55920 0 0 0 0 0 1 0
     57060      57600 1 1 1 1 1 0 0
     57660      58140 1 1 1 1 1 0 0
     58980      59520 0 0 0 0 0 1 0
     58980      59520 0 0 0 0 0 1 0
     58980      59520 0 0 0 0 0 1 0
     59220      59760 1 1 1 1 1 0 0
     61260      61740 1 1 1 1 1 0 0
     62580      63120 0 0 0 0 0 1 0
     62580      63120 0 0 0 0 0 1 0
     62580      63120 0 0 0 0 0 1 0
     64860      65340 1 1 1 1 1 0 0
     66180      66720 0 0 0 0 0 1 0
     66180      66720 0 0 0 0 0 1 0
     66180      66720 0 0 0 0 0 1 0
     68460      68940 1 1 1 1 1 0 0
     69780      70320 0 0 0 0 0 1 0
     69780      70320 0 0 0 0 0 1 0
     69780      70320 0 0 0 0 0 1 0
     72060      72540 1 1 1 1 1 0 0
     74580      75120 0 0 0 0 0 1 0
     74580      75120 0 0 0 0 0 1 0
     74580      75120 0 0 0 0 0 1 0
     75660      76140 1 1 1 1 1 0 0
     78240      78720 0 0 0 0 0 1 0
     78240      78720 0 0 0 0 0 1 0
     78240      78720 0 0 0 0 0 1 0
     79260      79740 1 1 1 1 1 0 0
     81840      82320 0 0 0 0 0 1 0
     81840      82320 0 0 0 0 0 1 0
     81840      82320 0 0 0 0 0 1 0
     82860      83340 1 1 1 1 1 0 0
86
