      2220       2520 0 0 0 0 0 1 0
      2220       2520 0 0 0 0 0 1 0
      2220       2520 0 0 0 0 0 1 0
      2580       2880 1 1 1 1 1 0 0
      5580       5820 1 1 0 1 0 0 0
      5580       5820 1 1 1 1 1 0 0
      5580       5820 0 0 0 0 1 0 0
      5580       5820 0 0 1 0 0 0 0
      5640       5940 1 1 1 1 0 0 0
      6360       6660 0 0 0 0 0 1 0
      6360       6660 0 0 0 0 0 1 0
      6360       6660 0 0 0 0 0 1 0
     21240      21480 1 1 1 1 1 0 0
     23280      23580 0 0 0 0 0 1 0
     23280      23580 0 0 0 0 0 1 0
     23280      23580 0 0 0 0 0 1 0
     23940      24240 1 1 1 1 1 0 0
     26280      26580 1 1 1 1 1 0 0
     27480      27720 0 0 0 0 0 1 0
     27480      27720 0 0 0 0 0 1 0
     27480      27720 0 0 0 0 0 1 0
     27780      28080 1 1 1 1 1 0 0
     29040      29340 1 1 1 1 1 0 0
     34080      34380 1 1 1 1 1 0 0
     34800      35040 0 0 0 0 0 1 0
     34800      35040 0 0 0 0 0 1 0
     34800      35040 0 0 0 0 0 1 0
     34980      35280 1 1 1 1 1 0 0
     38580      38880 1 1 1 1 1 0 0
     42000      42240 0 0 0 0 0 1 0
     42000      42240 0 0 0 0 0 1 0
     42000      42240 0 0 0 0 0 1 0
     42180      42480 1 1 1 1 1 0 0
     45780      46080 1 1 1 1 1 0 0
     49200      49440 0 0 0 0 0 1 0
     49200      49440 0 0 0 0 0 1 0
     49200      49440 0 0 0 0 0 1 0
     49380      49680 1 1 1 1 1 0 0
     52980      53280 1 1 1 1 1 0 0
     54720      55020 1 1 1 1 1 0 0
     56400      56640 0 0 0 0 0 1 0
     56400      56640 0 0 0 0 0 1 0
     56400      56640 0 0 0 0 0 1 0
     56580      56880 1 1 1 1 1 0 0
     60180      60480 1 1 1 1 1 0 0
     63600      63840 0 0 0 0 0 1 0
     63600      63840 0 0 0 0 0 1 0
     63600      63840 0 0 0 0 0 1 0
     63780      64080 1 1 1 1 1 0 0
     67380      67680 1 1 1 1 1 0 0
     69540      69840 1 1 1 1 1 0 0
     70800      71040 0 0 0 0 0 1 0
     70800      71040 0 0 0 0 0 1 0
     70800      71040 0 0 0 0 0 1 0
     71940      72240 1 1 1 1 1 0 0
     74280      74520 0 0 0 0 0 1 0
     74280      74520 0 0 0 0 0 1 0
     74280      74520 0 0 0 0 0 1 0
     74580      74880 1 1 1 1 1 0 0
     77880      78120 0 0 0 0 0 1 0
     77880      78120 0 0 0 0 0 1 0
     77880      78120 0 0 0 0 0 1 0
     78180      78480 1 1 1 1 1 0 0
     81420      81720 0 0 0 0 0 1 0
     81420      81720 0 0 0 0 0 1 0
     81420      81720 0 0 0 0 0 1 0
     81780      82080 1 1 1 1 1 0 0
     85020      85320 0 0 0 0 0 1 0
     85020      85320 0 0 0 0 0 1 0
     85020      85320 0 0 0 0 0 1 0
     85380      85680 1 1 1 1 1 0 0
71
