       360        660 0 0 0 0 0 0 0
       360        660 0 0 0 0 0 1 0
       360        660 0 0 0 0 0 1 0
     14040      14340 1 1 1 1 1 0 0
     14100      14340 0 0 0 0 1 0 0
     14520      14760 0 0 0 0 0 1 0
     14520      14760 0 0 0 0 0 1 0
     14520      14760 0 0 0 0 0 1 0
     19260      19560 1 1 1 1 1 0 0
     19260      19560 1 0 0 0 0 0 0
     19860      20100 0 0 0 0 0 1 0
     19860      20100 0 0 0 0 0 1 0
     19860      20100 0 0 0 0 0 1 0
     23220      23520 1 1 1 1 1 0 0
     25620      25860 0 0 0 0 0 1 0
     25620      25860 0 0 0 0 0 1 0
     25620      25860 0 0 0 0 0 1 0
     26820      27120 1 1 1 1 1 0 0
     28440      28740 1 1 1 1 1 0 0
     31380      31680 1 1 1 1 1 0 0
     32820      33060 0 0 0 0 0 1 0
     32820      33060 0 0 0 0 0 1 0
     32820      33060 0 0 0 0 0 1 0
     34980      35280 1 1 1 1 1 0 0
     38580      38880 1 1 1 1 1 0 0
     40020      40260 0 0 0 0 0 1 0
     40020      40260 0 0 0 0 0 1 0
     40020      40260 0 0 0 0 0 1 0
     42180      42480 1 1 1 1 1 0 0
     45780      46080 1 1 1 1 1 0 0
     47220      47460 0 0 0 0 0 1 0
     47220      47460 0 0 0 0 0 1 0
     47220      47460 0 0 0 0 0 1 0
     49380      49680 1 1 1 1 1 0 0
     52980      53280 1 1 1 1 1 0 0
     54420      54660 0 0 0 0 0 1 0
     54420      54660 0 0 0 0 0 1 0
     54420      54660 0 0 0 0 0 1 0
     56580      56880 1 1 1 1 1 0 0
     58200      58500 1 1 1 1 1 0 0
     60180      60480 1 1 1 1 1 0 0
     61620      61860 0 0 0 0 0 1 0
     61620      61860 0 0 0 0 0 1 0
     61620      61860 0 0 0 0 0 1 0
     63780      64080 1 1 1 1 1 0 0
     67380      67680 1 1 1 1 1 0 0
     68820      69060 0 0 0 0 0 1 0
     68820      69060 0 0 0 0 0 1 0
     68820      69060 0 0 0 0 0 1 0
     70980      71280 1 1 1 1 1 0 0
     74580      74880 1 1 1 1 1 0 0
     77220      77520 0 0 0 0 0 1 0
     77220      77520 0 0 0 0 0 1 0
     77220      77520 0 0 0 0 0 1 0
     78180      78480 1 1 1 1 1 0 0
     80820      81120 0 0 0 0 0 1 0
     80820      81120 0 0 0 0 0 1 0
     80820      81120 0 0 0 0 0 1 0
     81780      82080 1 1 1 1 1 0 0
     85380      85680 1 1 1 1 1 0 0
60
