       720       1800 1 1 1 1 0 0 0
       720       1800 0 0 0 1 0 0 0
       720       1800 1 1 1 1 1 0 0
       720       1800 1 1 0 1 0 0 0
     18660      19740 1 1 1 1 1 0 0
     21300      22380 1 1 1 1 1 0 0
     23640      24660 1 1 1 1 1 0 0
     23640      24660 1 1 1 1 1 0 0
     24840      25920 1 1 1 1 1 0 0
     24840      25920 1 1 1 1 1 0 0
     26040      27120 1 1 1 1 1 0 0
     26040      27120 1 1 1 1 1 0 0
     27240      28320 1 1 1 1 1 0 0
     28440      29520 1 1 1 1 1 0 0
     28440      29520 1 1 1 1 1 0 0
     30840      31920 1 1 1 1 1 0 0
     30840      31920 1 1 1 1 1 0 0
     33120      34200 1 1 1 1 1 0 0
     34920      36000 1 1 1 1 1 0 0
     36720      37800 1 1 1 1 1 0 0
     40320      41400 0 0 0 0 1 0 0
     40320      41400 1 0 0 0 0 0 0
     40320      41400 0 0 0 1 0 0 0
     40320      41400 1 1 1 1 1 0 0
     43920      45000 1 1 1 1 1 0 0
     43920      45000 1 0 0 0 0 0 0
     43920      45000 0 0 0 0 1 0 0
     43980      45000 0 1 0 0 0 0 0
     47520      48600 0 1 0 0 0 0 0
     47520      48600 0 0 0 1 0 0 0
     47520      48600 1 1 1 1 1 0 0
     51120      52200 1 1 1 1 1 0 0
     51120      52200 0 1 0 0 0 0 0
     54720      55800 1 1 1 1 1 0 0
     54720      55800 0 1 0 0 0 0 0
     58320      59400 1 1 1 1 1 0 0
     58320      59400 0 1 0 0 0 0 0
     60120      61200 1 1 1 1 1 0 0
     61920      63000 1 1 1 1 1 0 0
     61920      63000 0 1 0 0 0 0 0
     65520      66600 0 1 0 0 0 0 0
     65520      66600 1 1 1 1 1 0 0
     69120      70200 0 0 1 0 0 0 0
     69120      70200 1 1 1 1 1 0 0
     72780      73860 0 0 0 1 0 0 0
     72780      73860 1 1 1 1 1 0 0
     72780      73860 0 0 1 0 0 0 0
     76320      77400 1 1 1 1 1 0 0
     79920      81000 1 1 1 1 1 0 0
     79920      81000 1 1 1 1 0 0 0
     79920      81000 0 0 1 0 0 0 0
     79920      81000 1 1 0 1 0 0 0
     83520      84600 1 1 0 1 0 0 0
     83520      84600 1 1 1 1 1 0 0
54
