       660        900 0 0 0 0 0 1 0
       660        900 0 0 0 0 0 0 0
       660        900 0 0 0 0 0 1 0
     14340      14580 1 1 1 1 1 0 0
     14340      14580 0 0 0 0 1 0 0
     14760      15000 0 0 0 0 0 1 0
     14760      15000 0 0 0 0 0 1 0
     14760      15000 0 0 0 0 0 1 0
     19560      19860 1 1 1 1 1 0 0
     19560      19860 1 0 0 0 0 0 0
     20100      20340 0 0 0 0 0 1 0
     20100      20340 0 0 0 0 0 1 0
     20100      20340 0 0 0 0 0 1 0
     23520      23760 1 1 1 1 1 0 0
     25860      26100 0 0 0 0 0 1 0
     25860      26100 0 0 0 0 0 1 0
     25860      26100 0 0 0 0 0 1 0
     27120      27360 1 1 1 1 1 0 0
     28740      29040 1 1 1 1 1 0 0
     31680      31980 1 1 1 1 1 0 0
     33060      33300 0 0 0 0 0 1 0
     33060      33300 0 0 0 0 0 1 0
     33060      33300 0 0 0 0 0 1 0
     35280      35580 1 1 1 1 1 0 0
     38880      39180 1 1 1 1 1 0 0
     40260      40500 0 0 0 0 0 1 0
     40260      40500 0 0 0 0 0 1 0
     40260      40500 0 0 0 0 0 1 0
     42480      42780 1 1 1 1 1 0 0
     46080      46380 1 1 1 1 1 0 0
     47460      47700 0 0 0 0 0 1 0
     47460      47700 0 0 0 0 0 1 0
     47460      47700 0 0 0 0 0 1 0
     49680      49980 1 1 1 1 1 0 0
     53280      53580 1 1 1 1 1 0 0
     54660      54900 0 0 0 0 0 1 0
     54660      54900 0 0 0 0 0 1 0
     54660      54900 0 0 0 0 0 1 0
     56880      57180 1 1 1 1 1 0 0
     58500      58740 1 1 1 1 1 0 0
     60480      60780 1 1 1 1 1 0 0
     61860      62100 0 0 0 0 0 1 0
     61860      62100 0 0 0 0 0 1 0
     61860      62100 0 0 0 0 0 1 0
     64080      64380 1 1 1 1 1 0 0
     67680      67980 1 1 1 1 1 0 0
     69060      69300 0 0 0 0 0 1 0
     69060      69300 0 0 0 0 0 1 0
     69060      69300 0 0 0 0 0 1 0
     71280      71580 1 1 1 1 1 0 0
     74880      75180 1 1 1 1 1 0 0
     77520      77760 0 0 0 0 0 1 0
     77520      77760 0 0 0 0 0 1 0
     77520      77760 0 0 0 0 0 1 0
     78480      78780 1 1 1 1 1 0 0
     81120      81360 0 0 0 0 0 1 0
     81120      81360 0 0 0 0 0 1 0
     81120      81360 0 0 0 0 0 1 0
     82080      82380 1 1 1 1 1 0 0
     85680      85980 1 1 1 1 1 0 0
60
