       120        360 0 0 0 0 0 0 0
       120        360 0 0 0 0 0 1 0
       120        360 0 0 0 0 0 1 0
     13800      14100 0 0 0 0 1 0 0
     13800      14040 1 1 1 1 1 0 0
     14220      14520 0 0 0 0 0 1 0
     14220      14520 0 0 0 0 0 1 0
     14220      14520 0 0 0 0 0 1 0
     19020      19260 1 0 0 0 0 0 0
     19020      19260 1 1 1 1 1 0 0
     19560      19860 0 0 0 0 0 1 0
     19560      19860 0 0 0 0 0 1 0
     19560      19860 0 0 0 0 0 1 0
     22920      23220 1 1 1 1 1 0 0
     25320      25620 0 0 0 0 0 1 0
     25320      25620 0 0 0 0 0 1 0
     25320      25620 0 0 0 0 0 1 0
     26520      26820 1 1 1 1 1 0 0
     28200      28440 1 1 1 1 1 0 0
     31140      31380 1 1 1 1 1 0 0
     32520      32820 0 0 0 0 0 1 0
     32520      32820 0 0 0 0 0 1 0
     32520      32820 0 0 0 0 0 1 0
     34740      34980 1 1 1 1 1 0 0
     38340      38580 1 1 1 1 1 0 0
     39720      40020 0 0 0 0 0 1 0
     39720      40020 0 0 0 0 0 1 0
     39720      40020 0 0 0 0 0 1 0
     41940      42180 1 1 1 1 1 0 0
     45540      45780 1 1 1 1 1 0 0
     46920      47220 0 0 0 0 0 1 0
     46920      47220 0 0 0 0 0 1 0
     46920      47220 0 0 0 0 0 1 0
     49140      49380 1 1 1 1 1 0 0
     52740      52980 1 1 1 1 1 0 0
     54120      54420 0 0 0 0 0 1 0
     54120      54420 0 0 0 0 0 1 0
     54120      54420 0 0 0 0 0 1 0
     56340      56580 1 1 1 1 1 0 0
     57900      58200 1 1 1 1 1 0 0
     59940      60180 1 1 1 1 1 0 0
     61320      61620 0 0 0 0 0 1 0
     61320      61620 0 0 0 0 0 1 0
     61320      61620 0 0 0 0 0 1 0
     63540      63780 1 1 1 1 1 0 0
     67140      67380 1 1 1 1 1 0 0
     68520      68820 0 0 0 0 0 1 0
     68520      68820 0 0 0 0 0 1 0
     68520      68820 0 0 0 0 0 1 0
     70740      70980 1 1 1 1 1 0 0
     74340      74580 1 1 1 1 1 0 0
     76980      77220 0 0 0 0 0 1 0
     76980      77220 0 0 0 0 0 1 0
     76980      77220 0 0 0 0 0 1 0
     77940      78180 1 1 1 1 1 0 0
     80580      80820 0 0 0 0 0 1 0
     80580      80820 0 0 0 0 0 1 0
     80580      80820 0 0 0 0 0 1 0
     81540      81780 1 1 1 1 1 0 0
     85140      85380 1 1 1 1 1 0 0
60
