     19740      19860 1 1 1 1 1 0 0
     20100      20220 0 0 0 0 0 1 0
     23340      23460 1 1 1 1 1 0 0
     25020      25140 0 0 0 0 0 1 0
     25140      25260 1 1 1 1 1 0 0
     28920      29040 0 0 0 0 0 1 0
     31980      32100 0 0 0 0 0 1 0
     32520      32640 1 1 1 1 1 0 0
     36120      36240 0 0 0 0 0 1 0
     39180      39300 0 0 0 0 0 1 0
     43320      43440 0 0 0 0 0 1 0
     46380      46500 0 0 0 0 0 1 0
     50520      50640 0 0 0 0 0 1 0
     53580      53700 0 0 0 0 0 1 0
     57720      57840 0 0 0 0 0 1 0
     60780      60900 0 0 0 0 0 1 0
     64920      65040 0 0 0 0 0 1 0
     65160      65280 1 1 1 1 1 0 0
     67440      67560 1 1 1 1 1 0 0
     67980      68100 0 0 0 0 0 1 0
     68820      68940 1 1 1 1 1 0 0
     72000      72120 0 0 0 0 0 1 0
22
