     13440      13620 1 1 1 1 1 0 0
     13500      13680 0 0 0 0 1 0 0
     13920      14040 0 0 0 0 0 1 0
     13920      14040 0 0 0 0 0 1 0
     13920      14040 0 0 0 0 0 1 0
     18660      18840 1 0 0 0 0 0 0
     18660      18840 1 1 1 1 1 0 0
     19260      19380 0 0 0 0 0 1 0
     19260      19380 0 0 0 0 0 1 0
     19260      19380 0 0 0 0 0 1 0
     22620      22740 1 1 1 1 1 0 0
     25020      25140 0 0 0 0 0 1 0
     25020      25140 0 0 0 0 0 1 0
     25020      25140 0 0 0 0 0 1 0
     26220      26340 1 1 1 1 1 0 0
     27840      28020 1 1 1 1 1 0 0
     30780      30960 1 1 1 1 1 0 0
     32220      32340 0 0 0 0 0 1 0
     32220      32340 0 0 0 0 0 1 0
     32220      32340 0 0 0 0 0 1 0
     34380      34560 1 1 1 1 1 0 0
     37980      38160 1 1 1 1 1 0 0
     39420      39540 0 0 0 0 0 1 0
     39420      39540 0 0 0 0 0 1 0
     39420      39540 0 0 0 0 0 1 0
     41580      41760 1 1 1 1 1 0 0
     45180      45360 1 1 1 1 1 0 0
     46620      46740 0 0 0 0 0 1 0
     46620      46740 0 0 0 0 0 1 0
     46620      46740 0 0 0 0 0 1 0
     48780      48960 1 1 1 1 1 0 0
     52380      52560 1 1 1 1 1 0 0
     53820      53940 0 0 0 0 0 1 0
     53820      53940 0 0 0 0 0 1 0
     53820      53940 0 0 0 0 0 1 0
     55980      56160 1 1 1 1 1 0 0
     57600      57720 1 1 1 1 1 0 0
     59580      59760 1 1 1 1 1 0 0
     61020      61140 0 0 0 0 0 1 0
     61020      61140 0 0 0 0 0 1 0
     61020      61140 0 0 0 0 0 1 0
     63180      63360 1 1 1 1 1 0 0
     66780      66960 1 1 1 1 1 0 0
     68220      68340 0 0 0 0 0 1 0
     68220      68340 0 0 0 0 0 1 0
     68220      68340 0 0 0 0 0 1 0
     70380      70560 1 1 1 1 1 0 0
     73980      74160 1 1 1 1 1 0 0
     76620      76800 0 0 0 0 0 1 0
     76620      76800 0 0 0 0 0 1 0
     76620      76800 0 0 0 0 0 1 0
     77580      77760 1 1 1 1 1 0 0
     80220      80400 0 0 0 0 0 1 0
     80220      80400 0 0 0 0 0 1 0
     80220      80400 0 0 0 0 0 1 0
     81180      81360 1 1 1 1 1 0 0
     84780      84960 1 1 1 1 1 0 0
     86160      86340 0 0 0 0 0 0 0
     86160      86340 0 0 0 0 0 1 0
     86160      86340 0 0 0 0 0 1 0
60
