      2820       3000 0 0 0 0 0 1 0
      2820       3000 0 0 0 0 0 1 0
      2820       3000 0 0 0 0 0 1 0
      3180       3360 1 1 1 1 1 0 0
      6120       6300 1 1 1 1 1 0 0
      6120       6300 0 0 0 0 1 0 0
      6120       6300 0 0 1 0 0 0 0
      6120       6300 1 1 0 1 0 0 0
      6240       6420 1 1 1 1 0 0 0
      6960       7140 0 0 0 0 0 1 0
      6960       7140 0 0 0 0 0 1 0
      6960       7140 0 0 0 0 0 1 0
     21780      21960 1 1 1 1 1 0 0
     23880      24060 0 0 0 0 0 1 0
     23880      24060 0 0 0 0 0 1 0
     23880      24060 0 0 0 0 0 1 0
     24540      24720 1 1 1 1 1 0 0
     26880      27060 1 1 1 1 1 0 0
     28080      28200 0 0 0 0 0 1 0
     28080      28200 0 0 0 0 0 1 0
     28080      28200 0 0 0 0 0 1 0
     28380      28560 1 1 1 1 1 0 0
     29640      29820 1 1 1 1 1 0 0
     34680      34860 1 1 1 1 1 0 0
     35340      35520 0 0 0 0 0 1 0
     35340      35520 0 0 0 0 0 1 0
     35340      35520 0 0 0 0 0 1 0
     35580      35760 1 1 1 1 1 0 0
     39180      39360 1 1 1 1 1 0 0
     42540      42720 0 0 0 0 0 1 0
     42540      42720 0 0 0 0 0 1 0
     42540      42720 0 0 0 0 0 1 0
     42780      42960 1 1 1 1 1 0 0
     46380      46560 1 1 1 1 1 0 0
     49740      49920 0 0 0 0 0 1 0
     49740      49920 0 0 0 0 0 1 0
     49740      49920 0 0 0 0 0 1 0
     49980      50160 1 1 1 1 1 0 0
     53580      53760 1 1 1 1 1 0 0
     55320      55500 1 1 1 1 1 0 0
     56940      57120 0 0 0 0 0 1 0
     56940      57120 0 0 0 0 0 1 0
     56940      57120 0 0 0 0 0 1 0
     57180      57360 1 1 1 1 1 0 0
     60780      60960 1 1 1 1 1 0 0
     64140      64320 0 0 0 0 0 1 0
     64140      64320 0 0 0 0 0 1 0
     64140      64320 0 0 0 0 0 1 0
     64380      64560 1 1 1 1 1 0 0
     67980      68160 1 1 1 1 1 0 0
     70140      70320 1 1 1 1 1 0 0
     71340      71520 0 0 0 0 0 1 0
     71340      71520 0 0 0 0 0 1 0
     71340      71520 0 0 0 0 0 1 0
     72540      72720 1 1 1 1 1 0 0
     74820      75000 0 0 0 0 0 1 0
     74820      75000 0 0 0 0 0 1 0
     74820      75000 0 0 0 0 0 1 0
     75180      75360 1 1 1 1 1 0 0
     78420      78600 0 0 0 0 0 1 0
     78420      78600 0 0 0 0 0 1 0
     78420      78600 0 0 0 0 0 1 0
     78780      78960 1 1 1 1 1 0 0
     82020      82200 0 0 0 0 0 1 0
     82020      82200 0 0 0 0 0 1 0
     82020      82200 0 0 0 0 0 1 0
     82380      82560 1 1 1 1 1 0 0
     85620      85800 0 0 0 0 0 1 0
     85620      85800 0 0 0 0 0 1 0
     85620      85800 0 0 0 0 0 1 0
     85980      86160 1 1 1 1 1 0 0
71
