     17220      18660 1 1 1 1 1 0 0
     19860      21300 1 1 1 1 1 0 0
     21000      22500 0 0 0 0 0 1 0
     21000      22500 0 0 0 0 0 1 0
     22080      23580 1 1 1 1 1 0 0
     23280      24780 1 1 1 1 1 0 0
     24480      25980 1 1 1 1 1 0 0
     25680      27120 1 1 1 1 1 0 0
     26940      28440 1 1 1 1 1 0 0
     28680      30180 0 0 0 0 0 1 0
     28680      30180 0 0 0 0 0 1 0
     28680      30180 0 0 0 0 0 1 0
     29280      30780 1 1 1 1 1 0 0
     31680      33120 1 1 1 1 1 0 0
     33480      34920 1 1 1 1 1 0 0
     34080      35580 0 0 0 0 0 1 0
     34080      35580 0 0 0 0 0 1 0
     34080      35580 0 0 0 0 0 1 0
     35280      36720 1 1 1 1 1 0 0
     35880      37380 0 0 0 0 0 1 0
     35880      37380 0 0 0 0 0 1 0
     35880      37380 0 0 0 0 0 1 0
     38880      40320 1 0 0 0 0 0 0
     38880      40320 1 1 1 1 1 0 0
     38880      40320 0 0 0 0 1 0 0
     38880      40320 0 0 0 1 0 0 0
     42480      43920 1 1 1 1 1 0 0
     42480      43920 0 0 0 0 1 0 0
     42480      43920 1 0 0 0 0 0 0
     42540      43980 0 1 0 0 0 0 0
     43080      44580 0 0 0 0 0 1 0
     43080      44580 0 0 0 0 0 1 0
     43080      44580 0 0 0 0 0 1 0
     46080      47520 0 0 0 1 0 0 0
     46080      47520 0 1 0 0 0 0 0
     46080      47520 1 1 1 1 1 0 0
     49680      51120 0 1 0 0 0 0 0
     49680      51120 1 1 1 1 1 0 0
     50280      51780 0 0 0 0 0 1 0
     50280      51780 0 0 0 0 0 1 0
     50280      51780 0 0 0 0 0 1 0
     53280      54720 0 1 0 0 0 0 0
     53280      54720 1 1 1 1 1 0 0
     56880      58320 0 1 0 0 0 0 0
     56880      58320 1 1 1 1 1 0 0
     57480      58980 0 0 0 0 0 1 0
     57480      58980 0 0 0 0 0 1 0
     57480      58980 0 0 0 0 0 1 0
     58680      60120 1 1 1 1 1 0 0
     60480      61920 0 1 0 0 0 0 0
     60480      61920 1 1 1 1 1 0 0
     64080      65520 1 1 1 1 1 0 0
     64080      65520 0 1 0 0 0 0 0
     64680      66180 0 0 0 0 0 1 0
     64680      66180 0 0 0 0 0 1 0
     64680      66180 0 0 0 0 0 1 0
     67680      69120 1 1 1 1 1 0 0
     67680      69120 0 0 1 0 0 0 0
     71340      72780 0 0 0 1 0 0 0
     71340      72780 0 0 1 0 0 0 0
     71340      72780 1 1 1 1 1 0 0
     73080      74580 0 0 0 0 0 1 0
     73080      74580 0 0 0 0 0 1 0
     73080      74580 0 0 0 0 0 1 0
     74880      76320 1 1 1 1 1 0 0
     78480      79920 1 1 1 1 0 0 0
     78480      79920 0 0 1 0 0 0 0
     78480      79920 1 1 0 1 0 0 0
     78480      79920 1 1 1 1 1 0 0
     82080      83520 1 1 0 1 0 0 0
     82080      83520 1 1 1 1 1 0 0
     85680        720 1 1 0 1 0 0 0
     85680        720 1 1 1 1 0 0 0
     85680        720 1 1 1 1 1 0 0
     85680        720 0 0 0 1 0 0 0
75
