      2520       2640 0 0 0 0 0 1 0
      2520       2640 0 0 0 0 0 1 0
      2520       2640 0 0 0 0 0 1 0
      2880       3000 1 1 1 1 1 0 0
      5820       6000 1 1 1 1 1 0 0
      5820       6000 0 0 1 0 0 0 0
      5820       6000 0 0 0 0 1 0 0
      5820       6000 1 1 0 1 0 0 0
      5940       6060 1 1 1 1 0 0 0
      6660       6780 0 0 0 0 0 1 0
      6660       6780 0 0 0 0 0 1 0
      6660       6780 0 0 0 0 0 1 0
     21480      21660 1 1 1 1 1 0 0
     23580      23700 0 0 0 0 0 1 0
     23580      23700 0 0 0 0 0 1 0
     23580      23700 0 0 0 0 0 1 0
     24240      24360 1 1 1 1 1 0 0
     26580      26700 1 1 1 1 1 0 0
     27720      27900 0 0 0 0 0 1 0
     27720      27900 0 0 0 0 0 1 0
     27720      27900 0 0 0 0 0 1 0
     28080      28200 1 1 1 1 1 0 0
     29340      29460 1 1 1 1 1 0 0
     34380      34500 1 1 1 1 1 0 0
     35040      35220 0 0 0 0 0 1 0
     35040      35220 0 0 0 0 0 1 0
     35040      35220 0 0 0 0 0 1 0
     35280      35400 1 1 1 1 1 0 0
     38880      39000 1 1 1 1 1 0 0
     42240      42420 0 0 0 0 0 1 0
     42240      42420 0 0 0 0 0 1 0
     42240      42420 0 0 0 0 0 1 0
     42480      42600 1 1 1 1 1 0 0
     46080      46200 1 1 1 1 1 0 0
     49440      49620 0 0 0 0 0 1 0
     49440      49620 0 0 0 0 0 1 0
     49440      49620 0 0 0 0 0 1 0
     49680      49800 1 1 1 1 1 0 0
     53280      53400 1 1 1 1 1 0 0
     55020      55140 1 1 1 1 1 0 0
     56640      56820 0 0 0 0 0 1 0
     56640      56820 0 0 0 0 0 1 0
     56640      56820 0 0 0 0 0 1 0
     56880      57000 1 1 1 1 1 0 0
     60480      60600 1 1 1 1 1 0 0
     63840      64020 0 0 0 0 0 1 0
     63840      64020 0 0 0 0 0 1 0
     63840      64020 0 0 0 0 0 1 0
     64080      64200 1 1 1 1 1 0 0
     67680      67800 1 1 1 1 1 0 0
     69840      69960 1 1 1 1 1 0 0
     71040      71220 0 0 0 0 0 1 0
     71040      71220 0 0 0 0 0 1 0
     71040      71220 0 0 0 0 0 1 0
     72240      72360 1 1 1 1 1 0 0
     74520      74700 0 0 0 0 0 1 0
     74520      74700 0 0 0 0 0 1 0
     74520      74700 0 0 0 0 0 1 0
     74880      75000 1 1 1 1 1 0 0
     78120      78300 0 0 0 0 0 1 0
     78120      78300 0 0 0 0 0 1 0
     78120      78300 0 0 0 0 0 1 0
     78480      78600 1 1 1 1 1 0 0
     81720      81840 0 0 0 0 0 1 0
     81720      81840 0 0 0 0 0 1 0
     81720      81840 0 0 0 0 0 1 0
     82080      82200 1 1 1 1 1 0 0
     85320      85440 0 0 0 0 0 1 0
     85320      85440 0 0 0 0 0 1 0
     85320      85440 0 0 0 0 0 1 0
     85680      85800 1 1 1 1 1 0 0
71
