      3000       3120 0 0 0 0 0 1 0
      3000       3120 0 0 0 0 0 1 0
      3000       3120 0 0 0 0 0 1 0
      3360       3480 1 1 1 1 1 0 0
      6300       6480 1 1 0 1 0 0 0
      6300       6480 1 1 1 1 1 0 0
      6300       6480 0 0 0 0 1 0 0
      6300       6480 0 0 1 0 0 0 0
      6420       6540 1 1 1 1 0 0 0
      7140       7260 0 0 0 0 0 1 0
      7140       7260 0 0 0 0 0 1 0
      7140       7260 0 0 0 0 0 1 0
     24060      24180 0 0 0 0 0 1 0
     24060      24180 0 0 0 0 0 1 0
     24060      24180 0 0 0 0 0 1 0
     24720      24840 1 1 1 1 1 0 0
     27060      27180 1 1 1 1 1 0 0
     28200      28380 0 0 0 0 0 1 0
     28200      28380 0 0 0 0 0 1 0
     28200      28380 0 0 0 0 0 1 0
     28560      28680 1 1 1 1 1 0 0
     29820      29940 1 1 1 1 1 0 0
     34860      34980 1 1 1 1 1 0 0
     35520      35700 0 0 0 0 0 1 0
     35520      35700 0 0 0 0 0 1 0
     35520      35700 0 0 0 0 0 1 0
     35760      35880 1 1 1 1 1 0 0
     39360      39480 1 1 1 1 1 0 0
     42720      42900 0 0 0 0 0 1 0
     42720      42900 0 0 0 0 0 1 0
     42720      42900 0 0 0 0 0 1 0
     42960      43080 1 1 1 1 1 0 0
     46560      46680 1 1 1 1 1 0 0
     49920      50100 0 0 0 0 0 1 0
     49920      50100 0 0 0 0 0 1 0
     49920      50100 0 0 0 0 0 1 0
     50160      50280 1 1 1 1 1 0 0
     53760      53880 1 1 1 1 1 0 0
     55500      55620 1 1 1 1 1 0 0
     57120      57300 0 0 0 0 0 1 0
     57120      57300 0 0 0 0 0 1 0
     57120      57300 0 0 0 0 0 1 0
     57360      57480 1 1 1 1 1 0 0
     60960      61080 1 1 1 1 1 0 0
     61740      61860 1 1 1 1 1 0 0
     64320      64500 0 0 0 0 0 1 0
     64320      64500 0 0 0 0 0 1 0
     64320      64500 0 0 0 0 0 1 0
     64800      64920 1 1 1 1 1 0 0
     67140      67260 1 1 1 1 1 0 0
     68400      68520 1 1 1 1 1 0 0
     69540      69660 1 1 1 1 1 0 0
     70320      70440 1 1 1 1 1 0 0
     71520      71700 0 0 0 0 0 1 0
     71520      71700 0 0 0 0 0 1 0
     71520      71700 0 0 0 0 0 1 0
     71940      72060 1 1 1 1 1 0 0
     71940      72060 0 0 1 0 0 0 0
     72720      72840 1 1 1 1 1 0 0
     75000      75180 0 0 0 0 0 1 0
     75000      75180 0 0 0 0 0 1 0
     75000      75180 0 0 0 0 0 1 0
     75360      75480 1 1 1 1 1 0 0
     78600      78780 0 0 0 0 0 1 0
     78600      78780 0 0 0 0 0 1 0
     78600      78780 0 0 0 0 0 1 0
     78960      79080 1 1 1 1 1 0 0
     82200      82320 0 0 0 0 0 1 0
     82200      82320 0 0 0 0 0 1 0
     82200      82320 0 0 0 0 0 1 0
     82560      82680 1 1 1 1 1 0 0
     85800      85920 0 0 0 0 0 1 0
     85800      85920 0 0 0 0 0 1 0
     85800      85920 0 0 0 0 0 1 0
     86160      86280 1 1 1 1 1 0 0
75
