     13260      13440 1 1 1 1 1 0 0
     13380      13500 0 0 0 0 1 0 0
     13740      13920 0 0 0 0 0 1 0
     13740      13920 0 0 0 0 0 1 0
     13740      13920 0 0 0 0 0 1 0
     18540      18660 1 1 1 1 1 0 0
     18540      18660 1 0 0 0 0 0 0
     19080      19260 0 0 0 0 0 1 0
     19080      19260 0 0 0 0 0 1 0
     19080      19260 0 0 0 0 0 1 0
     22440      22620 1 1 1 1 1 0 0
     24840      25020 0 0 0 0 0 1 0
     24840      25020 0 0 0 0 0 1 0
     24840      25020 0 0 0 0 0 1 0
     26040      26220 1 1 1 1 1 0 0
     27720      27840 1 1 1 1 1 0 0
     30660      30780 1 1 1 1 1 0 0
     32040      32220 0 0 0 0 0 1 0
     32040      32220 0 0 0 0 0 1 0
     32040      32220 0 0 0 0 0 1 0
     34260      34380 1 1 1 1 1 0 0
     37860      37980 1 1 1 1 1 0 0
     39240      39420 0 0 0 0 0 1 0
     39240      39420 0 0 0 0 0 1 0
     39240      39420 0 0 0 0 0 1 0
     41460      41580 1 1 1 1 1 0 0
     45060      45180 1 1 1 1 1 0 0
     46440      46620 0 0 0 0 0 1 0
     46440      46620 0 0 0 0 0 1 0
     46440      46620 0 0 0 0 0 1 0
     48660      48780 1 1 1 1 1 0 0
     52260      52380 1 1 1 1 1 0 0
     53640      53820 0 0 0 0 0 1 0
     53640      53820 0 0 0 0 0 1 0
     53640      53820 0 0 0 0 0 1 0
     55860      55980 1 1 1 1 1 0 0
     57420      57600 1 1 1 1 1 0 0
     59460      59580 1 1 1 1 1 0 0
     60840      61020 0 0 0 0 0 1 0
     60840      61020 0 0 0 0 0 1 0
     60840      61020 0 0 0 0 0 1 0
     63060      63180 1 1 1 1 1 0 0
     66660      66780 1 1 1 1 1 0 0
     68040      68220 0 0 0 0 0 1 0
     68040      68220 0 0 0 0 0 1 0
     68040      68220 0 0 0 0 0 1 0
     70260      70380 1 1 1 1 1 0 0
     73860      73980 1 1 1 1 1 0 0
     76440      76620 0 0 0 0 0 1 0
     76440      76620 0 0 0 0 0 1 0
     76440      76620 0 0 0 0 0 1 0
     77460      77580 1 1 1 1 1 0 0
     80040      80220 0 0 0 0 0 1 0
     80040      80220 0 0 0 0 0 1 0
     80040      80220 0 0 0 0 0 1 0
     81060      81180 1 1 1 1 1 0 0
     84660      84780 1 1 1 1 1 0 0
     85980      86160 0 0 0 0 0 1 0
     85980      86160 0 0 0 0 0 1 0
     85980      86160 0 0 0 0 0 0 0
60
