      2640       2820 0 0 0 0 0 1 0
      2640       2820 0 0 0 0 0 1 0
      2640       2820 0 0 0 0 0 1 0
      3000       3180 1 1 1 1 1 0 0
      6000       6120 0 0 0 0 1 0 0
      6000       6120 1 1 0 1 0 0 0
      6000       6120 1 1 1 1 1 0 0
      6000       6120 0 0 1 0 0 0 0
      6060       6240 1 1 1 1 0 0 0
      6780       6960 0 0 0 0 0 1 0
      6780       6960 0 0 0 0 0 1 0
      6780       6960 0 0 0 0 0 1 0
     21660      21780 1 1 1 1 1 0 0
     23700      23880 0 0 0 0 0 1 0
     23700      23880 0 0 0 0 0 1 0
     23700      23880 0 0 0 0 0 1 0
     24360      24540 1 1 1 1 1 0 0
     26700      26880 1 1 1 1 1 0 0
     27900      28080 0 0 0 0 0 1 0
     27900      28080 0 0 0 0 0 1 0
     27900      28080 0 0 0 0 0 1 0
     28200      28380 1 1 1 1 1 0 0
     29460      29640 1 1 1 1 1 0 0
     34500      34680 1 1 1 1 1 0 0
     35220      35340 0 0 0 0 0 1 0
     35220      35340 0 0 0 0 0 1 0
     35220      35340 0 0 0 0 0 1 0
     35400      35580 1 1 1 1 1 0 0
     39000      39180 1 1 1 1 1 0 0
     42420      42540 0 0 0 0 0 1 0
     42420      42540 0 0 0 0 0 1 0
     42420      42540 0 0 0 0 0 1 0
     42600      42780 1 1 1 1 1 0 0
     46200      46380 1 1 1 1 1 0 0
     49620      49740 0 0 0 0 0 1 0
     49620      49740 0 0 0 0 0 1 0
     49620      49740 0 0 0 0 0 1 0
     49800      49980 1 1 1 1 1 0 0
     53400      53580 1 1 1 1 1 0 0
     55140      55320 1 1 1 1 1 0 0
     56820      56940 0 0 0 0 0 1 0
     56820      56940 0 0 0 0 0 1 0
     56820      56940 0 0 0 0 0 1 0
     57000      57180 1 1 1 1 1 0 0
     60600      60780 1 1 1 1 1 0 0
     64020      64140 0 0 0 0 0 1 0
     64020      64140 0 0 0 0 0 1 0
     64020      64140 0 0 0 0 0 1 0
     64200      64380 1 1 1 1 1 0 0
     67800      67980 1 1 1 1 1 0 0
     69960      70140 1 1 1 1 1 0 0
     71220      71340 0 0 0 0 0 1 0
     71220      71340 0 0 0 0 0 1 0
     71220      71340 0 0 0 0 0 1 0
     72360      72540 1 1 1 1 1 0 0
     74700      74820 0 0 0 0 0 1 0
     74700      74820 0 0 0 0 0 1 0
     74700      74820 0 0 0 0 0 1 0
     75000      75180 1 1 1 1 1 0 0
     78300      78420 0 0 0 0 0 1 0
     78300      78420 0 0 0 0 0 1 0
     78300      78420 0 0 0 0 0 1 0
     78600      78780 1 1 1 1 1 0 0
     81840      82020 0 0 0 0 0 1 0
     81840      82020 0 0 0 0 0 1 0
     81840      82020 0 0 0 0 0 1 0
     82200      82380 1 1 1 1 1 0 0
     85440      85620 0 0 0 0 0 1 0
     85440      85620 0 0 0 0 0 1 0
     85440      85620 0 0 0 0 0 1 0
     85800      85980 1 1 1 1 1 0 0
71
