     13620      13800 1 1 1 1 1 0 0
     13680      13800 0 0 0 0 1 0 0
     14040      14220 0 0 0 0 0 1 0
     14040      14220 0 0 0 0 0 1 0
     14040      14220 0 0 0 0 0 1 0
     18840      19020 1 1 1 1 1 0 0
     18840      19020 1 0 0 0 0 0 0
     19380      19560 0 0 0 0 0 1 0
     19380      19560 0 0 0 0 0 1 0
     19380      19560 0 0 0 0 0 1 0
     22740      22920 1 1 1 1 1 0 0
     25140      25320 0 0 0 0 0 1 0
     25140      25320 0 0 0 0 0 1 0
     25140      25320 0 0 0 0 0 1 0
     26340      26520 1 1 1 1 1 0 0
     28020      28200 1 1 1 1 1 0 0
     30960      31140 1 1 1 1 1 0 0
     32340      32520 0 0 0 0 0 1 0
     32340      32520 0 0 0 0 0 1 0
     32340      32520 0 0 0 0 0 1 0
     34560      34740 1 1 1 1 1 0 0
     38160      38340 1 1 1 1 1 0 0
     39540      39720 0 0 0 0 0 1 0
     39540      39720 0 0 0 0 0 1 0
     39540      39720 0 0 0 0 0 1 0
     41760      41940 1 1 1 1 1 0 0
     45360      45540 1 1 1 1 1 0 0
     46740      46920 0 0 0 0 0 1 0
     46740      46920 0 0 0 0 0 1 0
     46740      46920 0 0 0 0 0 1 0
     48960      49140 1 1 1 1 1 0 0
     52560      52740 1 1 1 1 1 0 0
     53940      54120 0 0 0 0 0 1 0
     53940      54120 0 0 0 0 0 1 0
     53940      54120 0 0 0 0 0 1 0
     56160      56340 1 1 1 1 1 0 0
     57720      57900 1 1 1 1 1 0 0
     59760      59940 1 1 1 1 1 0 0
     61140      61320 0 0 0 0 0 1 0
     61140      61320 0 0 0 0 0 1 0
     61140      61320 0 0 0 0 0 1 0
     63360      63540 1 1 1 1 1 0 0
     66960      67140 1 1 1 1 1 0 0
     68340      68520 0 0 0 0 0 1 0
     68340      68520 0 0 0 0 0 1 0
     68340      68520 0 0 0 0 0 1 0
     70560      70740 1 1 1 1 1 0 0
     74160      74340 1 1 1 1 1 0 0
     76800      76980 0 0 0 0 0 1 0
     76800      76980 0 0 0 0 0 1 0
     76800      76980 0 0 0 0 0 1 0
     77760      77940 1 1 1 1 1 0 0
     80400      80580 0 0 0 0 0 1 0
     80400      80580 0 0 0 0 0 1 0
     80400      80580 0 0 0 0 0 1 0
     81360      81540 1 1 1 1 1 0 0
     84960      85140 1 1 1 1 1 0 0
     86340        120 0 0 0 0 0 1 0
     86340        120 0 0 0 0 0 0 0
     86340        120 0 0 0 0 0 1 0
60
