      3120       3300 0 0 0 0 0 1 0
      3120       3300 0 0 0 0 0 1 0
      3120       3300 0 0 0 0 0 1 0
      3480       3660 1 1 1 1 1 0 0
      6480       6600 1 1 1 1 1 0 0
      6480       6600 0 0 1 0 0 0 0
      6480       6600 0 0 0 0 1 0 0
      6480       6600 1 1 0 1 0 0 0
      6540       6720 1 1 1 1 0 0 0
      7260       7440 0 0 0 0 0 1 0
      7260       7440 0 0 0 0 0 1 0
      7260       7440 0 0 0 0 0 1 0
     16800      16920 1 1 1 1 1 0 0
     27180      27360 1 1 1 1 1 0 0
     28680      28860 1 1 1 1 1 0 0
     29940      30120 1 1 1 1 1 0 0
     35880      36060 1 1 1 1 1 0 0
     39480      39660 1 1 1 1 1 0 0
     43080      43260 1 1 1 1 1 0 0
     46680      46860 1 1 1 1 1 0 0
     50280      50460 1 1 1 1 1 0 0
     53880      54060 1 1 1 1 1 0 0
     55620      55800 1 1 1 1 1 0 0
     57480      57660 1 1 1 1 1 0 0
     61080      61260 1 1 1 1 1 0 0
     61860      62040 1 1 1 1 1 0 0
     61860      62040 1 1 1 1 1 0 0
     70440      70620 1 1 1 1 1 0 0
     72840      73020 1 1 1 1 1 0 0
     75180      75300 0 0 0 0 0 1 0
     75180      75300 0 0 0 0 0 1 0
     75180      75300 0 0 0 0 0 1 0
     75480      75660 1 1 1 1 1 0 0
     78780      78900 0 0 0 0 0 1 0
     78780      78900 0 0 0 0 0 1 0
     78780      78900 0 0 0 0 0 1 0
     79080      79260 1 1 1 1 1 0 0
     82320      82500 0 0 0 0 0 1 0
     82320      82500 0 0 0 0 0 1 0
     82320      82500 0 0 0 0 0 1 0
     82680      82860 1 1 1 1 1 0 0
     85920      86100 0 0 0 0 0 1 0
     85920      86100 0 0 0 0 0 1 0
     85920      86100 0 0 0 0 0 1 0
     86280         60 1 1 1 1 1 0 0
45
