      2340       2880 0 0 1 0 0 0 0
      2340       2880 1 1 0 1 0 0 0
      2340       2880 1 1 1 1 1 0 0
     24180      24720 0 0 0 0 0 1 0
     24180      24720 0 0 0 0 0 1 0
     24180      24720 0 0 0 0 0 1 0
     24840      25380 1 1 1 1 1 0 0
     28380      28920 0 0 0 0 0 1 0
     28380      28920 0 0 0 0 0 1 0
     28380      28920 0 0 0 0 0 1 0
     31260      31800 1 1 1 1 1 0 0
     31560      32100 0 0 0 0 0 1 0
     31560      32100 0 0 0 0 0 1 0
     31560      32100 0 0 0 0 0 1 0
     34980      35520 1 1 1 1 1 0 0
     35700      36240 0 0 0 0 0 1 0
     35700      36240 0 0 0 0 0 1 0
     35700      36240 0 0 0 0 0 1 0
     38520      39060 1 1 1 1 1 0 0
     38520      39060 0 1 0 0 0 0 0
     38880      39420 0 0 0 0 0 1 0
     38880      39420 0 0 0 0 0 1 0
     38880      39420 0 0 0 0 0 1 0
     41100      41640 1 1 1 1 1 0 0
     41940      42480 0 1 0 0 0 0 0
     41940      42480 1 1 1 1 1 0 0
     42900      43440 0 0 0 0 0 1 0
     42900      43440 0 0 0 0 0 1 0
     42900      43440 0 0 0 0 0 1 0
     45540      46080 1 1 1 1 1 0 0
     45540      46080 0 1 0 0 0 0 0
     45540      46080 0 0 0 1 0 0 0
     45660      46200 1 0 0 0 0 0 0
     45660      46200 1 0 0 0 0 0 0
     46080      46620 0 0 0 0 0 1 0
     46080      46620 0 0 0 0 0 1 0
     46080      46620 0 0 0 0 0 1 0
     49140      49680 1 1 1 1 1 0 0
     49140      49680 0 0 0 1 0 0 0
     49140      49680 0 1 0 0 0 0 0
     49200      49740 1 0 0 0 0 0 0
     49200      49680 1 0 0 0 0 0 0
     50100      50640 0 0 0 0 0 1 0
     50100      50640 0 0 0 0 0 1 0
     50100      50640 0 0 0 0 0 1 0
     52740      53280 0 1 0 0 0 0 0
     52740      53280 1 1 1 1 1 0 0
     53280      53820 0 0 0 0 0 1 0
     53280      53820 0 0 0 0 0 1 0
     53280      53820 0 0 0 0 0 1 0
     56340      56880 0 1 0 0 0 0 0
     56340      56880 1 1 1 1 1 0 0
     57300      57840 0 0 0 0 0 1 0
     57300      57840 0 0 0 0 0 1 0
     57300      57840 0 0 0 0 0 1 0
     59940      60480 0 1 0 0 0 0 0
     59940      60480 1 1 1 1 1 0 0
     60480      61020 0 0 0 0 0 1 0
     60480      61020 0 0 0 0 0 1 0
     60480      61020 0 0 0 0 0 1 0
     62280      62820 0 0 0 0 0 1 0
     62280      62820 0 0 0 0 0 1 0
     63600      64140 1 1 1 1 1 0 0
     64500      65040 0 0 0 0 0 1 0
     64500      65040 0 0 0 0 0 1 0
     64500      65040 0 0 0 0 0 1 0
     64920      65460 1 1 1 1 1 0 0
     64920      65460 1 1 1 1 1 0 0
     66300      66840 1 1 1 1 1 0 0
     67260      67800 1 1 1 1 1 0 0
     67260      67800 1 1 1 1 1 0 0
     67680      68220 0 0 0 0 0 1 0
     67680      68220 0 0 0 0 0 1 0
     67680      68220 0 0 0 0 0 1 0
     68520      69060 1 1 1 1 1 0 0
     69660      70200 1 1 1 1 1 0 0
     69660      70200 1 1 1 1 1 0 0
     71700      72240 0 0 0 0 0 1 0
     71700      72240 0 0 0 0 0 1 0
     71700      72240 0 0 0 0 0 1 0
     72060      72600 0 0 1 0 0 0 0
     72060      72600 1 1 1 1 1 0 0
     72060      72600 1 1 1 1 1 0 0
     74460      75000 0 0 1 0 0 0 0
     74460      75000 1 1 1 1 1 0 0
     77940      78480 0 0 1 0 0 0 0
     77940      78480 1 1 1 1 1 0 0
     81540      82080 1 1 1 1 1 0 0
     85140      85680 1 1 0 1 0 0 0
     85140      85680 1 1 1 1 1 0 0
90
