     13140      13260 1 1 1 1 1 0 0
     13200      13380 0 0 0 0 1 0 0
     13560      13740 0 0 0 0 0 1 0
     13560      13740 0 0 0 0 0 1 0
     13560      13740 0 0 0 0 0 1 0
     18360      18540 1 0 0 0 0 0 0
     18360      18540 1 1 1 1 1 0 0
     18900      19080 0 0 0 0 0 1 0
     18900      19080 0 0 0 0 0 1 0
     18900      19080 0 0 0 0 0 1 0
     22080      22200 1 1 1 1 1 0 0
     23280      23400 1 1 1 1 1 0 0
     24480      24600 1 1 1 1 1 0 0
     24660      24840 0 0 0 0 0 1 0
     24660      24840 0 0 0 0 0 1 0
     24660      24840 0 0 0 0 0 1 0
     26940      27060 1 1 1 1 1 0 0
     27540      27720 1 1 1 1 1 0 0
     29280      29400 1 1 1 1 1 0 0
     30480      30660 1 1 1 1 1 0 0
     31860      32040 0 0 0 0 0 1 0
     31860      32040 0 0 0 0 0 1 0
     31860      32040 0 0 0 0 0 1 0
     34080      34260 1 1 1 1 1 0 0
     37680      37860 1 1 1 1 1 0 0
     39060      39240 0 0 0 0 0 1 0
     39060      39240 0 0 0 0 0 1 0
     39060      39240 0 0 0 0 0 1 0
     41280      41460 1 1 1 1 1 0 0
     44880      45060 1 1 1 1 1 0 0
     46260      46440 0 0 0 0 0 1 0
     46260      46440 0 0 0 0 0 1 0
     46260      46440 0 0 0 0 0 1 0
     48480      48660 1 1 1 1 1 0 0
     52080      52260 1 1 1 1 1 0 0
     53460      53640 0 0 0 0 0 1 0
     53460      53640 0 0 0 0 0 1 0
     53460      53640 0 0 0 0 0 1 0
     55680      55860 1 1 1 1 1 0 0
     59280      59460 1 1 1 1 1 0 0
     60660      60840 0 0 0 0 0 1 0
     60660      60840 0 0 0 0 0 1 0
     60660      60840 0 0 0 0 0 1 0
     62880      63060 1 1 1 1 1 0 0
     66480      66660 1 1 1 1 1 0 0
     67860      68040 0 0 0 0 0 1 0
     67860      68040 0 0 0 0 0 1 0
     67860      68040 0 0 0 0 0 1 0
     70080      70260 1 1 1 1 1 0 0
     73680      73860 1 1 1 1 1 0 0
     76320      76440 0 0 0 0 0 1 0
     76320      76440 0 0 0 0 0 1 0
     76320      76440 0 0 0 0 0 1 0
     77280      77460 1 1 1 1 1 0 0
     79920      80040 0 0 0 0 0 1 0
     79920      80040 0 0 0 0 0 1 0
     79920      80040 0 0 0 0 0 1 0
     80880      81060 1 1 1 1 1 0 0
     84480      84660 1 1 1 1 1 0 0
     85860      85980 0 0 0 0 0 1 0
     85860      85980 0 0 0 0 0 0 0
     85860      85980 0 0 0 0 0 1 0
62
