     12900      13140 1 1 1 1 1 0 0
     13020      13200 0 0 0 0 1 0 0
     13380      13560 0 0 0 0 0 1 0
     13380      13560 0 0 0 0 0 1 0
     13380      13560 0 0 0 0 0 1 0
     18180      18360 1 1 1 1 1 0 0
     18180      18360 1 0 0 0 0 0 0
     18720      18900 0 0 0 0 0 1 0
     18720      18900 0 0 0 0 0 1 0
     18720      18900 0 0 0 0 0 1 0
     20820      21000 0 0 0 0 0 1 0
     20820      21000 0 0 0 0 0 1 0
     27360      27540 1 1 1 1 1 0 0
     30300      30480 1 1 1 1 1 0 0
     33900      34080 1 1 1 1 1 0 0
     37500      37680 1 1 1 1 1 0 0
     41100      41280 1 1 1 1 1 0 0
     44700      44880 1 1 1 1 1 0 0
     48300      48480 1 1 1 1 1 0 0
     51900      52080 1 1 1 1 1 0 0
     55500      55680 1 1 1 1 1 0 0
     59100      59280 1 1 1 1 1 0 0
     62700      62880 1 1 1 1 1 0 0
     66300      66480 1 1 1 1 1 0 0
     69900      70080 1 1 1 1 1 0 0
     72900      73080 0 0 0 0 0 1 0
     72900      73080 0 0 0 0 0 1 0
     72900      73080 0 0 0 0 0 1 0
     73500      73680 1 1 1 1 1 0 0
     76080      76320 0 0 0 0 0 1 0
     76080      76320 0 0 0 0 0 1 0
     76140      76320 0 0 0 0 0 1 0
     77100      77280 1 1 1 1 1 0 0
     79680      79920 0 0 0 0 0 1 0
     79680      79920 0 0 0 0 0 1 0
     79680      79920 0 0 0 0 0 1 0
     80700      80880 1 1 1 1 1 0 0
     84300      84480 1 1 1 1 1 0 0
     85620      85860 0 0 0 0 0 0 0
     85620      85860 0 0 0 0 0 1 0
     85620      85860 0 0 0 0 0 1 0
41
