        60        180 1 1 1 1 1 0 0
      3300       3420 0 0 0 0 0 1 0
      3300       3420 0 0 0 0 0 1 0
      3300       3420 0 0 0 0 0 1 0
      3660       3780 1 1 1 1 1 0 0
      6600       6780 1 1 1 1 1 0 0
      6600       6780 1 1 0 1 0 0 0
      6600       6780 0 0 0 0 1 0 0
      6600       6780 0 0 1 0 0 0 0
      6720       6840 1 1 1 1 0 0 0
      7440       7560 0 0 0 0 0 1 0
      7440       7560 0 0 0 0 0 1 0
      7440       7560 0 0 0 0 0 1 0
     16920      17100 1 1 1 1 1 0 0
     19860      20040 1 1 1 1 1 0 0
     20220      20400 0 0 0 0 0 1 0
     23460      23640 1 1 1 1 1 0 0
     25140      25320 0 0 0 0 0 1 0
     25260      25440 1 1 1 1 1 0 0
     27360      27480 1 1 1 1 1 0 0
     28860      28980 1 1 1 1 1 0 0
     29040      29220 0 0 0 0 0 1 0
     30120      30240 1 1 1 1 1 0 0
     32100      32280 0 0 0 0 0 1 0
     32640      32820 1 1 1 1 1 0 0
     36060      36180 1 1 1 1 1 0 0
     36240      36420 0 0 0 0 0 1 0
     39300      39480 0 0 0 0 0 1 0
     39660      39780 1 1 1 1 1 0 0
     43260      43380 1 1 1 1 1 0 0
     43440      43620 0 0 0 0 0 1 0
     46500      46680 0 0 0 0 0 1 0
     46860      46980 1 1 1 1 1 0 0
     50460      50580 1 1 1 1 1 0 0
     50640      50820 0 0 0 0 0 1 0
     53700      53880 0 0 0 0 0 1 0
     54060      54180 1 1 1 1 1 0 0
     55800      55920 1 1 1 1 1 0 0
     57660      57780 1 1 1 1 1 0 0
     57840      58020 0 0 0 0 0 1 0
     60900      61080 0 0 0 0 0 1 0
     61260      61380 1 1 1 1 1 0 0
     62040      62160 1 1 1 1 1 0 0
     62040      62160 1 1 1 1 1 0 0
     65040      65220 0 0 0 0 0 1 0
     65280      65460 1 1 1 1 1 0 0
     67560      67740 1 1 1 1 1 0 0
     68100      68280 0 0 0 0 0 1 0
     68940      69120 1 1 1 1 1 0 0
     70620      70740 1 1 1 1 1 0 0
     72120      72300 0 0 0 0 0 1 0
     73020      73140 1 1 1 1 1 0 0
     75300      75480 0 0 0 0 0 1 0
     75300      75480 0 0 0 0 0 1 0
     75300      75480 0 0 0 0 0 1 0
     75660      75780 1 1 1 1 1 0 0
     78900      79080 0 0 0 0 0 1 0
     78900      79080 0 0 0 0 0 1 0
     78900      79080 0 0 0 0 0 1 0
     79260      79380 1 1 1 1 1 0 0
     82500      82620 0 0 0 0 0 1 0
     82500      82620 0 0 0 0 0 1 0
     82500      82620 0 0 0 0 0 1 0
     82860      82980 1 1 1 1 1 0 0
     86100      86220 0 0 0 0 0 1 0
     86100      86220 0 0 0 0 0 1 0
     86100      86220 0 0 0 0 0 1 0
67
