     19080      19320 1 1 1 1 1 0 0
     19380      19560 0 0 0 0 0 1 0
     22740      22980 1 1 1 1 1 0 0
     24000      24180 1 1 1 1 1 0 0
     24300      24480 0 0 0 0 0 1 0
     27720      27900 0 0 0 0 0 1 0
     31200      31380 0 0 0 0 0 1 0
     34920      35100 0 0 0 0 0 1 0
     38520      38700 0 0 0 0 0 1 0
     42120      42300 0 0 0 0 0 1 0
     45720      45900 0 0 0 0 0 1 0
     49320      49500 0 0 0 0 0 1 0
     52920      53100 0 0 0 0 0 1 0
     56520      56700 0 0 0 0 0 1 0
     60120      60300 0 0 0 0 0 1 0
     63720      63900 0 0 0 0 0 1 0
     67320      67500 0 0 0 0 0 1 0
     70920      71100 0 0 0 0 0 1 0
18
