       180        300 1 1 1 1 1 0 0
      3420       3540 0 0 0 0 0 1 0
      3420       3540 0 0 0 0 0 1 0
      3420       3540 0 0 0 0 0 1 0
      3780       3900 1 1 1 1 1 0 0
      6780       6900 1 1 1 1 1 0 0
      6780       6900 0 0 1 0 0 0 0
      6780       6900 0 0 0 0 1 0 0
      6780       6900 1 1 0 1 0 0 0
      6840       6960 1 1 1 1 0 0 0
      7560       7680 0 0 0 0 0 1 0
      7560       7680 0 0 0 0 0 1 0
      7560       7680 0 0 0 0 0 1 0
     17100      17220 1 1 1 1 1 0 0
     20040      20160 1 1 1 1 1 0 0
     20400      20520 0 0 0 0 0 1 0
     23640      23760 1 1 1 1 1 0 0
     25320      25440 0 0 0 0 0 1 0
     25440      25560 1 1 1 1 1 0 0
     27480      27600 1 1 1 1 1 0 0
     28980      29100 1 1 1 1 1 0 0
     29220      29340 0 0 0 0 0 1 0
     30240      30360 1 1 1 1 1 0 0
     32280      32400 0 0 0 0 0 1 0
     32820      32940 1 1 1 1 1 0 0
     36180      36300 1 1 1 1 1 0 0
     36420      36540 0 0 0 0 0 1 0
     39480      39600 0 0 0 0 0 1 0
     39780      39900 1 1 1 1 1 0 0
     43380      43500 1 1 1 1 1 0 0
     43620      43740 0 0 0 0 0 1 0
     46680      46800 0 0 0 0 0 1 0
     46980      47100 1 1 1 1 1 0 0
     50580      50700 1 1 1 1 1 0 0
     50820      50940 0 0 0 0 0 1 0
     53880      54000 0 0 0 0 0 1 0
     54180      54300 1 1 1 1 1 0 0
     55920      56040 1 1 1 1 1 0 0
     57780      57900 1 1 1 1 1 0 0
     58020      58140 0 0 0 0 0 1 0
     61080      61200 0 0 0 0 0 1 0
     61380      61500 1 1 1 1 1 0 0
     62160      62280 1 1 1 1 1 0 0
     62160      62280 1 1 1 1 1 0 0
     65220      65340 0 0 0 0 0 1 0
     65460      65580 1 1 1 1 1 0 0
     67740      67860 1 1 1 1 1 0 0
     68280      68400 0 0 0 0 0 1 0
     69120      69240 1 1 1 1 1 0 0
     70740      70860 1 1 1 1 1 0 0
     72300      72420 0 0 0 0 0 1 0
     73140      73260 1 1 1 1 1 0 0
     75480      75600 0 0 0 0 0 1 0
     75480      75600 0 0 0 0 0 1 0
     75480      75600 0 0 0 0 0 1 0
     75780      75900 1 1 1 1 1 0 0
     79080      79200 0 0 0 0 0 1 0
     79080      79200 0 0 0 0 0 1 0
     79080      79200 0 0 0 0 0 1 0
     79380      79500 1 1 1 1 1 0 0
     82620      82740 0 0 0 0 0 1 0
     82620      82740 0 0 0 0 0 1 0
     82620      82740 0 0 0 0 0 1 0
     82980      83100 1 1 1 1 1 0 0
     86220      86340 0 0 0 0 0 1 0
     86220      86340 0 0 0 0 0 1 0
     86220      86340 0 0 0 0 0 1 0
67
