     12780      12900 1 1 1 1 1 0 0
     12900      13020 0 0 0 0 1 0 0
     13200      13380 0 0 0 0 0 1 0
     13200      13380 0 0 0 0 0 1 0
     13200      13380 0 0 0 0 0 1 0
     16020      16140 1 1 1 1 1 0 0
     18060      18180 1 0 0 0 0 0 0
     18060      18180 1 1 1 1 1 0 0
     18540      18720 0 0 0 0 0 1 0
     18540      18720 0 0 0 0 0 1 0
     18540      18720 0 0 0 0 0 1 0
     18960      19080 1 1 1 1 1 0 0
     19260      19380 0 0 0 0 0 1 0
     20640      20820 0 0 0 0 0 1 0
     20640      20820 0 0 0 0 0 1 0
     21540      21660 1 1 1 1 1 0 0
     22620      22740 1 1 1 1 1 0 0
     23880      24000 1 1 1 1 1 0 0
     24180      24300 0 0 0 0 0 1 0
     24960      25080 1 1 1 1 1 0 0
     27240      27360 1 1 1 1 1 0 0
     27600      27720 0 0 0 0 0 1 0
     30180      30300 1 1 1 1 1 0 0
     31080      31200 0 0 0 0 0 1 0
     33780      33900 1 1 1 1 1 0 0
     34800      34920 0 0 0 0 0 1 0
     37380      37500 1 1 1 1 1 0 0
     38400      38520 0 0 0 0 0 1 0
     40980      41100 1 1 1 1 1 0 0
     42000      42120 0 0 0 0 0 1 0
     44580      44700 1 1 1 1 1 0 0
     45600      45720 0 0 0 0 0 1 0
     48180      48300 1 1 1 1 1 0 0
     49200      49320 0 0 0 0 0 1 0
     51780      51900 1 1 1 1 1 0 0
     52800      52920 0 0 0 0 0 1 0
     55380      55500 1 1 1 1 1 0 0
     56220      56340 1 1 1 1 1 0 0
     56400      56520 0 0 0 0 0 1 0
     58980      59100 1 1 1 1 1 0 0
     60000      60120 0 0 0 0 0 1 0
     62580      62700 1 1 1 1 1 0 0
     63600      63720 0 0 0 0 0 1 0
     66180      66300 1 1 1 1 1 0 0
     67200      67320 0 0 0 0 0 1 0
     69780      69900 1 1 1 1 1 0 0
     70800      70920 0 0 0 0 0 1 0
     72720      72900 0 0 0 0 0 1 0
     72720      72900 0 0 0 0 0 1 0
     72720      72900 0 0 0 0 0 1 0
     73380      73500 1 1 1 1 1 0 0
     75960      76080 0 0 0 0 0 1 0
     75960      76080 0 0 0 0 0 1 0
     76020      76140 0 0 0 0 0 1 0
     76980      77100 1 1 1 1 1 0 0
     79560      79680 0 0 0 0 0 1 0
     79560      79680 0 0 0 0 0 1 0
     79560      79680 0 0 0 0 0 1 0
     80580      80700 1 1 1 1 1 0 0
     84180      84300 1 1 1 1 1 0 0
     85500      85620 0 0 0 0 0 1 0
     85500      85620 0 0 0 0 0 0 0
     85500      85620 0 0 0 0 0 1 0
63
