       300        480 1 1 1 1 1 0 0
      3540       3720 0 0 0 0 0 1 0
      3540       3720 0 0 0 0 0 1 0
      3540       3720 0 0 0 0 0 1 0
      3900       4080 1 1 1 1 1 0 0
      6900       7020 0 0 0 0 1 0 0
      6900       7020 1 1 1 1 1 0 0
      6900       7020 1 1 0 1 0 0 0
      6900       7020 0 0 1 0 0 0 0
      6960       7080 1 1 1 1 0 0 0
      7680       7860 0 0 0 0 0 1 0
      7680       7860 0 0 0 0 0 1 0
      7680       7860 0 0 0 0 0 1 0
     17220      17340 1 1 1 1 1 0 0
     20160      20280 1 1 1 1 1 0 0
     20520      20640 0 0 0 0 0 1 0
     23760      23880 1 1 1 1 1 0 0
     25440      25560 0 0 0 0 0 1 0
     25560      25680 1 1 1 1 1 0 0
     27600      27780 1 1 1 1 1 0 0
     29100      29280 1 1 1 1 1 0 0
     29340      29460 0 0 0 0 0 1 0
     30360      30540 1 1 1 1 1 0 0
     32400      32520 0 0 0 0 0 1 0
     32940      33060 1 1 1 1 1 0 0
     36300      36480 1 1 1 1 1 0 0
     36540      36660 0 0 0 0 0 1 0
     39600      39720 0 0 0 0 0 1 0
     39900      40080 1 1 1 1 1 0 0
     43500      43680 1 1 1 1 1 0 0
     43740      43860 0 0 0 0 0 1 0
     46800      46920 0 0 0 0 0 1 0
     47100      47280 1 1 1 1 1 0 0
     50700      50880 1 1 1 1 1 0 0
     50940      51060 0 0 0 0 0 1 0
     54000      54120 0 0 0 0 0 1 0
     54300      54480 1 1 1 1 1 0 0
     56040      56220 1 1 1 1 1 0 0
     57900      58080 1 1 1 1 1 0 0
     58140      58260 0 0 0 0 0 1 0
     61200      61320 0 0 0 0 0 1 0
     61500      61680 1 1 1 1 1 0 0
     62280      62460 1 1 1 1 1 0 0
     62280      62460 1 1 1 1 1 0 0
     65340      65460 0 0 0 0 0 1 0
     65580      65700 1 1 1 1 1 0 0
     67860      67980 1 1 1 1 1 0 0
     68400      68520 0 0 0 0 0 1 0
     69240      69360 1 1 1 1 1 0 0
     70860      71040 1 1 1 1 1 0 0
     72420      72540 0 0 0 0 0 1 0
     73260      73440 1 1 1 1 1 0 0
     75600      75720 0 0 0 0 0 1 0
     75600      75720 0 0 0 0 0 1 0
     75600      75720 0 0 0 0 0 1 0
     75900      76080 1 1 1 1 1 0 0
     79200      79320 0 0 0 0 0 1 0
     79200      79320 0 0 0 0 0 1 0
     79200      79320 0 0 0 0 0 1 0
     79500      79680 1 1 1 1 1 0 0
     82740      82920 0 0 0 0 0 1 0
     82740      82920 0 0 0 0 0 1 0
     82740      82920 0 0 0 0 0 1 0
     83100      83280 1 1 1 1 1 0 0
     86340        120 0 0 0 0 0 1 0
     86340        120 0 0 0 0 0 1 0
     86340        120 0 0 0 0 0 1 0
67
