       120        180 0 0 0 0 0 1 0
       120        180 0 0 0 0 0 1 0
       120        180 0 0 0 0 0 1 0
       480        540 1 1 1 1 1 0 0
      3720       3780 0 0 0 0 0 1 0
      3720       3780 0 0 0 0 0 1 0
      3720       3780 0 0 0 0 0 1 0
      4080       4140 1 1 1 1 1 0 0
      7020       7140 1 1 0 1 0 0 0
      7020       7140 0 0 0 0 1 0 0
      7020       7140 1 1 1 1 1 0 0
      7020       7140 0 0 1 0 0 0 0
      7080       7200 1 1 1 1 0 0 0
      7860       7920 0 0 0 0 0 1 0
      7860       7920 0 0 0 0 0 1 0
      7860       7920 0 0 0 0 0 1 0
     17340      17460 1 1 1 1 1 0 0
     20280      20400 1 1 1 1 1 0 0
     20640      20760 0 0 0 0 0 1 0
     23880      24000 1 1 1 1 1 0 0
     25560      25680 0 0 0 0 0 1 0
     25680      25800 1 1 1 1 1 0 0
     27780      27840 1 1 1 1 1 0 0
     29280      29340 1 1 1 1 1 0 0
     29460      29580 0 0 0 0 0 1 0
     30540      30600 1 1 1 1 1 0 0
     32520      32640 0 0 0 0 0 1 0
     33060      33180 1 1 1 1 1 0 0
     36480      36540 1 1 1 1 1 0 0
     36660      36780 0 0 0 0 0 1 0
     39720      39840 0 0 0 0 0 1 0
     40080      40140 1 1 1 1 1 0 0
     43680      43740 1 1 1 1 1 0 0
     43860      43980 0 0 0 0 0 1 0
     46920      47040 0 0 0 0 0 1 0
     47280      47340 1 1 1 1 1 0 0
     50880      50940 1 1 1 1 1 0 0
     51060      51180 0 0 0 0 0 1 0
     54120      54240 0 0 0 0 0 1 0
     54480      54540 1 1 1 1 1 0 0
     56220      56280 1 1 1 1 1 0 0
     58080      58140 1 1 1 1 1 0 0
     58260      58380 0 0 0 0 0 1 0
     61320      61440 0 0 0 0 0 1 0
     61680      61740 1 1 1 1 1 0 0
     62460      62520 1 1 1 1 1 0 0
     62460      62520 1 1 1 1 1 0 0
     65460      65580 0 0 0 0 0 1 0
     65700      65820 1 1 1 1 1 0 0
     67980      68100 1 1 1 1 1 0 0
     68520      68640 0 0 0 0 0 1 0
     69360      69480 1 1 1 1 1 0 0
     71040      71100 1 1 1 1 1 0 0
     72540      72660 0 0 0 0 0 1 0
     73440      73500 1 1 1 1 1 0 0
     75720      75840 0 0 0 0 0 1 0
     75720      75840 0 0 0 0 0 1 0
     75720      75840 0 0 0 0 0 1 0
     76080      76140 1 1 1 1 1 0 0
     79320      79440 0 0 0 0 0 1 0
     79320      79440 0 0 0 0 0 1 0
     79320      79440 0 0 0 0 0 1 0
     79680      79740 1 1 1 1 1 0 0
     82920      82980 0 0 0 0 0 1 0
     82920      82980 0 0 0 0 0 1 0
     82920      82980 0 0 0 0 0 1 0
     83280      83340 1 1 1 1 1 0 0
67
