       180        300 0 0 0 0 0 1 0
       180        300 0 0 0 0 0 1 0
       180        300 0 0 0 0 0 1 0
       540        660 1 1 1 1 1 0 0
      3780       3900 0 0 0 0 0 1 0
      3780       3900 0 0 0 0 0 1 0
      3780       3900 0 0 0 0 0 1 0
      4140       4260 1 1 1 1 1 0 0
      7140       7260 0 0 1 0 0 0 0
      7140       7260 1 1 1 1 1 0 0
      7140       7260 0 0 0 0 1 0 0
      7140       7260 1 1 0 1 0 0 0
      7200       7320 1 1 1 1 0 0 0
      7920       8040 0 0 0 0 0 1 0
      7920       8040 0 0 0 0 0 1 0
      7920       8040 0 0 0 0 0 1 0
     17460      17580 1 1 1 1 1 0 0
     20400      20520 1 1 1 1 1 0 0
     20760      20880 0 0 0 0 0 1 0
     24000      24120 1 1 1 1 1 0 0
     25680      25800 0 0 0 0 0 1 0
     25800      25920 1 1 1 1 1 0 0
     27840      27960 1 1 1 1 1 0 0
     29340      29460 1 1 1 1 1 0 0
     29580      29700 0 0 0 0 0 1 0
     30600      30720 1 1 1 1 1 0 0
     32640      32760 0 0 0 0 0 1 0
     33180      33300 1 1 1 1 1 0 0
     36540      36660 1 1 1 1 1 0 0
     36780      36900 0 0 0 0 0 1 0
     39840      39960 0 0 0 0 0 1 0
     40140      40260 1 1 1 1 1 0 0
     43740      43860 1 1 1 1 1 0 0
     43980      44100 0 0 0 0 0 1 0
     47040      47160 0 0 0 0 0 1 0
     47340      47460 1 1 1 1 1 0 0
     50940      51060 1 1 1 1 1 0 0
     51180      51300 0 0 0 0 0 1 0
     54240      54360 0 0 0 0 0 1 0
     54540      54660 1 1 1 1 1 0 0
     56280      56400 1 1 1 1 1 0 0
     58140      58260 1 1 1 1 1 0 0
     58380      58500 0 0 0 0 0 1 0
     61440      61560 0 0 0 0 0 1 0
     61740      61860 1 1 1 1 1 0 0
     62520      62640 1 1 1 1 1 0 0
     62520      62640 1 1 1 1 1 0 0
     65580      65700 0 0 0 0 0 1 0
     65820      65940 1 1 1 1 1 0 0
     68100      68220 1 1 1 1 1 0 0
     68640      68760 0 0 0 0 0 1 0
     69480      69600 1 1 1 1 1 0 0
     71100      71220 1 1 1 1 1 0 0
     72660      72780 0 0 0 0 0 1 0
     73500      73620 1 1 1 1 1 0 0
     75840      75960 0 0 0 0 0 1 0
     75840      75960 0 0 0 0 0 1 0
     75840      75960 0 0 0 0 0 1 0
     76140      76260 1 1 1 1 1 0 0
     79440      79560 0 0 0 0 0 1 0
     79440      79560 0 0 0 0 0 1 0
     79440      79560 0 0 0 0 0 1 0
     79740      79860 1 1 1 1 1 0 0
     82980      83100 0 0 0 0 0 1 0
     82980      83100 0 0 0 0 0 1 0
     82980      83100 0 0 0 0 0 1 0
     83340      83460 1 1 1 1 1 0 0
67
