     12600      12780 1 1 1 1 1 0 0
     12780      12900 0 0 0 0 1 0 0
     13080      13200 0 0 0 0 0 1 0
     13080      13200 0 0 0 0 0 1 0
     13080      13200 0 0 0 0 0 1 0
     15840      16020 1 1 1 1 1 0 0
     17880      18060 1 0 0 0 0 0 0
     17880      18060 1 1 1 1 1 0 0
     18420      18540 0 0 0 0 0 1 0
     18420      18540 0 0 0 0 0 1 0
     18420      18540 0 0 0 0 0 1 0
     18780      18960 1 1 1 1 1 0 0
     19080      19260 0 0 0 0 0 1 0
     20520      20640 0 0 0 0 0 1 0
     20520      20640 0 0 0 0 0 1 0
     21360      21540 1 1 1 1 1 0 0
     22440      22620 1 1 1 1 1 0 0
     23700      23880 1 1 1 1 1 0 0
     24000      24180 0 0 0 0 0 1 0
     24780      24960 1 1 1 1 1 0 0
     27060      27240 1 1 1 1 1 0 0
     27420      27600 0 0 0 0 0 1 0
     30000      30180 1 1 1 1 1 0 0
     30900      31080 0 0 0 0 0 1 0
     33600      33780 1 1 1 1 1 0 0
     34620      34800 0 0 0 0 0 1 0
     37200      37380 1 1 1 1 1 0 0
     38220      38400 0 0 0 0 0 1 0
     40800      40980 1 1 1 1 1 0 0
     41820      42000 0 0 0 0 0 1 0
     44400      44580 1 1 1 1 1 0 0
     45420      45600 0 0 0 0 0 1 0
     48000      48180 1 1 1 1 1 0 0
     49020      49200 0 0 0 0 0 1 0
     51600      51780 1 1 1 1 1 0 0
     52620      52800 0 0 0 0 0 1 0
     55200      55380 1 1 1 1 1 0 0
     56040      56220 1 1 1 1 1 0 0
     56220      56400 0 0 0 0 0 1 0
     58800      58980 1 1 1 1 1 0 0
     59820      60000 0 0 0 0 0 1 0
     62400      62580 1 1 1 1 1 0 0
     63420      63600 0 0 0 0 0 1 0
     66000      66180 1 1 1 1 1 0 0
     67020      67200 0 0 0 0 0 1 0
     69600      69780 1 1 1 1 1 0 0
     70620      70800 0 0 0 0 0 1 0
     72600      72720 0 0 0 0 0 1 0
     72600      72720 0 0 0 0 0 1 0
     72600      72720 0 0 0 0 0 1 0
     73200      73380 1 1 1 1 1 0 0
     75780      75960 0 0 0 0 0 1 0
     75780      75960 0 0 0 0 0 1 0
     75840      76020 0 0 0 0 0 1 0
     76800      76980 1 1 1 1 1 0 0
     79380      79560 0 0 0 0 0 1 0
     79380      79560 0 0 0 0 0 1 0
     79440      79560 0 0 0 0 0 1 0
     80400      80580 1 1 1 1 1 0 0
     84000      84180 1 1 1 1 1 0 0
     85320      85500 0 0 0 0 0 1 0
     85320      85500 0 0 0 0 0 0 0
     85320      85500 0 0 0 0 0 1 0
63
