     12480      12600 1 1 1 1 1 0 0
     12660      12780 0 0 0 0 1 0 0
     12960      13080 0 0 0 0 0 1 0
     12960      13080 0 0 0 0 0 1 0
     12960      13080 0 0 0 0 0 1 0
     15720      15840 1 1 1 1 1 0 0
     17760      17880 1 0 0 0 0 0 0
     17760      17880 1 1 1 1 1 0 0
     18300      18420 0 0 0 0 0 1 0
     18300      18420 0 0 0 0 0 1 0
     18300      18420 0 0 0 0 0 1 0
     18660      18780 1 1 1 1 1 0 0
     18960      19080 0 0 0 0 0 1 0
     20400      20520 0 0 0 0 0 1 0
     20400      20520 0 0 0 0 0 1 0
     21240      21360 1 1 1 1 1 0 0
     22320      22440 1 1 1 1 1 0 0
     23580      23700 1 1 1 1 1 0 0
     23880      24000 0 0 0 0 0 1 0
     24660      24780 1 1 1 1 1 0 0
     26940      27060 1 1 1 1 1 0 0
     27300      27420 0 0 0 0 0 1 0
     29880      30000 1 1 1 1 1 0 0
     30780      30900 0 0 0 0 0 1 0
     33480      33600 1 1 1 1 1 0 0
     34500      34620 0 0 0 0 0 1 0
     37080      37200 1 1 1 1 1 0 0
     38100      38220 0 0 0 0 0 1 0
     40680      40800 1 1 1 1 1 0 0
     41700      41820 0 0 0 0 0 1 0
     44280      44400 1 1 1 1 1 0 0
     45300      45420 0 0 0 0 0 1 0
     47880      48000 1 1 1 1 1 0 0
     48900      49020 0 0 0 0 0 1 0
     51480      51600 1 1 1 1 1 0 0
     52500      52620 0 0 0 0 0 1 0
     55080      55200 1 1 1 1 1 0 0
     55920      56040 1 1 1 1 1 0 0
     56100      56220 0 0 0 0 0 1 0
     58680      58800 1 1 1 1 1 0 0
     59700      59820 0 0 0 0 0 1 0
     62280      62400 1 1 1 1 1 0 0
     63300      63420 0 0 0 0 0 1 0
     65880      66000 1 1 1 1 1 0 0
     66900      67020 0 0 0 0 0 1 0
     69480      69600 1 1 1 1 1 0 0
     70500      70620 0 0 0 0 0 1 0
     72480      72600 0 0 0 0 0 1 0
     72480      72600 0 0 0 0 0 1 0
     72480      72600 0 0 0 0 0 1 0
     73080      73200 1 1 1 1 1 0 0
     75660      75780 0 0 0 0 0 1 0
     75660      75780 0 0 0 0 0 1 0
     75720      75840 0 0 0 0 0 1 0
     76680      76800 1 1 1 1 1 0 0
     79260      79380 0 0 0 0 0 1 0
     79260      79380 0 0 0 0 0 1 0
     79260      79440 0 0 0 0 0 1 0
     80280      80400 1 1 1 1 1 0 0
     83880      84000 1 1 1 1 1 0 0
     85200      85320 0 0 0 0 0 1 0
     85200      85320 0 0 0 0 0 1 0
     85200      85320 0 0 0 0 0 0 0
63
