     12360      12480 1 1 1 1 1 0 0
     12540      12660 0 0 0 0 1 0 0
     12840      12960 0 0 0 0 0 1 0
     12840      12960 0 0 0 0 0 1 0
     12840      12960 0 0 0 0 0 1 0
     15600      15720 1 1 1 1 1 0 0
     17640      17760 1 1 1 1 1 0 0
     17640      17760 1 0 0 0 0 0 0
     18180      18300 0 0 0 0 0 1 0
     18180      18300 0 0 0 0 0 1 0
     18180      18300 0 0 0 0 0 1 0
     18540      18660 1 1 1 1 1 0 0
     18840      18960 0 0 0 0 0 1 0
     20280      20400 0 0 0 0 0 1 0
     20280      20400 0 0 0 0 0 1 0
     21120      21240 1 1 1 1 1 0 0
     22200      22320 1 1 1 1 1 0 0
     23460      23580 1 1 1 1 1 0 0
     23760      23880 0 0 0 0 0 1 0
     24540      24660 1 1 1 1 1 0 0
     26820      26940 1 1 1 1 1 0 0
     27180      27300 0 0 0 0 0 1 0
     29760      29880 1 1 1 1 1 0 0
     30660      30780 0 0 0 0 0 1 0
     33360      33480 1 1 1 1 1 0 0
     34380      34500 0 0 0 0 0 1 0
     36960      37080 1 1 1 1 1 0 0
     37980      38100 0 0 0 0 0 1 0
     40560      40680 1 1 1 1 1 0 0
     41580      41700 0 0 0 0 0 1 0
     44160      44280 1 1 1 1 1 0 0
     45180      45300 0 0 0 0 0 1 0
     47760      47880 1 1 1 1 1 0 0
     48780      48900 0 0 0 0 0 1 0
     51360      51480 1 1 1 1 1 0 0
     52380      52500 0 0 0 0 0 1 0
     54960      55080 1 1 1 1 1 0 0
     55800      55920 1 1 1 1 1 0 0
     55980      56100 0 0 0 0 0 1 0
     58560      58680 1 1 1 1 1 0 0
     59580      59700 0 0 0 0 0 1 0
     62160      62280 1 1 1 1 1 0 0
     63180      63300 0 0 0 0 0 1 0
     65760      65880 1 1 1 1 1 0 0
     66780      66900 0 0 0 0 0 1 0
     69360      69480 1 1 1 1 1 0 0
     70380      70500 0 0 0 0 0 1 0
     72360      72480 0 0 0 0 0 1 0
     72360      72480 0 0 0 0 0 1 0
     72360      72480 0 0 0 0 0 1 0
     72960      73080 1 1 1 1 1 0 0
     75540      75660 0 0 0 0 0 1 0
     75540      75660 0 0 0 0 0 1 0
     75600      75720 0 0 0 0 0 1 0
     76560      76680 1 1 1 1 1 0 0
     79140      79260 0 0 0 0 0 1 0
     79140      79260 0 0 0 0 0 1 0
     79200      79260 0 0 0 0 0 1 0
     80160      80280 1 1 1 1 1 0 0
     83760      83880 1 1 1 1 1 0 0
     85080      85200 0 0 0 0 0 0 0
     85080      85200 0 0 0 0 0 1 0
     85080      85200 0 0 0 0 0 1 0
63
