       300        480 0 0 0 0 0 1 0
       300        480 0 0 0 0 0 1 0
       300        480 0 0 0 0 0 1 0
       660        840 1 1 1 1 1 0 0
      3900       4080 0 0 0 0 0 1 0
      3900       4080 0 0 0 0 0 1 0
      3900       4080 0 0 0 0 0 1 0
      4260       4440 1 1 1 1 1 0 0
      7260       7440 1 1 1 1 1 0 0
      7260       7440 1 1 0 1 0 0 0
      7260       7440 0 0 1 0 0 0 0
      7260       7440 0 0 0 0 1 0 0
      7320       7500 1 1 1 1 0 0 0
      8040       8220 0 0 0 0 0 1 0
      8040       8220 0 0 0 0 0 1 0
      8040       8220 0 0 0 0 0 1 0
     17580      17760 1 1 1 1 1 0 0
     20520      20640 1 1 1 1 1 0 0
     20880      21060 0 0 0 0 0 1 0
     24120      24240 1 1 1 1 1 0 0
     25800      25980 0 0 0 0 0 1 0
     25920      26040 1 1 1 1 1 0 0
     27960      28140 1 1 1 1 1 0 0
     29460      29640 1 1 1 1 1 0 0
     29700      29880 0 0 0 0 0 1 0
     30720      30900 1 1 1 1 1 0 0
     32760      32940 0 0 0 0 0 1 0
     33300      33480 1 1 1 1 1 0 0
     36660      36840 1 1 1 1 1 0 0
     36900      37080 0 0 0 0 0 1 0
     39960      40140 0 0 0 0 0 1 0
     40260      40440 1 1 1 1 1 0 0
     43860      44040 1 1 1 1 1 0 0
     44100      44280 0 0 0 0 0 1 0
     47160      47340 0 0 0 0 0 1 0
     47460      47640 1 1 1 1 1 0 0
     51060      51240 1 1 1 1 1 0 0
     51300      51480 0 0 0 0 0 1 0
     54360      54540 0 0 0 0 0 1 0
     54660      54840 1 1 1 1 1 0 0
     56400      56580 1 1 1 1 1 0 0
     58260      58440 1 1 1 1 1 0 0
     58500      58680 0 0 0 0 0 1 0
     61560      61740 0 0 0 0 0 1 0
     61860      62040 1 1 1 1 1 0 0
     62640      62820 1 1 1 1 1 0 0
     62640      62820 1 1 1 1 1 0 0
     65700      65880 0 0 0 0 0 1 0
     65940      66120 1 1 1 1 1 0 0
     68220      68400 1 1 1 1 1 0 0
     68760      68940 0 0 0 0 0 1 0
     69600      69780 1 1 1 1 1 0 0
     71220      71400 1 1 1 1 1 0 0
     72780      72960 0 0 0 0 0 1 0
     73620      73800 1 1 1 1 1 0 0
     75960      76140 0 0 0 0 0 1 0
     75960      76140 0 0 0 0 0 1 0
     75960      76140 0 0 0 0 0 1 0
     76260      76440 1 1 1 1 1 0 0
     79560      79740 0 0 0 0 0 1 0
     79560      79740 0 0 0 0 0 1 0
     79560      79740 0 0 0 0 0 1 0
     79860      80040 1 1 1 1 1 0 0
     83100      83280 0 0 0 0 0 1 0
     83100      83280 0 0 0 0 0 1 0
     83100      83280 0 0 0 0 0 1 0
     83460      83640 1 1 1 1 1 0 0
67
