     12240      12360 1 1 1 1 1 0 0
     12420      12540 0 0 0 0 1 0 0
     12720      12840 0 0 0 0 0 1 0
     12720      12840 0 0 0 0 0 1 0
     12720      12840 0 0 0 0 0 1 0
     15480      15600 1 1 1 1 1 0 0
     17520      17640 1 1 1 1 1 0 0
     17520      17640 1 0 0 0 0 0 0
     18060      18180 0 0 0 0 0 1 0
     18060      18180 0 0 0 0 0 1 0
     18060      18180 0 0 0 0 0 1 0
     18420      18540 1 1 1 1 1 0 0
     18720      18840 0 0 0 0 0 1 0
     20160      20280 0 0 0 0 0 1 0
     20160      20280 0 0 0 0 0 1 0
     21000      21120 1 1 1 1 1 0 0
     22080      22200 1 1 1 1 1 0 0
     23340      23460 1 1 1 1 1 0 0
     23640      23760 0 0 0 0 0 1 0
     24420      24540 1 1 1 1 1 0 0
     26700      26820 1 1 1 1 1 0 0
     27060      27180 0 0 0 0 0 1 0
     29640      29760 1 1 1 1 1 0 0
     30540      30660 0 0 0 0 0 1 0
     33240      33360 1 1 1 1 1 0 0
     34260      34380 0 0 0 0 0 1 0
     36840      36960 1 1 1 1 1 0 0
     37860      37980 0 0 0 0 0 1 0
     40440      40560 1 1 1 1 1 0 0
     41460      41580 0 0 0 0 0 1 0
     44040      44160 1 1 1 1 1 0 0
     45060      45180 0 0 0 0 0 1 0
     47640      47760 1 1 1 1 1 0 0
     48660      48780 0 0 0 0 0 1 0
     51240      51360 1 1 1 1 1 0 0
     52260      52380 0 0 0 0 0 1 0
     54840      54960 1 1 1 1 1 0 0
     55680      55800 1 1 1 1 1 0 0
     55860      55980 0 0 0 0 0 1 0
     58440      58560 1 1 1 1 1 0 0
     59460      59580 0 0 0 0 0 1 0
     62040      62160 1 1 1 1 1 0 0
     63060      63180 0 0 0 0 0 1 0
     65640      65760 1 1 1 1 1 0 0
     66660      66780 0 0 0 0 0 1 0
     69240      69360 1 1 1 1 1 0 0
     70260      70380 0 0 0 0 0 1 0
     72240      72360 0 0 0 0 0 1 0
     72240      72360 0 0 0 0 0 1 0
     72240      72360 0 0 0 0 0 1 0
     72840      72960 1 1 1 1 1 0 0
     75420      75540 0 0 0 0 0 1 0
     75420      75540 0 0 0 0 0 1 0
     75480      75600 0 0 0 0 0 1 0
     76440      76560 1 1 1 1 1 0 0
     79020      79140 0 0 0 0 0 1 0
     79020      79140 0 0 0 0 0 1 0
     79080      79200 0 0 0 0 0 1 0
     80040      80160 1 1 1 1 1 0 0
     83640      83760 1 1 1 1 1 0 0
     84960      85080 0 0 0 0 0 1 0
     84960      85080 0 0 0 0 0 1 0
     84960      85080 0 0 0 0 0 0 0
63
