     34500      34740 0 0 0 0 0 1 0
     34500      34740 0 0 0 0 0 1 0
     37680      37860 0 0 0 0 0 1 0
     37680      37860 0 0 0 0 0 1 0
     41220      41400 0 1 0 0 0 0 0
     41700      41940 0 0 0 0 0 1 0
     41700      41940 0 0 0 0 0 1 0
     44700      44940 0 1 0 0 0 0 0
     44880      45060 0 0 0 0 0 1 0
     44880      45060 0 0 0 0 0 1 0
     48300      48540 0 1 0 0 0 0 0
     48900      49140 0 0 0 0 0 1 0
     48900      49140 0 0 0 0 0 1 0
     51900      52140 0 1 0 0 0 0 0
     52080      52260 0 0 0 0 0 1 0
     52080      52260 0 0 0 0 0 1 0
     55500      55740 0 1 0 0 0 0 0
     56100      56340 0 0 0 0 0 1 0
     56100      56340 0 0 0 0 0 1 0
     59100      59340 0 1 0 0 0 0 0
     59280      59460 0 0 0 0 0 1 0
     59280      59460 0 0 0 0 0 1 0
     62700      62940 0 1 0 0 0 0 0
     63300      63540 0 0 0 0 0 1 0
     63300      63540 0 0 0 0 0 1 0
     66480      66660 0 0 0 0 0 1 0
     66480      66660 0 0 0 0 0 1 0
27
