      1680       1980 1 1 1 1 1 0 0
      2400       2700 0 0 0 0 0 1 0
      5280       5580 1 1 1 1 1 0 0
     11520      11820 0 0 0 0 0 1 0
     11520      11820 0 0 0 0 0 1 0
     11520      11820 1 1 1 1 1 0 0
     11700      12000 0 0 0 0 1 0 0
     16080      16380 1 1 1 1 1 0 0
     17280      17580 0 0 0 0 0 1 0
     17280      17580 0 0 0 0 0 1 0
     18600      18900 1 1 1 1 1 0 0
     20760      21060 1 1 1 1 1 0 0
     20760      21060 1 1 1 1 1 0 0
     22140      22440 1 1 1 1 1 0 0
     22140      22440 1 1 1 1 1 0 0
     23340      23640 1 1 1 1 1 0 0
     23340      23640 1 1 1 1 1 0 0
     23460      23820 0 0 0 0 0 1 0
     23460      23820 0 0 0 0 0 1 0
     24540      24840 1 1 1 1 1 0 0
     27300      27660 0 0 0 0 0 1 0
     27300      27660 0 0 0 0 0 1 0
     27960      28260 1 1 1 1 1 0 0
     27960      28260 1 1 1 1 1 0 0
     30180      30540 0 0 0 0 0 1 0
     30180      30540 0 0 0 0 0 1 0
     30540      30840 1 1 1 1 1 0 0
     31740      32040 1 1 1 1 1 0 0
     32820      33180 0 0 0 0 0 1 0
     32820      33180 0 0 0 0 0 1 0
     34140      34440 1 1 1 1 1 0 0
     34740      35040 0 0 0 0 0 1 0
     34740      35040 0 0 0 0 0 1 0
     37560      37860 0 0 0 1 0 0 0
     37560      37860 1 0 0 0 0 0 0
     37560      37860 1 1 1 1 1 0 0
     37560      37860 0 0 0 0 1 0 0
     37860      38220 0 0 0 0 0 1 0
     37860      38220 0 0 0 0 0 1 0
     41340      41640 1 1 1 1 1 0 0
     41340      41640 0 0 0 0 1 0 0
     41340      41640 1 0 0 0 0 0 0
     41400      41700 0 1 0 0 0 0 0
     41940      42240 0 0 0 0 0 1 0
     41940      42240 0 0 0 0 0 1 0
     44880      45180 0 0 0 1 0 0 0
     44880      45180 1 1 1 1 1 0 0
     44940      45240 0 1 0 0 0 0 0
     45060      45420 0 0 0 0 0 1 0
     45060      45420 0 0 0 0 0 1 0
     48480      48780 1 1 1 1 1 0 0
     48540      48840 0 1 0 0 0 0 0
     49140      49440 0 0 0 0 0 1 0
     49140      49440 0 0 0 0 0 1 0
     52080      52380 1 1 1 1 1 0 0
     52140      52440 0 1 0 0 0 0 0
     52260      52620 0 0 0 0 0 1 0
     52260      52620 0 0 0 0 0 1 0
     55680      55980 1 1 1 1 1 0 0
     55740      56040 0 1 0 0 0 0 0
     56340      56640 0 0 0 0 0 1 0
     56340      56640 0 0 0 0 0 1 0
     59280      59580 1 1 1 1 1 0 0
     59340      59640 0 1 0 0 0 0 0
     59460      59820 0 0 0 0 0 1 0
     59460      59820 0 0 0 0 0 1 0
     62880      63180 1 1 1 1 1 0 0
     62940      63240 0 1 0 0 0 0 0
     63540      63840 0 0 0 0 0 1 0
     63540      63840 0 0 0 0 0 1 0
     66540      66840 1 1 1 1 1 0 0
     66540      66840 0 0 1 0 0 0 0
     66660      67020 0 0 0 0 0 1 0
     66660      67020 0 0 0 0 0 1 0
     69360      69720 1 1 1 1 1 0 0
     70200      70500 0 0 1 0 0 0 0
     70200      70500 1 1 1 1 1 0 0
     70200      70500 0 0 0 1 0 0 0
     70860      71220 0 0 0 0 0 1 0
     73320      73620 0 0 1 0 0 0 0
     73320      73620 1 1 1 1 1 0 0
     73800      74160 0 0 0 0 0 1 0
     75900      76200 1 1 1 1 1 0 0
     77700      78060 0 0 0 0 0 1 0
     78540      78840 1 1 1 1 1 0 0
     80880      81180 1 1 0 1 0 0 0
     80880      81180 1 1 1 1 1 0 0
     83220      83520 0 0 0 0 0 1 0
     84480      84780 1 1 1 1 0 0 0
     84480      84780 1 1 0 1 0 0 0
     84480      84780 1 1 1 1 1 0 0
     84480      84780 0 0 0 1 0 0 0
     85800      86160 0 0 0 0 0 1 0
93
