     36900      37140 0 0 0 0 0 1 0
     36900      37140 0 0 0 0 0 1 0
     40080      40320 0 0 0 0 0 1 0
     40080      40320 0 0 0 0 0 1 0
     43200      43440 0 1 0 0 0 0 0
     44100      44340 0 0 0 0 0 1 0
     44100      44340 0 0 0 0 0 1 0
     46800      47040 0 1 0 0 0 0 0
     47280      47520 0 0 0 0 0 1 0
     47280      47520 0 0 0 0 0 1 0
     50400      50640 0 1 0 0 0 0 0
     51300      51540 0 0 0 0 0 1 0
     51300      51540 0 0 0 0 0 1 0
     54000      54240 0 1 0 0 0 0 0
     54480      54720 0 0 0 0 0 1 0
     54480      54720 0 0 0 0 0 1 0
     57600      57840 0 1 0 0 0 0 0
     58500      58740 0 0 0 0 0 1 0
     58500      58740 0 0 0 0 0 1 0
     61200      61440 0 1 0 0 0 0 0
     61680      61920 0 0 0 0 0 1 0
     61680      61920 0 0 0 0 0 1 0
     65700      65940 0 0 0 0 0 1 0
     65700      65940 0 0 0 0 0 1 0
     69120      69360 0 0 0 0 0 1 0
     72900      73140 0 0 0 0 0 1 0
     72900      73140 0 0 0 0 0 1 0
27
