         0        360 1 1 0 1 0 0 0
         0        360 1 1 1 1 1 0 0
      4740       5100 0 0 0 0 0 1 0
      4740       5100 0 0 0 0 0 1 0
      8880       9240 0 0 0 0 0 1 0
      8880       9240 1 1 1 1 1 0 0
      8880       9240 0 0 0 0 0 1 0
      8880       9240 0 0 1 0 0 0 0
      8880       9240 1 1 0 1 0 0 0
      8940       9300 1 1 1 1 0 0 0
     13440      13800 1 1 1 1 1 0 0
     16080      16440 1 1 1 1 1 0 0
     18180      18540 0 0 0 0 0 1 0
     18780      19140 1 1 1 1 1 0 0
     20820      21180 1 1 1 1 1 0 0
     22560      22860 0 0 0 0 0 1 0
     23340      23700 1 1 1 1 1 0 0
     25440      25980 0 0 0 0 0 1 0
     25440      25980 0 0 0 0 0 1 0
     28860      29220 1 1 1 1 1 0 0
     30240      30600 0 0 0 0 0 1 0
     32460      32820 1 1 1 1 1 0 0
     32880      33240 0 0 0 0 0 1 0
     32880      33240 0 0 0 0 0 1 0
     36360      36720 1 1 1 1 1 0 0
     43200      43560 1 1 1 1 1 0 0
     46800      47160 1 1 1 1 1 0 0
     46800      47160 0 0 0 1 0 0 0
     46860      47160 1 0 0 0 0 0 0
     46860      47160 1 0 0 0 0 0 0
     50400      50760 0 0 0 1 0 0 0
     50400      50760 1 0 0 0 0 0 0
     50400      50760 1 0 0 0 0 0 0
     50400      50760 1 1 1 1 1 0 0
     54000      54360 1 1 1 1 1 0 0
     57600      57960 1 1 1 1 1 0 0
     61200      61560 1 1 1 1 1 0 0
     63600      63960 1 1 1 1 1 0 0
     63600      63960 1 1 1 1 1 0 0
     64800      65160 1 1 1 1 1 0 0
     67500      67860 1 1 1 1 1 0 0
     68460      68820 1 1 1 1 1 0 0
     68460      68820 1 1 1 1 1 0 0
     70860      71220 1 1 1 1 1 0 0
     70860      71220 1 1 1 1 1 0 0
     73320      73680 0 0 1 0 0 0 0
     73320      73680 1 1 1 1 1 0 0
     73320      73680 1 1 1 1 1 0 0
     75840      76200 1 1 1 1 1 0 0
     75840      76200 0 0 1 0 0 0 0
     76800      77160 0 0 0 0 0 1 0
     76800      77160 0 0 0 0 0 1 0
     79200      79560 1 1 1 1 1 0 0
     79260      79560 0 0 1 0 0 0 0
     80400      80820 0 0 0 0 0 1 0
     80400      80820 0 0 0 0 0 1 0
     82800      83160 1 1 1 1 1 0 0
     84060      84420 0 0 0 0 0 1 0
     84060      84420 0 0 0 0 0 1 0
59
