     37140      37320 0 0 0 0 0 1 0
     37140      37320 0 0 0 0 0 1 0
     39960      40140 0 1 0 0 0 0 0
     40320      40500 0 0 0 0 0 1 0
     40320      40500 0 0 0 0 0 1 0
     43440      43620 0 1 0 0 0 0 0
     44340      44520 0 0 0 0 0 1 0
     44340      44520 0 0 0 0 0 1 0
     47040      47220 0 1 0 0 0 0 0
     47520      47700 0 0 0 0 0 1 0
     47520      47700 0 0 0 0 0 1 0
     50640      50820 0 1 0 0 0 0 0
     51540      51720 0 0 0 0 0 1 0
     51540      51720 0 0 0 0 0 1 0
     54240      54420 0 1 0 0 0 0 0
     54720      54900 0 0 0 0 0 1 0
     54720      54900 0 0 0 0 0 1 0
     57840      58020 0 1 0 0 0 0 0
     58740      58920 0 0 0 0 0 1 0
     58740      58920 0 0 0 0 0 1 0
     61440      61620 0 1 0 0 0 0 0
     61920      62100 0 0 0 0 0 1 0
     61920      62100 0 0 0 0 0 1 0
     65940      66120 0 0 0 0 0 1 0
     65940      66120 0 0 0 0 0 1 0
     69360      69540 0 0 0 0 0 1 0
     73140      73320 0 0 0 0 0 1 0
     73140      73320 0 0 0 0 0 1 0
28
