       900       1320 1 1 1 1 1 0 0
      1620       2040 0 0 0 0 0 1 0
      4500       4920 1 1 1 1 1 0 0
     10740      11160 0 0 0 0 0 1 0
     10740      11160 0 0 0 0 0 1 0
     10740      11160 1 1 1 1 1 0 0
     15240      15660 1 1 1 1 1 0 0
     16500      16920 0 0 0 0 0 1 0
     16500      16920 0 0 0 0 0 1 0
     17820      18240 1 1 1 1 1 0 0
     19920      20340 1 1 1 1 1 0 0
     19920      20340 1 1 1 1 1 0 0
     22560      22980 1 1 1 1 1 0 0
     22560      22980 1 1 1 1 1 0 0
     25020      25440 1 1 1 1 1 0 0
     25020      25440 1 1 1 1 1 0 0
     26580      27000 0 0 0 0 0 1 0
     26580      27000 0 0 0 0 0 1 0
     27180      27600 1 1 1 1 1 0 0
     27180      27600 1 1 1 1 1 0 0
     29340      29820 0 0 0 0 0 1 0
     29340      29820 0 0 0 0 0 1 0
     29760      30180 1 1 1 1 1 0 0
     30960      31380 1 1 1 1 1 0 0
     33360      33780 1 1 1 1 1 0 0
     33900      34320 0 0 0 0 0 1 0
     33900      34320 0 0 0 0 0 1 0
     40620      41040 1 0 0 0 0 0 0
     40620      41040 0 0 0 0 1 0 0
     40620      41040 1 1 1 1 1 0 0
     40620      41040 0 1 0 0 0 0 0
     41100      41520 0 0 0 0 0 1 0
     41100      41520 0 0 0 0 0 1 0
     44100      44520 1 1 1 1 1 0 0
     44100      44520 0 0 0 1 0 0 0
     44100      44520 0 1 0 0 0 0 0
     47700      48120 1 1 1 1 1 0 0
     47700      48120 0 1 0 0 0 0 0
     48300      48720 0 0 0 0 0 1 0
     48300      48720 0 0 0 0 0 1 0
     51300      51720 0 1 0 0 0 0 0
     51300      51720 1 1 1 1 1 0 0
     54900      55320 1 1 1 1 1 0 0
     54900      55320 0 1 0 0 0 0 0
     55500      55920 0 0 0 0 0 1 0
     55500      55920 0 0 0 0 0 1 0
     58500      58920 0 1 0 0 0 0 0
     58500      58920 1 1 1 1 1 0 0
     62100      62520 0 1 0 0 0 0 0
     62100      62520 1 1 1 1 1 0 0
     62700      63120 0 0 0 0 0 1 0
     62700      63120 0 0 0 0 0 1 0
     65760      66180 1 1 1 1 1 0 0
     65760      66180 0 0 1 0 0 0 0
     69480      69900 1 1 1 1 1 0 0
     69480      69900 0 0 0 1 0 0 0
     69480      69900 0 0 1 0 0 0 0
     70140      70560 0 0 0 0 0 1 0
     72540      72960 0 0 1 0 0 0 0
     72540      72960 1 1 1 1 1 0 0
     75060      75480 1 1 1 1 1 0 0
     77760      78180 1 1 1 1 1 0 0
     80100      80520 1 1 0 1 0 0 0
     80100      80520 1 1 1 1 1 0 0
     82440      82860 0 0 0 0 0 1 0
     83700      84120 1 1 1 1 1 0 0
     83700      84120 1 1 0 1 0 0 0
     83700      84120 1 1 1 1 0 0 0
     83700      84120 0 0 0 1 0 0 0
     85020      85440 0 0 0 0 0 1 0
70
