     22620      23100 0 0 0 0 0 1 0
     22620      23100 0 0 0 0 0 1 0
     36660      37140 0 0 0 0 1 0 0
     36660      37140 1 1 1 1 1 0 0
     36660      37140 0 0 0 1 0 0 0
     36660      37140 1 0 0 0 0 0 0
     36960      37440 0 0 0 0 0 1 0
     36960      37440 0 0 0 0 0 1 0
     44160      44640 0 0 0 0 0 1 0
     44160      44640 0 0 0 0 0 1 0
     51360      51840 0 0 0 0 0 1 0
     51360      51840 0 0 0 0 0 1 0
     58560      59040 0 0 0 0 0 1 0
     58560      59040 0 0 0 0 0 1 0
     65760      66240 0 0 0 0 0 1 0
     65760      66240 0 0 0 0 0 1 0
     68400      68820 1 1 1 1 1 0 0
     72960      73440 0 0 0 0 0 1 0
     76860      77340 0 0 0 0 0 1 0
19
