      1020       1200 1 1 0 1 0 0 0
      1020       1200 1 1 1 1 1 0 0
      4620       4860 1 1 0 1 0 0 0
      4620       4800 1 1 1 1 1 0 0
      4680       4860 0 0 1 0 0 0 0
      5580       5760 0 0 0 0 0 1 0
      5580       5760 0 0 0 0 0 1 0
      9720       9900 1 1 0 1 0 0 0
      9720       9900 0 0 0 0 0 1 0
      9720       9900 0 0 1 0 0 0 0
      9720       9900 0 0 0 0 0 1 0
      9720       9900 1 1 1 1 1 0 0
      9780       9960 1 1 1 1 0 0 0
     14280      14460 1 1 1 1 1 0 0
     16920      17100 1 1 1 1 1 0 0
     18840      19080 1 1 1 1 1 0 0
     19020      19200 0 0 0 0 0 1 0
     20100      20280 1 1 1 1 1 0 0
     21600      21840 1 1 1 1 1 0 0
     23580      23820 0 0 0 0 0 1 0
     24180      24360 1 1 1 1 1 0 0
     26460      26700 0 0 0 0 0 1 0
     26460      26700 0 0 0 0 0 1 0
     27300      27480 1 1 1 1 1 0 0
     29880      30060 1 1 1 1 1 0 0
     31020      31260 0 0 0 0 0 1 0
     33480      33660 1 1 1 1 1 0 0
     34020      34200 0 0 0 0 0 1 0
     34020      34200 0 0 0 0 0 1 0
     37680      37920 1 1 1 1 1 0 0
     37920      38160 0 0 0 0 0 1 0
     37920      38160 0 0 0 0 0 1 0
     40740      40920 0 1 0 0 0 0 0
     40740      40920 1 1 1 1 1 0 0
     41220      41400 0 0 0 0 0 1 0
     41220      41400 0 0 0 0 0 1 0
     44220      44400 0 1 0 0 0 0 0
     44220      44400 1 1 1 1 1 0 0
     45120      45360 0 0 0 0 0 1 0
     45120      45360 0 0 0 0 0 1 0
     47820      48000 1 0 0 0 0 0 0
     47820      48000 1 1 1 1 1 0 0
     47820      48000 0 0 0 1 0 0 0
     47820      48000 0 1 0 0 0 0 0
     47820      48000 1 0 0 0 0 0 0
     48420      48600 0 0 0 0 0 1 0
     48420      48600 0 0 0 0 0 1 0
     51420      51600 1 0 0 0 0 0 0
     51420      51600 1 1 1 1 1 0 0
     51420      51600 0 1 0 0 0 0 0
     51420      51600 0 0 0 1 0 0 0
     51420      51600 1 0 0 0 0 0 0
     52380      52620 0 0 0 0 0 1 0
     52380      52620 0 0 0 0 0 1 0
     55020      55200 0 1 0 0 0 0 0
     55020      55200 1 1 1 1 1 0 0
     55620      55800 0 0 0 0 0 1 0
     55620      55800 0 0 0 0 0 1 0
     58620      58800 1 1 1 1 1 0 0
     58620      58800 0 1 0 0 0 0 0
     59520      59760 0 0 0 0 0 1 0
     59520      59760 0 0 0 0 0 1 0
     62220      62400 1 1 1 1 1 0 0
     62220      62400 0 1 0 0 0 0 0
     62820      63000 0 0 0 0 0 1 0
     62820      63000 0 0 0 0 0 1 0
     64440      64620 1 1 1 1 1 0 0
     64440      64620 1 1 1 1 1 0 0
     65640      65820 1 1 1 1 1 0 0
     66720      66960 0 0 0 0 0 1 0
     66720      66960 0 0 0 0 0 1 0
     68400      68580 1 1 1 1 1 0 0
     69360      69600 1 1 1 1 1 0 0
     69360      69600 1 1 1 1 1 0 0
     70020      70200 0 0 0 0 0 1 0
     71700      71880 1 1 1 1 1 0 0
     71700      71880 1 1 1 1 1 0 0
     73920      74160 0 0 0 0 0 1 0
     73920      74160 0 0 0 0 0 1 0
     74160      74340 1 1 1 1 1 0 0
     74160      74340 1 1 1 1 1 0 0
     74160      74340 0 0 1 0 0 0 0
     76860      77040 1 1 1 1 1 0 0
     76860      77040 0 0 1 0 0 0 0
     77820      78060 0 0 0 0 0 1 0
     77820      78060 0 0 0 0 0 1 0
     80220      80400 1 1 1 1 1 0 0
     80220      80400 0 0 1 0 0 0 0
     81240      81480 0 0 0 0 0 1 0
     81240      81480 0 0 0 0 0 1 0
     83820      84000 1 1 1 1 1 0 0
     84900      85080 0 0 0 0 0 1 0
     84900      85080 0 0 0 0 0 1 0
93
