     10320      10560 1 1 1 1 1 0 0
     10320      10560 0 0 0 0 0 1 0
     10320      10560 0 0 0 0 1 0 0
     10320      10560 0 0 0 0 0 1 0
     14820      15060 1 1 1 1 1 0 0
     17400      17640 1 1 1 1 1 0 0
     19500      19740 1 1 1 1 1 0 0
     19500      19740 1 1 1 1 1 0 0
     22140      22380 1 1 1 1 1 0 0
     22140      22380 1 1 1 1 1 0 0
     24600      24840 1 1 1 1 1 0 0
     24600      24840 1 1 1 1 1 0 0
     30540      30780 1 1 1 1 1 0 0
     64980      65220 0 0 1 0 0 0 0
     64980      65220 1 1 1 1 1 0 0
     68820      69060 0 0 1 0 0 0 0
     68820      69060 1 1 1 1 1 0 0
     68820      69060 0 0 0 1 0 0 0
     72120      72360 0 0 1 0 0 0 0
     72120      72360 1 1 1 1 1 0 0
     74640      74880 1 1 1 1 1 0 0
     77340      77580 1 1 1 1 1 0 0
     82020      82260 0 0 0 0 0 1 0
23
