       480        720 1 1 1 1 1 0 0
      1200       1440 0 0 0 0 0 1 0
      4080       4320 1 1 1 1 1 0 0
     16080      16320 0 0 0 0 0 1 0
     16080      16320 0 0 0 0 0 1 0
     22200      22440 0 0 0 0 0 1 0
     22200      22440 0 0 0 0 0 1 0
     25920      26160 0 0 0 0 0 1 0
     25920      26160 0 0 0 0 0 1 0
     26760      27000 1 1 1 1 1 0 0
     26760      27000 1 1 1 1 1 0 0
     28920      29160 0 0 0 0 0 1 0
     28920      29160 0 0 0 0 0 1 0
     29340      29580 1 1 1 1 1 0 0
     32940      33180 1 1 1 1 1 0 0
     33480      33720 0 0 0 0 0 1 0
     33480      33720 0 0 0 0 0 1 0
     36240      36480 0 0 0 1 0 0 0
     36240      36480 0 0 0 0 1 0 0
     36240      36480 1 1 1 1 1 0 0
     36240      36480 1 0 0 0 0 0 0
     36540      36780 0 0 0 0 0 1 0
     36540      36780 0 0 0 0 0 1 0
     40080      40320 0 1 0 0 0 0 0
     40080      40320 1 0 0 0 0 0 0
     40080      40320 0 0 0 0 1 0 0
     40080      40320 1 1 1 1 1 0 0
     40680      40920 0 0 0 0 0 1 0
     40680      40920 0 0 0 0 0 1 0
     43680      43920 1 1 1 1 1 0 0
     43680      43920 0 0 0 1 0 0 0
     43680      43920 0 1 0 0 0 0 0
     43740      43980 0 0 0 0 0 1 0
     43740      43980 0 0 0 0 0 1 0
     47280      47520 0 1 0 0 0 0 0
     47280      47520 1 1 1 1 1 0 0
     47880      48120 0 0 0 0 0 1 0
     47880      48120 0 0 0 0 0 1 0
     50880      51120 1 1 1 1 1 0 0
     50880      51120 0 1 0 0 0 0 0
     50940      51180 0 0 0 0 0 1 0
     50940      51180 0 0 0 0 0 1 0
     54480      54720 1 1 1 1 1 0 0
     54480      54720 0 1 0 0 0 0 0
     55080      55320 0 0 0 0 0 1 0
     55080      55320 0 0 0 0 0 1 0
     58080      58320 0 1 0 0 0 0 0
     58080      58320 1 1 1 1 1 0 0
     58140      58380 0 0 0 0 0 1 0
     58140      58380 0 0 0 0 0 1 0
     61680      61920 0 1 0 0 0 0 0
     61680      61920 1 1 1 1 1 0 0
     62280      62520 0 0 0 0 0 1 0
     62280      62520 0 0 0 0 0 1 0
     65340      65580 0 0 0 0 0 1 0
     65340      65580 0 0 0 0 0 1 0
     67860      68100 1 1 1 1 1 0 0
     69420      69660 0 0 0 0 0 1 0
     72540      72780 0 0 0 0 0 1 0
     76440      76680 0 0 0 0 0 1 0
     79680      79920 1 1 0 1 0 0 0
     79680      79920 1 1 1 1 1 0 0
     83280      83520 1 1 1 1 0 0 0
     83280      83520 1 1 0 1 0 0 0
     83280      83520 1 1 1 1 1 0 0
     83280      83520 0 0 0 1 0 0 0
     84300      84540 0 0 0 0 0 1 0
67
