      1200       1440 1 1 1 1 1 0 0
      1200       1440 1 1 0 1 0 0 0
      4800       5040 1 1 1 1 1 0 0
      4860       5100 0 0 1 0 0 0 0
      4860       5100 1 1 0 1 0 0 0
      5760       6000 0 0 0 0 0 1 0
      5760       6000 0 0 0 0 0 1 0
      9900      10140 1 1 1 1 1 0 0
      9900      10140 0 0 1 0 0 0 0
      9900      10140 0 0 0 0 0 1 0
      9900      10140 1 1 0 1 0 0 0
      9900      10140 0 0 0 0 0 1 0
      9960      10200 1 1 1 1 0 0 0
     14460      14700 1 1 1 1 1 0 0
     17100      17340 1 1 1 1 1 0 0
     19080      19260 1 1 1 1 1 0 0
     19200      19440 0 0 0 0 0 1 0
     20280      20520 1 1 1 1 1 0 0
     21840      22080 1 1 1 1 1 0 0
     23820      24060 0 0 0 0 0 1 0
     24360      24600 1 1 1 1 1 0 0
     26700      26940 0 0 0 0 0 1 0
     26700      26940 0 0 0 0 0 1 0
     27480      27720 1 1 1 1 1 0 0
     30060      30300 1 1 1 1 1 0 0
     31260      31500 0 0 0 0 0 1 0
     33660      33900 1 1 1 1 1 0 0
     34200      34440 0 0 0 0 0 1 0
     34200      34440 0 0 0 0 0 1 0
     37920      38160 1 1 1 1 1 0 0
     38160      38400 0 0 0 0 0 1 0
     38160      38400 0 0 0 0 0 1 0
     40920      41160 1 1 1 1 1 0 0
     40920      41160 0 1 0 0 0 0 0
     41400      41640 0 0 0 0 0 1 0
     41400      41640 0 0 0 0 0 1 0
     44400      44640 1 1 1 1 1 0 0
     44400      44640 0 1 0 0 0 0 0
     45360      45600 0 0 0 0 0 1 0
     45360      45600 0 0 0 0 0 1 0
     48000      48240 0 1 0 0 0 0 0
     48000      48240 0 0 0 1 0 0 0
     48000      48240 1 1 1 1 1 0 0
     48000      48240 1 0 0 0 0 0 0
     48000      48240 1 0 0 0 0 0 0
     48600      48840 0 0 0 0 0 1 0
     48600      48840 0 0 0 0 0 1 0
     51600      51840 0 0 0 1 0 0 0
     51600      51840 1 1 1 1 1 0 0
     51600      51840 1 0 0 0 0 0 0
     51600      51840 1 0 0 0 0 0 0
     51600      51840 0 1 0 0 0 0 0
     52620      52860 0 0 0 0 0 1 0
     52620      52860 0 0 0 0 0 1 0
     55200      55440 0 1 0 0 0 0 0
     55200      55440 1 1 1 1 1 0 0
     55800      56040 0 0 0 0 0 1 0
     55800      56040 0 0 0 0 0 1 0
     58800      59040 1 1 1 1 1 0 0
     58800      59040 0 1 0 0 0 0 0
     59760      60000 0 0 0 0 0 1 0
     59760      60000 0 0 0 0 0 1 0
     62400      62640 0 1 0 0 0 0 0
     62400      62640 1 1 1 1 1 0 0
     63000      63240 0 0 0 0 0 1 0
     63000      63240 0 0 0 0 0 1 0
     64620      64860 1 1 1 1 1 0 0
     64620      64860 1 1 1 1 1 0 0
     65820      66060 1 1 1 1 1 0 0
     66960      67200 0 0 0 0 0 1 0
     66960      67200 0 0 0 0 0 1 0
     68580      68820 1 1 1 1 1 0 0
     69600      69840 1 1 1 1 1 0 0
     69600      69840 1 1 1 1 1 0 0
     70200      70500 0 0 0 0 0 1 0
     71880      72120 1 1 1 1 1 0 0
     71880      72120 1 1 1 1 1 0 0
     74160      74400 0 0 0 0 0 1 0
     74160      74400 0 0 0 0 0 1 0
     74340      74580 0 0 1 0 0 0 0
     74340      74580 1 1 1 1 1 0 0
     74340      74580 1 1 1 1 1 0 0
     77040      77280 0 0 1 0 0 0 0
     77040      77280 1 1 1 1 1 0 0
     78060      78300 0 0 0 0 0 1 0
     78060      78300 0 0 0 0 0 1 0
     80400      80640 0 0 1 0 0 0 0
     80400      80640 1 1 1 1 1 0 0
     81480      81660 0 0 0 0 0 1 0
     81480      81660 0 0 0 0 0 1 0
     84000      84240 1 1 1 1 1 0 0
     85080      85320 0 0 0 0 0 1 0
     85080      85320 0 0 0 0 0 1 0
93
