      1440       1740 1 1 1 1 1 0 0
      1440       1740 1 1 0 1 0 0 0
      5040       5340 1 1 1 1 1 0 0
      5100       5340 1 1 0 1 0 0 0
      5100       5400 0 0 1 0 0 0 0
      6000       6300 0 0 0 0 0 1 0
      6000       6300 0 0 0 0 0 1 0
     10140      10440 0 0 0 0 0 1 0
     10140      10440 1 1 1 1 1 0 0
     10140      10440 0 0 0 0 0 1 0
     10140      10440 0 0 1 0 0 0 0
     10140      10440 1 1 0 1 0 0 0
     10200      10500 1 1 1 1 0 0 0
     14700      15000 1 1 1 1 1 0 0
     17340      17640 1 1 1 1 1 0 0
     19440      19680 1 1 1 1 1 0 0
     19440      19740 0 0 0 0 0 1 0
     20520      20820 1 1 1 1 1 0 0
     22080      22320 1 1 1 1 1 0 0
     24060      24300 0 0 0 0 0 1 0
     24600      24900 1 1 1 1 1 0 0
     26940      27180 0 0 0 0 0 1 0
     26940      27180 0 0 0 0 0 1 0
     27720      28020 1 1 1 1 1 0 0
     30420      30660 1 1 1 1 1 0 0
     31500      31740 0 0 0 0 0 1 0
     33900      34200 1 1 1 1 1 0 0
     34440      34740 0 0 0 0 0 1 0
     34440      34740 0 0 0 0 0 1 0
     38160      38400 1 1 1 1 1 0 0
     38400      38640 0 0 0 0 0 1 0
     38400      38640 0 0 0 0 0 1 0
     41160      41460 0 1 0 0 0 0 0
     41160      41460 1 1 1 1 1 0 0
     41640      41940 0 0 0 0 0 1 0
     41640      41940 0 0 0 0 0 1 0
     44640      44940 0 1 0 0 0 0 0
     44640      44940 1 1 1 1 1 0 0
     45600      45840 0 0 0 0 0 1 0
     45600      45840 0 0 0 0 0 1 0
     48240      48540 0 1 0 0 0 0 0
     48240      48540 1 0 0 0 0 0 0
     48240      48540 1 1 1 1 1 0 0
     48240      48540 0 0 0 1 0 0 0
     48240      48540 1 0 0 0 0 0 0
     48840      49140 0 0 0 0 0 1 0
     48840      49140 0 0 0 0 0 1 0
     51840      52140 0 0 0 1 0 0 0
     51840      52140 1 1 1 1 1 0 0
     51840      52140 1 0 0 0 0 0 0
     51840      52140 1 0 0 0 0 0 0
     51840      52140 0 1 0 0 0 0 0
     52860      53100 0 0 0 0 0 1 0
     52860      53100 0 0 0 0 0 1 0
     55440      55740 0 1 0 0 0 0 0
     55440      55740 1 1 1 1 1 0 0
     56040      56340 0 0 0 0 0 1 0
     56040      56340 0 0 0 0 0 1 0
     59040      59340 0 1 0 0 0 0 0
     59040      59340 1 1 1 1 1 0 0
     60000      60240 0 0 0 0 0 1 0
     60000      60240 0 0 0 0 0 1 0
     62640      62940 0 1 0 0 0 0 0
     62640      62940 1 1 1 1 1 0 0
     63240      63540 0 0 0 0 0 1 0
     63240      63540 0 0 0 0 0 1 0
     64860      65160 1 1 1 1 1 0 0
     64860      65160 1 1 1 1 1 0 0
     66060      66360 1 1 1 1 1 0 0
     67200      67440 0 0 0 0 0 1 0
     67200      67440 0 0 0 0 0 1 0
     68820      69120 1 1 1 1 1 0 0
     69840      70080 1 1 1 1 1 0 0
     69840      70080 1 1 1 1 1 0 0
     70620      70980 0 0 0 0 0 1 0
     72120      72420 1 1 1 1 1 0 0
     72120      72420 1 1 1 1 1 0 0
     74400      74640 0 0 0 0 0 1 0
     74400      74640 0 0 0 0 0 1 0
     74580      74880 1 1 1 1 1 0 0
     74580      74880 0 0 1 0 0 0 0
     74580      74880 1 1 1 1 1 0 0
     77280      77580 1 1 1 1 1 0 0
     77280      77580 0 0 1 0 0 0 0
     78300      78540 0 0 0 0 0 1 0
     78300      78540 0 0 0 0 0 1 0
     80640      80940 1 1 1 1 1 0 0
     80640      80940 0 0 1 0 0 0 0
     81840      82080 0 0 0 0 0 1 0
     81840      82080 0 0 0 0 0 1 0
     84240      84540 1 1 1 1 1 0 0
     85320      85620 0 0 0 0 0 1 0
     85320      85620 0 0 0 0 0 1 0
93
