       720        900 1 1 1 1 1 0 0
      1440       1620 0 0 0 0 0 1 0
      4320       4500 1 1 1 1 1 0 0
     10560      10740 1 1 1 1 1 0 0
     10560      10740 0 0 0 0 0 1 0
     10560      10740 0 0 0 0 0 1 0
     15060      15240 1 1 1 1 1 0 0
     16320      16500 0 0 0 0 0 1 0
     16320      16500 0 0 0 0 0 1 0
     17640      17820 1 1 1 1 1 0 0
     19740      19920 1 1 1 1 1 0 0
     19740      19920 1 1 1 1 1 0 0
     22380      22560 1 1 1 1 1 0 0
     22380      22560 1 1 1 1 1 0 0
     22440      22620 0 0 0 0 0 1 0
     22440      22620 0 0 0 0 0 1 0
     24840      25020 1 1 1 1 1 0 0
     24840      25020 1 1 1 1 1 0 0
     26160      26340 0 0 0 0 0 1 0
     26160      26340 0 0 0 0 0 1 0
     27000      27180 1 1 1 1 1 0 0
     27000      27180 1 1 1 1 1 0 0
     29160      29340 0 0 0 0 0 1 0
     29160      29340 0 0 0 0 0 1 0
     29580      29760 1 1 1 1 1 0 0
     30780      30960 1 1 1 1 1 0 0
     33180      33360 1 1 1 1 1 0 0
     33720      33900 0 0 0 0 0 1 0
     33720      33900 0 0 0 0 0 1 0
     36480      36660 1 0 0 0 0 0 0
     36480      36660 0 0 0 0 1 0 0
     36480      36660 0 0 0 1 0 0 0
     36480      36660 1 1 1 1 1 0 0
     36780      36960 0 0 0 0 0 1 0
     36780      36960 0 0 0 0 0 1 0
     40320      40500 1 1 1 1 1 0 0
     40320      40500 0 1 0 0 0 0 0
     40320      40500 1 0 0 0 0 0 0
     40320      40500 0 0 0 0 1 0 0
     40920      41100 0 0 0 0 0 1 0
     40920      41100 0 0 0 0 0 1 0
     43920      44100 1 1 1 1 1 0 0
     43920      44100 0 0 0 1 0 0 0
     43920      44100 0 1 0 0 0 0 0
     43980      44160 0 0 0 0 0 1 0
     43980      44160 0 0 0 0 0 1 0
     47520      47700 1 1 1 1 1 0 0
     47520      47700 0 1 0 0 0 0 0
     48120      48300 0 0 0 0 0 1 0
     48120      48300 0 0 0 0 0 1 0
     51120      51300 0 1 0 0 0 0 0
     51120      51300 1 1 1 1 1 0 0
     51180      51360 0 0 0 0 0 1 0
     51180      51360 0 0 0 0 0 1 0
     54720      54900 1 1 1 1 1 0 0
     54720      54900 0 1 0 0 0 0 0
     55320      55500 0 0 0 0 0 1 0
     55320      55500 0 0 0 0 0 1 0
     58320      58500 1 1 1 1 1 0 0
     58320      58500 0 1 0 0 0 0 0
     58380      58560 0 0 0 0 0 1 0
     58380      58560 0 0 0 0 0 1 0
     61920      62100 0 1 0 0 0 0 0
     61920      62100 1 1 1 1 1 0 0
     62520      62700 0 0 0 0 0 1 0
     62520      62700 0 0 0 0 0 1 0
     65220      65400 0 0 1 0 0 0 0
     65220      65400 1 1 1 1 1 0 0
     65580      65760 0 0 0 0 0 1 0
     65580      65760 0 0 0 0 0 1 0
     68100      68280 1 1 1 1 1 0 0
     69060      69240 0 0 1 0 0 0 0
     69060      69240 0 0 0 1 0 0 0
     69060      69240 1 1 1 1 1 0 0
     69660      69840 0 0 0 0 0 1 0
     72360      72540 1 1 1 1 1 0 0
     72360      72540 0 0 1 0 0 0 0
     72780      72960 0 0 0 0 0 1 0
     74880      75060 1 1 1 1 1 0 0
     76680      76860 0 0 0 0 0 1 0
     77580      77760 1 1 1 1 1 0 0
     79920      80100 1 1 1 1 1 0 0
     79920      80100 1 1 0 1 0 0 0
     82260      82440 0 0 0 0 0 1 0
     83520      83700 1 1 1 1 1 0 0
     83520      83700 0 0 0 1 0 0 0
     83520      83700 1 1 0 1 0 0 0
     83520      83700 1 1 1 1 0 0 0
     84540      84720 0 0 0 0 0 1 0
89
