      1320       1680 1 1 1 1 1 0 0
      2040       2400 0 0 0 0 0 1 0
      4920       5280 1 1 1 1 1 0 0
     11160      11520 1 1 1 1 1 0 0
     11160      11520 0 0 0 0 0 1 0
     11160      11520 0 0 0 0 0 1 0
     11400      11700 0 0 0 0 1 0 0
     15660      15960 1 1 1 1 1 0 0
     16920      17280 0 0 0 0 0 1 0
     16920      17280 0 0 0 0 0 1 0
     18240      18600 1 1 1 1 1 0 0
     20340      20640 1 1 1 1 1 0 0
     20340      20640 1 1 1 1 1 0 0
     22980      23340 1 1 1 1 1 0 0
     22980      23340 1 1 1 1 1 0 0
     27000      27300 0 0 0 0 0 1 0
     27000      27300 0 0 0 0 0 1 0
     27600      27960 1 1 1 1 1 0 0
     27600      27960 1 1 1 1 1 0 0
     29820      30180 0 0 0 0 0 1 0
     29820      30180 0 0 0 0 0 1 0
     30180      30540 1 1 1 1 1 0 0
     31380      31740 1 1 1 1 1 0 0
     33780      34140 1 1 1 1 1 0 0
     41040      41340 1 1 1 1 1 0 0
     41040      41340 0 0 0 0 1 0 0
     41040      41340 1 0 0 0 0 0 0
     44520      44880 0 0 0 1 0 0 0
     44520      44880 1 1 1 1 1 0 0
     48120      48480 1 1 1 1 1 0 0
     51720      52080 1 1 1 1 1 0 0
     55320      55680 1 1 1 1 1 0 0
     58920      59280 1 1 1 1 1 0 0
     62520      62880 1 1 1 1 1 0 0
     66180      66480 1 1 1 1 1 0 0
     66180      66480 0 0 1 0 0 0 0
     69900      70200 0 0 0 1 0 0 0
     69900      70200 1 1 1 1 1 0 0
     69900      70200 0 0 1 0 0 0 0
     70560      70860 0 0 0 0 0 1 0
     72960      73320 0 0 1 0 0 0 0
     72960      73320 1 1 1 1 1 0 0
     75480      75780 1 1 1 1 1 0 0
     78180      78540 1 1 1 1 1 0 0
     80520      80880 1 1 0 1 0 0 0
     80520      80880 1 1 1 1 1 0 0
     82860      83220 0 0 0 0 0 1 0
     84120      84480 1 1 0 1 0 0 0
     84120      84480 1 1 1 1 0 0 0
     84120      84480 0 0 0 1 0 0 0
     84120      84480 1 1 1 1 1 0 0
     85440      85800 0 0 0 0 0 1 0
52
