       360        780 1 1 1 1 1 0 0
       360        780 1 1 0 1 0 0 0
      3960       4380 1 1 1 1 1 0 0
      4020       4440 1 1 0 1 0 0 0
      4020       4440 0 0 1 0 0 0 0
      5100       5580 0 0 0 0 0 1 0
      5100       5580 0 0 0 0 0 1 0
      9240       9720 1 1 1 1 1 0 0
      9240       9720 0 0 0 0 0 1 0
      9240       9720 0 0 1 0 0 0 0
      9240       9720 0 0 0 0 0 1 0
      9240       9720 1 1 0 1 0 0 0
      9300       9780 1 1 1 1 0 0 0
     13800      14280 1 1 1 1 1 0 0
     16440      16920 1 1 1 1 1 0 0
     18540      19020 0 0 0 0 0 1 0
     19140      19560 1 1 1 1 1 0 0
     21180      21600 1 1 1 1 1 0 0
     23160      23580 0 0 0 0 0 1 0
     23700      24180 1 1 1 1 1 0 0
     25980      26460 0 0 0 0 0 1 0
     25980      26460 0 0 0 0 0 1 0
     26400      26820 1 1 1 1 1 0 0
     29220      29640 1 1 1 1 1 0 0
     30600      31020 0 0 0 0 0 1 0
     32820      33240 1 1 1 1 1 0 0
     33240      33660 0 0 0 0 0 1 0
     33240      33660 0 0 0 0 0 1 0
     37260      37680 1 1 1 1 1 0 0
     37500      37920 0 0 0 0 0 1 0
     37500      37920 0 0 0 0 0 1 0
     40080      40500 1 1 1 1 1 0 0
     40140      40560 0 1 0 0 0 0 0
     40500      40920 0 0 0 0 0 1 0
     40500      40920 0 0 0 0 0 1 0
     43560      43980 1 1 1 1 1 0 0
     43620      44040 0 1 0 0 0 0 0
     44700      45120 0 0 0 0 0 1 0
     44700      45120 0 0 0 0 0 1 0
     47160      47580 0 0 0 1 0 0 0
     47160      47580 1 0 0 0 0 0 0
     47160      47580 1 0 0 0 0 0 0
     47160      47580 1 1 1 1 1 0 0
     47220      47640 0 1 0 0 0 0 0
     47700      48120 0 0 0 0 0 1 0
     47700      48120 0 0 0 0 0 1 0
     50760      51180 1 1 1 1 1 0 0
     50760      51180 0 0 0 1 0 0 0
     50760      51180 1 0 0 0 0 0 0
     50760      51180 1 0 0 0 0 0 0
     50820      51240 0 1 0 0 0 0 0
     51960      52380 0 0 0 0 0 1 0
     51960      52380 0 0 0 0 0 1 0
     54360      54780 1 1 1 1 1 0 0
     54420      54840 0 1 0 0 0 0 0
     54900      55320 0 0 0 0 0 1 0
     54900      55320 0 0 0 0 0 1 0
     57960      58380 1 1 1 1 1 0 0
     58020      58440 0 1 0 0 0 0 0
     59100      59520 0 0 0 0 0 1 0
     59100      59520 0 0 0 0 0 1 0
     61560      61980 1 1 1 1 1 0 0
     61620      62040 0 1 0 0 0 0 0
     62100      62520 0 0 0 0 0 1 0
     62100      62520 0 0 0 0 0 1 0
     63960      64440 1 1 1 1 1 0 0
     63960      64440 1 1 1 1 1 0 0
     65160      65640 1 1 1 1 1 0 0
     66300      66720 0 0 0 0 0 1 0
     66300      66720 0 0 0 0 0 1 0
     67860      68280 1 1 1 1 1 0 0
     68940      69360 1 1 1 1 1 0 0
     68940      69360 1 1 1 1 1 0 0
     69540      70020 0 0 0 0 0 1 0
     71220      71700 1 1 1 1 1 0 0
     71220      71700 1 1 1 1 1 0 0
     73500      73920 0 0 0 0 0 1 0
     73500      73920 0 0 0 0 0 1 0
     73680      74160 1 1 1 1 1 0 0
     73680      74160 0 0 1 0 0 0 0
     73680      74160 1 1 1 1 1 0 0
     76200      76620 1 1 1 1 1 0 0
     76200      76620 0 0 1 0 0 0 0
     77400      77820 0 0 0 0 0 1 0
     77400      77820 0 0 0 0 0 1 0
     79560      79980 1 1 1 1 1 0 0
     79560      79980 0 0 1 0 0 0 0
     80820      81240 0 0 0 0 0 1 0
     80820      81240 0 0 0 0 0 1 0
     83160      83580 1 1 1 1 1 0 0
     84420      84900 0 0 0 0 0 1 0
     84420      84900 0 0 0 0 0 1 0
92
