     34320      34500 0 0 0 0 0 1 0
     34320      34500 0 0 0 0 0 1 0
     41040      41220 0 1 0 0 0 0 0
     41520      41700 0 0 0 0 0 1 0
     41520      41700 0 0 0 0 0 1 0
     44520      44700 0 1 0 0 0 0 0
     48120      48300 0 1 0 0 0 0 0
     48720      48900 0 0 0 0 0 1 0
     48720      48900 0 0 0 0 0 1 0
     51720      51900 0 1 0 0 0 0 0
     55320      55500 0 1 0 0 0 0 0
     55920      56100 0 0 0 0 0 1 0
     55920      56100 0 0 0 0 0 1 0
     58920      59100 0 1 0 0 0 0 0
     62520      62700 0 1 0 0 0 0 0
     63120      63300 0 0 0 0 0 1 0
     63120      63300 0 0 0 0 0 1 0
17
