      2040       2220 1 1 0 1 0 0 0
      2040       2220 1 1 1 1 1 0 0
      5640       5820 1 1 1 1 1 0 0
      5640       5820 1 1 0 1 0 0 0
      6600       6780 0 0 0 0 0 1 0
      6600       6780 0 0 0 0 0 1 0
     17940      18120 1 1 1 1 1 0 0
     21120      21300 1 1 1 1 1 0 0
     25200      25380 1 1 1 1 1 0 0
     38700      38880 1 1 1 1 1 0 0
     45240      45420 1 1 1 1 1 0 0
     45240      45420 0 1 0 0 0 0 0
     52440      52620 1 1 1 1 1 0 0
     52440      52620 0 1 0 0 0 0 0
     52440      52620 1 0 0 0 0 0 0
     52440      52620 0 0 0 1 0 0 0
     52440      52620 1 0 0 0 0 0 0
     65460      65640 1 1 1 1 1 0 0
     65460      65640 1 1 1 1 1 0 0
     72720      72900 1 1 1 1 1 0 0
     72720      72900 1 1 1 1 1 0 0
     78840      79020 0 0 0 0 0 1 0
     78840      79020 0 0 0 0 0 1 0
     82380      82560 0 0 0 0 0 1 0
     82380      82560 0 0 0 0 0 1 0
     84840      85020 1 1 1 1 1 0 0
     85920      86100 0 0 0 0 0 1 0
     85920      86100 0 0 0 0 0 1 0
28
