      5700       5880 0 0 1 0 0 0 0
     10740      10920 0 0 0 0 0 1 0
     10740      10920 0 0 0 0 0 1 0
     10740      10920 0 0 1 0 0 0 0
     10740      10920 1 1 1 1 1 0 0
     10740      10920 1 1 0 1 0 0 0
     10800      10980 1 1 1 1 0 0 0
     15300      15480 1 1 1 1 1 0 0
     19980      20160 1 1 1 1 1 0 0
     20040      20220 0 0 0 0 0 1 0
     22620      22800 1 1 1 1 1 0 0
     24600      24780 0 0 0 0 0 1 0
     27480      27660 0 0 0 0 0 1 0
     27480      27660 0 0 0 0 0 1 0
     28320      28500 1 1 1 1 1 0 0
     30960      31140 1 1 1 1 1 0 0
     32040      32220 0 0 0 0 0 1 0
     34500      34680 1 1 1 1 1 0 0
     35040      35220 0 0 0 0 0 1 0
     35040      35220 0 0 0 0 0 1 0
     38940      39120 0 0 0 0 0 1 0
     38940      39120 0 0 0 0 0 1 0
     41760      41940 1 1 1 1 1 0 0
     41760      41940 0 1 0 0 0 0 0
     42240      42420 0 0 0 0 0 1 0
     42240      42420 0 0 0 0 0 1 0
     46140      46320 0 0 0 0 0 1 0
     46140      46320 0 0 0 0 0 1 0
     48840      49020 0 1 0 0 0 0 0
     48840      49020 1 0 0 0 0 0 0
     48840      49020 1 0 0 0 0 0 0
     48840      49020 0 0 0 1 0 0 0
     48840      49020 1 1 1 1 1 0 0
     49440      49620 0 0 0 0 0 1 0
     49440      49620 0 0 0 0 0 1 0
     53400      53580 0 0 0 0 0 1 0
     53400      53580 0 0 0 0 0 1 0
     56040      56220 1 1 1 1 1 0 0
     56040      56220 0 1 0 0 0 0 0
     56640      56820 0 0 0 0 0 1 0
     56640      56820 0 0 0 0 0 1 0
     59640      59820 0 1 0 0 0 0 0
     59640      59820 1 1 1 1 1 0 0
     60540      60720 0 0 0 0 0 1 0
     60540      60720 0 0 0 0 0 1 0
     63240      63420 1 1 1 1 1 0 0
     63240      63420 0 1 0 0 0 0 0
     63840      64020 0 0 0 0 0 1 0
     63840      64020 0 0 0 0 0 1 0
     66660      66840 1 1 1 1 1 0 0
     67740      67920 0 0 0 0 0 1 0
     67740      67920 0 0 0 0 0 1 0
     69420      69600 1 1 1 1 1 0 0
     70380      70560 1 1 1 1 1 0 0
     70380      70560 1 1 1 1 1 0 0
     71280      71460 0 0 0 0 0 1 0
     74940      75120 0 0 0 0 0 1 0
     74940      75120 0 0 0 0 0 1 0
     75180      75360 1 1 1 1 1 0 0
     75180      75360 0 0 1 0 0 0 0
     75180      75360 1 1 1 1 1 0 0
     77880      78060 0 0 1 0 0 0 0
     77880      78060 1 1 1 1 1 0 0
     81240      81420 0 0 1 0 0 0 0
     81240      81420 1 1 1 1 1 0 0
65
