     11940      12480 1 1 1 1 1 0 0
     13680      14220 0 0 0 0 0 1 0
     16740      17280 1 1 1 1 1 0 0
     21000      21540 0 0 0 0 0 1 0
     21000      21540 1 1 1 1 1 0 0
     26100      26640 1 1 1 1 1 0 0
     28140      28800 0 0 0 0 0 1 0
     31680      32220 1 1 1 1 1 0 0
     35520      36060 1 1 1 1 1 0 0
     35760      36300 0 0 0 0 0 1 0
     42780      43320 0 0 0 0 0 1 0
     43200      43740 1 1 1 1 1 0 0
     49800      50340 1 1 1 1 1 0 0
     49860      50400 0 0 0 0 0 1 0
     56460      57000 1 1 1 1 1 0 0
     57600      58140 0 0 0 0 0 1 0
     60180      60720 1 1 1 1 1 0 0
     63900      64440 1 1 1 1 1 0 0
     64260      64920 0 0 0 0 0 1 0
     67680      68220 1 1 1 1 1 0 0
     71520      72060 1 1 1 1 1 0 0
     71700      72240 0 0 0 0 0 1 0
     75840      76380 1 1 1 1 1 0 0
23
