       120        480 1 1 1 1 1 0 0
       840       1200 0 0 0 0 0 1 0
      3720       4080 1 1 1 1 1 0 0
     15720      16080 0 0 0 0 0 1 0
     15720      16080 0 0 0 0 0 1 0
     21840      22200 0 0 0 0 0 1 0
     21840      22200 0 0 0 0 0 1 0
     25560      25920 0 0 0 0 0 1 0
     25560      25920 0 0 0 0 0 1 0
     26400      26760 1 1 1 1 1 0 0
     26400      26760 1 1 1 1 1 0 0
     28560      28920 0 0 0 0 0 1 0
     28560      28920 0 0 0 0 0 1 0
     28980      29340 1 1 1 1 1 0 0
     32580      32940 1 1 1 1 1 0 0
     33120      33480 0 0 0 0 0 1 0
     33120      33480 0 0 0 0 0 1 0
     35880      36240 1 1 1 1 1 0 0
     35880      36240 0 0 0 1 0 0 0
     35880      36240 1 0 0 0 0 0 0
     35880      36240 0 0 0 0 1 0 0
     36180      36540 0 0 0 0 0 1 0
     36180      36540 0 0 0 0 0 1 0
     39720      40080 0 0 0 0 1 0 0
     39720      40080 0 1 0 0 0 0 0
     39720      40080 1 0 0 0 0 0 0
     39720      40080 1 1 1 1 1 0 0
     40320      40680 0 0 0 0 0 1 0
     40320      40680 0 0 0 0 0 1 0
     43320      43680 1 1 1 1 1 0 0
     43320      43680 0 1 0 0 0 0 0
     43320      43680 0 0 0 1 0 0 0
     43380      43740 0 0 0 0 0 1 0
     43380      43740 0 0 0 0 0 1 0
     46920      47280 0 1 0 0 0 0 0
     46920      47280 1 1 1 1 1 0 0
     47520      47880 0 0 0 0 0 1 0
     47520      47880 0 0 0 0 0 1 0
     50520      50880 0 1 0 0 0 0 0
     50520      50880 1 1 1 1 1 0 0
     50580      50940 0 0 0 0 0 1 0
     50580      50940 0 0 0 0 0 1 0
     54120      54480 0 1 0 0 0 0 0
     54120      54480 1 1 1 1 1 0 0
     54720      55080 0 0 0 0 0 1 0
     54720      55080 0 0 0 0 0 1 0
     57720      58080 0 1 0 0 0 0 0
     57720      58080 1 1 1 1 1 0 0
     57780      58140 0 0 0 0 0 1 0
     57780      58140 0 0 0 0 0 1 0
     61320      61680 0 1 0 0 0 0 0
     61320      61680 1 1 1 1 1 0 0
     61920      62280 0 0 0 0 0 1 0
     61920      62280 0 0 0 0 0 1 0
     64980      65340 0 0 0 0 0 1 0
     64980      65340 0 0 0 0 0 1 0
     67500      67860 1 1 1 1 1 0 0
     69060      69420 0 0 0 0 0 1 0
     72180      72540 0 0 0 0 0 1 0
     76080      76440 0 0 0 0 0 1 0
     79320      79680 1 1 0 1 0 0 0
     79320      79680 1 1 1 1 1 0 0
     82920      83280 1 1 1 1 1 0 0
     82920      83280 1 1 0 1 0 0 0
     82920      83280 1 1 1 1 0 0 0
     82920      83280 0 0 0 1 0 0 0
     83940      84300 0 0 0 0 0 1 0
67
