      1740       2040 1 1 0 1 0 0 0
      1740       2040 1 1 1 1 1 0 0
      5340       5640 1 1 0 1 0 0 0
      5340       5640 1 1 1 1 1 0 0
      5400       5700 0 0 1 0 0 0 0
      6300       6600 0 0 0 0 0 1 0
      6300       6600 0 0 0 0 0 1 0
     10440      10740 0 0 0 0 0 1 0
     10440      10740 1 1 0 1 0 0 0
     10440      10740 1 1 1 1 1 0 0
     10440      10740 0 0 0 0 0 1 0
     10440      10740 0 0 1 0 0 0 0
     10500      10800 1 1 1 1 0 0 0
     15000      15300 1 1 1 1 1 0 0
     17640      17940 1 1 1 1 1 0 0
     19680      19980 1 1 1 1 1 0 0
     19740      20040 0 0 0 0 0 1 0
     20820      21120 1 1 1 1 1 0 0
     22320      22620 1 1 1 1 1 0 0
     24300      24600 0 0 0 0 0 1 0
     24900      25200 1 1 1 1 1 0 0
     27180      27480 0 0 0 0 0 1 0
     27180      27480 0 0 0 0 0 1 0
     28020      28320 1 1 1 1 1 0 0
     30660      30960 1 1 1 1 1 0 0
     31740      32040 0 0 0 0 0 1 0
     34200      34500 1 1 1 1 1 0 0
     34740      35040 0 0 0 0 0 1 0
     34740      35040 0 0 0 0 0 1 0
     38400      38700 1 1 1 1 1 0 0
     38640      38940 0 0 0 0 0 1 0
     38640      38940 0 0 0 0 0 1 0
     41460      41760 0 1 0 0 0 0 0
     41460      41760 1 1 1 1 1 0 0
     41940      42240 0 0 0 0 0 1 0
     41940      42240 0 0 0 0 0 1 0
     44940      45240 1 1 1 1 1 0 0
     44940      45240 0 1 0 0 0 0 0
     45840      46140 0 0 0 0 0 1 0
     45840      46140 0 0 0 0 0 1 0
     48540      48840 1 1 1 1 1 0 0
     48540      48840 1 0 0 0 0 0 0
     48540      48840 0 1 0 0 0 0 0
     48540      48840 1 0 0 0 0 0 0
     48540      48840 0 0 0 1 0 0 0
     49140      49440 0 0 0 0 0 1 0
     49140      49440 0 0 0 0 0 1 0
     52140      52440 1 1 1 1 1 0 0
     52140      52440 0 1 0 0 0 0 0
     52140      52440 1 0 0 0 0 0 0
     52140      52440 0 0 0 1 0 0 0
     52140      52440 1 0 0 0 0 0 0
     53100      53400 0 0 0 0 0 1 0
     53100      53400 0 0 0 0 0 1 0
     55740      56040 1 1 1 1 1 0 0
     55740      56040 0 1 0 0 0 0 0
     56340      56640 0 0 0 0 0 1 0
     56340      56640 0 0 0 0 0 1 0
     59340      59640 1 1 1 1 1 0 0
     59340      59640 0 1 0 0 0 0 0
     60240      60540 0 0 0 0 0 1 0
     60240      60540 0 0 0 0 0 1 0
     62940      63240 1 1 1 1 1 0 0
     62940      63240 0 1 0 0 0 0 0
     63540      63840 0 0 0 0 0 1 0
     63540      63840 0 0 0 0 0 1 0
     65160      65460 1 1 1 1 1 0 0
     65160      65460 1 1 1 1 1 0 0
     66360      66660 1 1 1 1 1 0 0
     67440      67740 0 0 0 0 0 1 0
     67440      67740 0 0 0 0 0 1 0
     69120      69420 1 1 1 1 1 0 0
     70080      70380 1 1 1 1 1 0 0
     70080      70380 1 1 1 1 1 0 0
     70980      71280 0 0 0 0 0 1 0
     72420      72720 1 1 1 1 1 0 0
     72420      72720 1 1 1 1 1 0 0
     74640      74940 0 0 0 0 0 1 0
     74640      74940 0 0 0 0 0 1 0
     74880      75180 1 1 1 1 1 0 0
     74880      75180 0 0 1 0 0 0 0
     74880      75180 1 1 1 1 1 0 0
     77580      77880 0 0 1 0 0 0 0
     77580      77880 1 1 1 1 1 0 0
     78540      78840 0 0 0 0 0 1 0
     78540      78840 0 0 0 0 0 1 0
     80940      81240 0 0 1 0 0 0 0
     80940      81240 1 1 1 1 1 0 0
     82080      82380 0 0 0 0 0 1 0
     82080      82380 0 0 0 0 0 1 0
     84540      84840 1 1 1 1 1 0 0
     85620      85920 0 0 0 0 0 1 0
     85620      85920 0 0 0 0 0 1 0
93
