      9960      10320 1 1 1 1 1 0 0
      9960      10320 0 0 0 0 1 0 0
      9960      10320 0 0 0 0 0 1 0
      9960      10320 0 0 0 0 0 1 0
     14460      14820 1 1 1 1 1 0 0
     17040      17400 1 1 1 1 1 0 0
     19140      19500 1 1 1 1 1 0 0
     19140      19500 1 1 1 1 1 0 0
     21780      22140 1 1 1 1 1 0 0
     21780      22140 1 1 1 1 1 0 0
     24240      24600 1 1 1 1 1 0 0
     24240      24600 1 1 1 1 1 0 0
     30180      30540 1 1 1 1 1 0 0
     64620      64980 0 0 1 0 0 0 0
     64620      64980 1 1 1 1 1 0 0
     68460      68820 0 0 0 1 0 0 0
     68460      68820 0 0 1 0 0 0 0
     68460      68820 1 1 1 1 1 0 0
     71760      72120 0 0 1 0 0 0 0
     71760      72120 1 1 1 1 1 0 0
     74280      74640 1 1 1 1 1 0 0
     76980      77340 1 1 1 1 1 0 0
     81660      81960 0 0 0 0 0 1 0
23
