     14040      14220 1 1 1 1 1 0 0
     15300      15480 0 0 0 0 0 1 0
     15300      15480 0 0 0 0 0 1 0
     16620      16800 1 1 1 1 1 0 0
     21360      21540 1 1 1 1 1 0 0
     21360      21540 1 1 1 1 1 0 0
     21420      21600 0 0 0 0 0 1 0
     21420      21600 0 0 0 0 0 1 0
     25140      25320 0 0 0 0 0 1 0
     25140      25320 0 0 0 0 0 1 0
     25980      26160 1 1 1 1 1 0 0
     25980      26160 1 1 1 1 1 0 0
     28140      28320 0 0 0 0 0 1 0
     28140      28320 0 0 0 0 0 1 0
     29760      29940 1 1 1 1 1 0 0
     32160      32340 1 1 1 1 1 0 0
     32700      32880 0 0 0 0 0 1 0
     32700      32880 0 0 0 0 0 1 0
     35460      35640 0 0 0 0 1 0 0
     35460      35640 1 0 0 0 0 0 0
     35460      35640 1 1 1 1 1 0 0
     35460      35640 0 0 0 1 0 0 0
     35760      35940 0 0 0 0 0 1 0
     35760      35940 0 0 0 0 0 1 0
     39900      40080 0 0 0 0 0 1 0
     39900      40080 0 0 0 0 0 1 0
     42900      43080 0 1 0 0 0 0 0
     42900      43080 0 0 0 1 0 0 0
     42900      43080 1 1 1 1 1 0 0
     42960      43140 0 0 0 0 0 1 0
     42960      43140 0 0 0 0 0 1 0
     47100      47280 0 0 0 0 0 1 0
     47100      47280 0 0 0 0 0 1 0
     50100      50280 0 1 0 0 0 0 0
     50100      50280 1 1 1 1 1 0 0
     50160      50340 0 0 0 0 0 1 0
     50160      50340 0 0 0 0 0 1 0
     54300      54480 0 0 0 0 0 1 0
     54300      54480 0 0 0 0 0 1 0
     57300      57480 1 1 1 1 1 0 0
     57300      57480 0 1 0 0 0 0 0
     57360      57540 0 0 0 0 0 1 0
     57360      57540 0 0 0 0 0 1 0
     60900      61080 1 1 1 1 1 0 0
     60900      61080 0 1 0 0 0 0 0
     61500      61680 0 0 0 0 0 1 0
     61500      61680 0 0 0 0 0 1 0
     64200      64380 1 1 1 1 1 0 0
     64200      64380 0 0 1 0 0 0 0
     64560      64740 0 0 0 0 0 1 0
     64560      64740 0 0 0 0 0 1 0
     68040      68220 1 1 1 1 1 0 0
     68040      68220 0 0 1 0 0 0 0
     68040      68220 0 0 0 1 0 0 0
     68640      68820 0 0 0 0 0 1 0
     71340      71520 0 0 1 0 0 0 0
     71340      71520 1 1 1 1 1 0 0
     71760      71940 0 0 0 0 0 1 0
     75660      75840 0 0 0 0 0 1 0
     76560      76740 1 1 1 1 1 0 0
     78900      79080 1 1 0 1 0 0 0
     78900      79080 1 1 1 1 1 0 0
     82500      82680 1 1 1 1 0 0 0
     82500      82680 1 1 0 1 0 0 0
     82500      82680 0 0 0 1 0 0 0
     82500      82680 1 1 1 1 1 0 0
66
