       420        600 0 0 0 0 0 1 0
      3300       3480 1 1 1 1 1 0 0
      9540       9720 0 0 0 0 0 1 0
      9540       9720 0 0 0 0 1 0 0
      9540       9720 0 0 0 0 0 1 0
      9540       9720 1 1 1 1 1 0 0
     18720      18900 1 1 1 1 1 0 0
     18720      18900 1 1 1 1 1 0 0
     23820      24000 1 1 1 1 1 0 0
     23820      24000 1 1 1 1 1 0 0
     28560      28740 1 1 1 1 1 0 0
     39300      39480 0 0 0 0 1 0 0
     39300      39480 0 1 0 0 0 0 0
     39300      39480 1 0 0 0 0 0 0
     39300      39480 1 1 1 1 1 0 0
     46500      46680 0 1 0 0 0 0 0
     46500      46680 1 1 1 1 1 0 0
     53700      53880 1 1 1 1 1 0 0
     53700      53880 0 1 0 0 0 0 0
     67080      67260 1 1 1 1 1 0 0
     73860      74040 1 1 1 1 1 0 0
     81180      81360 0 0 0 0 0 1 0
     83520      83700 0 0 0 0 0 1 0
     86100      86280 1 1 1 1 1 0 0
24
