       600        840 0 0 0 0 0 1 0
      3480       3720 1 1 1 1 1 0 0
      9720       9960 0 0 0 0 0 1 0
      9720       9960 0 0 0 0 1 0 0
      9720       9960 1 1 1 1 1 0 0
      9720       9960 0 0 0 0 0 1 0
     14220      14460 1 1 1 1 1 0 0
     15480      15720 0 0 0 0 0 1 0
     15480      15720 0 0 0 0 0 1 0
     16800      17040 1 1 1 1 1 0 0
     18900      19140 1 1 1 1 1 0 0
     18900      19140 1 1 1 1 1 0 0
     21540      21780 1 1 1 1 1 0 0
     21540      21780 1 1 1 1 1 0 0
     21600      21840 0 0 0 0 0 1 0
     21600      21840 0 0 0 0 0 1 0
     24000      24240 1 1 1 1 1 0 0
     24000      24240 1 1 1 1 1 0 0
     25320      25560 0 0 0 0 0 1 0
     25320      25560 0 0 0 0 0 1 0
     26160      26400 1 1 1 1 1 0 0
     26160      26400 1 1 1 1 1 0 0
     28320      28560 0 0 0 0 0 1 0
     28320      28560 0 0 0 0 0 1 0
     28740      28980 1 1 1 1 1 0 0
     29940      30180 1 1 1 1 1 0 0
     32340      32580 1 1 1 1 1 0 0
     32880      33120 0 0 0 0 0 1 0
     32880      33120 0 0 0 0 0 1 0
     35640      35880 0 0 0 0 1 0 0
     35640      35880 1 1 1 1 1 0 0
     35640      35880 1 0 0 0 0 0 0
     35640      35880 0 0 0 1 0 0 0
     35940      36180 0 0 0 0 0 1 0
     35940      36180 0 0 0 0 0 1 0
     39480      39720 1 0 0 0 0 0 0
     39480      39720 1 1 1 1 1 0 0
     39480      39720 0 1 0 0 0 0 0
     39480      39720 0 0 0 0 1 0 0
     40080      40320 0 0 0 0 0 1 0
     40080      40320 0 0 0 0 0 1 0
     43080      43320 1 1 1 1 1 0 0
     43080      43320 0 0 0 1 0 0 0
     43080      43320 0 1 0 0 0 0 0
     43140      43380 0 0 0 0 0 1 0
     43140      43380 0 0 0 0 0 1 0
     46680      46920 1 1 1 1 1 0 0
     46680      46920 0 1 0 0 0 0 0
     47280      47520 0 0 0 0 0 1 0
     47280      47520 0 0 0 0 0 1 0
     50280      50520 0 1 0 0 0 0 0
     50280      50520 1 1 1 1 1 0 0
     50340      50580 0 0 0 0 0 1 0
     50340      50580 0 0 0 0 0 1 0
     53880      54120 1 1 1 1 1 0 0
     53880      54120 0 1 0 0 0 0 0
     54480      54720 0 0 0 0 0 1 0
     54480      54720 0 0 0 0 0 1 0
     57480      57720 0 1 0 0 0 0 0
     57480      57720 1 1 1 1 1 0 0
     57540      57780 0 0 0 0 0 1 0
     57540      57780 0 0 0 0 0 1 0
     61080      61320 0 1 0 0 0 0 0
     61080      61320 1 1 1 1 1 0 0
     61680      61920 0 0 0 0 0 1 0
     61680      61920 0 0 0 0 0 1 0
     64380      64620 1 1 1 1 1 0 0
     64380      64620 0 0 1 0 0 0 0
     64740      64980 0 0 0 0 0 1 0
     64740      64980 0 0 0 0 0 1 0
     67260      67500 1 1 1 1 1 0 0
     68220      68460 0 0 0 1 0 0 0
     68220      68460 0 0 1 0 0 0 0
     68220      68460 1 1 1 1 1 0 0
     68820      69060 0 0 0 0 0 1 0
     71520      71760 1 1 1 1 1 0 0
     71520      71760 0 0 1 0 0 0 0
     71940      72180 0 0 0 0 0 1 0
     74040      74280 1 1 1 1 1 0 0
     75840      76080 0 0 0 0 0 1 0
     76740      76980 1 1 1 1 1 0 0
     79080      79320 1 1 0 1 0 0 0
     79080      79320 1 1 1 1 1 0 0
     81360      81660 0 0 0 0 0 1 0
     82680      82920 1 1 1 1 1 0 0
     82680      82920 0 0 0 1 0 0 0
     82680      82920 1 1 1 1 0 0 0
     82680      82920 1 1 0 1 0 0 0
     83700      83940 0 0 0 0 0 1 0
     86280        120 1 1 1 1 1 0 0
90
