     12480      13020 1 1 1 1 1 0 0
     14220      14760 0 0 0 0 0 1 0
     17280      17820 1 1 1 1 1 0 0
     21540      22080 0 0 0 0 0 1 0
     21540      22080 1 1 1 1 1 0 0
     26640      27180 1 1 1 1 1 0 0
     28800      29340 0 0 0 0 0 1 0
     32220      32760 1 1 1 1 1 0 0
     36060      36600 1 1 1 1 1 0 0
     36300      36840 0 0 0 0 0 1 0
     43320      43860 0 0 0 0 0 1 0
     43740      44280 1 1 1 1 1 0 0
     50340      50880 1 1 1 1 1 0 0
     50400      50940 0 0 0 0 0 1 0
     57000      57540 1 1 1 1 1 0 0
     58140      58680 0 0 0 0 0 1 0
     60720      61260 1 1 1 1 1 0 0
     64440      64980 1 1 1 1 1 0 0
     64920      65460 0 0 0 0 0 1 0
     68220      68760 1 1 1 1 1 0 0
     72060      72600 1 1 1 1 1 0 0
     72240      72780 0 0 0 0 0 1 0
     76380      76920 1 1 1 1 1 0 0
23
