     15840      16320 1 1 1 1 1 0 0
     20160      20700 0 0 0 0 0 1 0
     20160      20700 1 1 1 1 1 0 0
     24300      24840 0 0 0 0 0 1 0
     25260      25800 1 1 1 1 1 0 0
     30900      31440 1 1 1 1 1 0 0
     31860      32400 0 0 0 0 0 1 0
     34680      35220 1 1 1 1 1 0 0
     39000      39540 0 0 0 0 0 1 0
     42060      42600 1 1 1 1 1 0 0
     46080      46620 0 0 0 0 0 1 0
     48840      49380 1 1 1 1 1 0 0
     53220      53700 0 0 0 0 0 1 0
     54060      54600 1 1 1 1 1 0 0
     59400      59940 1 1 1 1 1 0 0
     60720      61260 0 0 0 0 0 1 0
     63120      63660 1 1 1 1 1 0 0
     66840      67380 1 1 1 1 1 0 0
     67620      68160 0 0 0 0 0 1 0
     70620      71160 1 1 1 1 1 0 0
     74880      75420 0 0 0 0 0 1 0
     75000      75540 1 1 1 1 1 0 0
     81060      81600 1 1 1 1 1 0 0
23
