     15300      15840 1 1 1 1 1 0 0
     19560      20160 0 0 0 0 0 1 0
     19620      20160 1 1 1 1 1 0 0
     23760      24300 0 0 0 0 0 1 0
     24720      25260 1 1 1 1 1 0 0
     30360      30900 1 1 1 1 1 0 0
     31320      31860 0 0 0 0 0 1 0
     34140      34680 1 1 1 1 1 0 0
     38460      39000 0 0 0 0 0 1 0
     41520      42060 1 1 1 1 1 0 0
     45540      46080 0 0 0 0 0 1 0
     48300      48840 1 1 1 1 1 0 0
     52680      53220 0 0 0 0 0 1 0
     58860      59400 1 1 1 1 1 0 0
     60180      60720 0 0 0 0 0 1 0
     62580      63120 1 1 1 1 1 0 0
     66300      66840 1 1 1 1 1 0 0
     67080      67620 0 0 0 0 0 1 0
     70080      70620 1 1 1 1 1 0 0
     74340      74880 0 0 0 0 0 1 0
     74460      75000 1 1 1 1 1 0 0
     80520      81060 1 1 1 1 1 0 0
22
