     13020      13560 1 1 1 1 1 0 0
     14820      15420 0 0 0 0 0 1 0
     17820      18360 1 1 1 1 1 0 0
     22080      22620 1 1 1 1 1 0 0
     22080      22680 0 0 0 0 0 1 0
     27180      27720 1 1 1 1 1 0 0
     29340      29940 0 0 0 0 0 1 0
     32760      33300 1 1 1 1 1 0 0
     36600      37140 1 1 1 1 1 0 0
     36840      37440 0 0 0 0 0 1 0
     43860      44460 0 0 0 0 0 1 0
     44280      44820 1 1 1 1 1 0 0
     50880      51420 1 1 1 1 1 0 0
     50940      51540 0 0 0 0 0 1 0
     57540      58080 1 1 1 1 1 0 0
     58680      59280 0 0 0 0 0 1 0
     61260      61800 1 1 1 1 1 0 0
     64980      65520 1 1 1 1 1 0 0
     65460      66060 0 0 0 0 0 1 0
     68760      69300 1 1 1 1 1 0 0
     72600      73140 1 1 1 1 1 0 0
     72780      73380 0 0 0 0 0 1 0
     76920      77460 1 1 1 1 1 0 0
23
