     14700      15300 1 1 1 1 1 0 0
     18960      19560 0 0 0 0 0 1 0
     19080      19620 1 1 1 1 1 0 0
     23160      23760 0 0 0 0 0 1 0
     24180      24720 1 1 1 1 1 0 0
     29820      30360 1 1 1 1 1 0 0
     30720      31320 0 0 0 0 0 1 0
     33600      34140 1 1 1 1 1 0 0
     37860      38460 0 0 0 0 0 1 0
     40980      41520 1 1 1 1 1 0 0
     44940      45540 0 0 0 0 0 1 0
     47760      48300 1 1 1 1 1 0 0
     52140      52680 0 0 0 0 0 1 0
     52260      52860 1 1 1 1 1 0 0
     58320      58860 1 1 1 1 1 0 0
     59580      60180 0 0 0 0 0 1 0
     62040      62580 1 1 1 1 1 0 0
     65760      66300 1 1 1 1 1 0 0
     66480      67080 0 0 0 0 0 1 0
     69540      70080 1 1 1 1 1 0 0
     73680      74280 0 0 0 0 0 1 0
     73860      74460 1 1 1 1 1 0 0
