202291	202761	180	59700	59520	1	1	1	1	1	0	0	172.TA.2-SCO-sj2-1.14.H
202761	201171	180	59880	59700	1	1	1	1	1	0	0	172.TA.2-SCO-sj2-1.14.H
201171	2000361	120	60000	59880	1	1	1	1	1	0	0	172.TA.2-SCO-sj2-1.14.H
2000361	2000394	120	60120	60000	1	1	1	1	1	0	0	172.TA.2-SCO-sj2-1.14.H
2000394	2000345	120	60300	60180	1	1	1	1	1	0	0	172.TA.2-SCO-sj2-1.14.H
2000345	2015142	120	60480	60360	1	1	1	1	1	0	0	172.TA.2-SCO-sj2-1.14.H
2015142	2205114	480	60960	60480	1	1	1	1	1	0	0	172.TA.2-SCO-sj2-1.14.H
2205114	2220364	480	61440	60960	1	1	1	1	1	0	0	172.TA.2-SCO-sj2-1.14.H
2220364	2232292	600	62100	61500	1	1	1	1	1	0	0	172.TA.2-SCO-sj2-1.14.H
2232292	2508162	1260	63420	62160	1	1	1	1	1	0	0	172.TA.2-SCO-sj2-1.14.H
2508162	2515142	1500	64920	63420	1	1	1	1	1	0	0	172.TA.2-SCO-sj2-1.14.H
2515142	2500392	540	65460	64920	1	1	1	1	1	0	0	172.TA.2-SCO-sj2-1.14.H
2500392	2500402	180	65640	65460	1	1	1	1	1	0	0	172.TA.2-SCO-sj2-1.14.H
202291	202761	180	56760	56580	0	0	0	0	0	1	1	244.TA.2-SCO-sj2-1.20.H
202761	201171	180	56940	56760	0	0	0	0	0	1	1	244.TA.2-SCO-sj2-1.20.H
201171	2000361	120	57060	56940	0	0	0	0	0	1	1	244.TA.2-SCO-sj2-1.20.H
2000361	2000394	60	57180	57120	0	0	0	0	0	1	1	244.TA.2-SCO-sj2-1.20.H
2000394	2000345	120	57360	57240	0	0	0	0	0	1	1	244.TA.2-SCO-sj2-1.20.H
2000345	2015142	120	57660	57540	0	0	0	0	0	1	1	244.TA.2-SCO-sj2-1.20.H
2015142	2205114	480	58140	57660	0	0	0	0	0	1	1	244.TA.2-SCO-sj2-1.20.H
2205114	2220364	540	58680	58140	0	0	0	0	0	1	1	244.TA.2-SCO-sj2-1.20.H
2220364	2232292	660	59400	58740	0	0	0	0	0	1	1	244.TA.2-SCO-sj2-1.20.H
2232292	2233291	780	60240	59460	0	0	0	0	0	1	1	244.TA.2-SCO-sj2-1.20.H
2233291	2508162	540	60780	60240	0	0	0	0	0	1	1	244.TA.2-SCO-sj2-1.20.H
2508162	2515142	1500	62280	60780	0	0	0	0	0	1	1	244.TA.2-SCO-sj2-1.20.H
2515142	2500392	540	62820	62280	0	0	0	0	0	1	1	244.TA.2-SCO-sj2-1.20.H
2500392	2500401	180	63000	62820	0	0	0	0	0	1	1	244.TA.2-SCO-sj2-1.20.H
