2000323
2000324
2000325
2000326
2000327
2000328
2000333
2000334
2000336
2000338
2000339
2000344
2000345
2000361
2000362
2000394
2000395
201171
201172
2015131
2015132
2015135
2015136
2015137
2015138
2015141
2015142
202291
202292
202761
202762
204473
204474
204475
204476
204483
204484
2205113
2205114
220591
220592
220593
220594
2216161
2216162
2216163
2216164
2216172
2216173
2216174
2216175
2217191
2217192
2217193
2217194
221891
221892
221893
221894
2220351
2220352
2220353
2220354
2220361
2220362
2220363
2220364
2222131
2222132
2223291
2223292
2223301
2223302
2226101
2226102
2226111
2226112
2227101
2227102
2228131
2228132
2229221
2229222
2230211
2230212
2230221
2230222
2232271
2232272
2232281
2232282
2232291
2232292
2232293
2233271
2233272
2233281
2233282
2233291
2233292
2500371
2500372
2500381
2500391
2500392
2500401
2500402
2505101
2505111
250581
250582
250592
2508151
2508152
2508161
2508162
2508171
2508172
2508181
2508182
2515111
2515112
2515121
2515122
2515131
2515132
2515141
2515142
2515143
2515151
2515152
251671
251672
251781
251782
2518131
2518132
2518141
2518142
2518151
2518152
2519131
2519132
2526161
2526171
2526172
2527161
2527162
2529201
2529219
2529220
2530231
2530232
2530233
2533201
2533211
2533212
2533221
253481
253591
2541191
2000323
2000324
2000325
2000326
2000327
2000328
2000333
2000334
2000336
2000338
2000339
2000344
2000345
2000361
2000362
2000394
2000395
201171
201172
2015131
2015132
2015135
2015136
2015137
2015138
2015141
2015142
202291
202292
202761
202762
204473
204474
204475
204476
204483
204484
2205113
2205114
220591
220592
220593
220594
2216161
2216162
2216163
2216164
2216172
2216173
2216174
2216175
2217191
2217192
2217193
2217194
221891
221892
221893
221894
2220351
2220352
2220353
2220354
2220361
2220362
2220363
2220364
2222131
2222132
2223291
2223292
2223301
2223302
2226101
2226102
2226111
2226112
2227101
2227102
2228131
2228132
2229221
2229222
2230211
2230212
2230221
2230222
2232271
2232272
2232281
2232282
2232291
2232292
2232293
2233271
2233272
2233281
2233282
2233291
2233292
2500371
2500372
2500381
2500391
2500392
2500401
2500402
2505101
2505111
250581
250582
250592
2508151
2508152
2508161
2508162
2508171
2508172
2508181
2508182
2515111
2515112
2515121
2515122
2515131
2515132
2515141
2515142
2515143
2515151
2515152
251671
251672
251781
251782
2518131
2518132
2518141
2518142
2518151
2518152
2519131
2519132
2526161
2526171
2526172
2527161
2527162
2529201
2529219
2529220
2530231
2530232
2530233
2533201
2533211
2533212
2533221
253481
253591
2541191
2000323
2000324
2000325
2000326
2000327
2000328
2000333
2000334
2000336
2000338
2000339
2000344
2000345
2000361
2000362
2000394
2000395
201171
201172
2015131
2015132
2015135
2015136
2015137
2015138
2015141
2015142
202291
202292
202761
202762
204473
204474
204475
204476
204483
204484
2205113
2205114
220591
220592
220593
220594
2216161
2216162
2216163
2216164
2216172
2216173
2216174
2216175
2217191
2217192
2217193
2217194
221891
221892
221893
221894
2220351
2220352
2220353
2220354
2220361
2220362
2220363
2220364
2222131
2222132
2223291
2223292
2223301
2223302
2226101
2226102
2226111
2226112
2227101
2227102
2228131
2228132
2229221
2229222
2230211
2230212
2230221
2230222
2232271
2232272
2232281
2232282
2232291
2232292
2232293
2233271
2233272
2233281
2233282
2233291
2233292
2500371
2500372
2500381
2500391
2500392
2500401
2500402
2505101
2505111
250581
250582
250592
2508151
2508152
2508161
2508162
2508171
2508172
2508181
2508182
2515111
2515112
2515121
2515122
2515131
2515132
2515141
2515142
2515143
2515151
2515152
251671
251672
251781
251782
2518131
2518132
2518141
2518142
2518151
2518152
2519131
2519132
2526161
2526171
2526172
2527161
2527162
2529201
2529219
2529220
2530231
2530232
2530233
2533201
2533211
2533212
2533221
253481
253591
2541191
2000323
2000324
2000325
2000326
2000327
2000328
2000333
2000334
2000336
2000338
2000339
2000344
2000345
2000361
2000362
2000394
2000395
201171
201172
2015131
2015132
2015135
2015136
2015137
2015138
2015141
2015142
202291
202292
202761
202762
204473
204474
204475
204476
204483
204484
2205113
2205114
220591
220592
220593
220594
2216161
2216162
2216163
2216164
2216172
2216173
2216174
2216175
2217191
2217192
2217193
2217194
221891
221892
221893
221894
2220351
2220352
2220353
2220354
2220361
2220362
2220363
2220364
2222131
2222132
2223291
2223292
2223301
2223302
2226101
2226102
2226111
2226112
2227101
2227102
2228131
2228132
2229221
2229222
2230211
2230212
2230221
2230222
2232271
2232272
2232281
2232282
2232291
2232292
2232293
2233271
2233272
2233281
2233282
2233291
2233292
2500371
2500372
2500381
2500391
2500392
2500401
2500402
2505101
2505111
250581
250582
250592
2508151
2508152
2508161
2508162
2508171
2508172
2508181
2508182
2515111
2515112
2515121
2515122
2515131
2515132
2515141
2515142
2515143
2515151
2515152
251671
251672
251781
251782
2518131
2518132
2518141
2518142
2518151
2518152
2519131
2519132
2526161
2526171
2526172
2527161
2527162
2529201
2529219
2529220
2530231
2530232
2530233
2533201
2533211
2533212
2533221
253481
253591
2541191
2000323
2000324
2000325
2000326
2000327
2000328
2000333
2000334
2000336
2000338
2000339
2000344
2000345
2000361
2000362
2000394
2000395
201171
201172
2015131
2015132
2015135
2015136
2015137
2015138
2015141
2015142
202291
202292
202761
202762
204473
204474
204475
204476
204483
204484
2205113
2205114
220591
220592
220593
220594
2216161
2216162
2216163
2216164
2216172
2216173
2216174
2216175
2217191
2217192
2217193
2217194
221891
221892
221893
221894
2220351
2220352
2220353
2220354
2220361
2220362
2220363
2220364
2222131
2222132
2223291
2223292
2223301
2223302
2226101
2226102
2226111
2226112
2227101
2227102
2228131
2228132
2229221
2229222
2230211
2230212
2230221
2230222
2232271
2232272
2232281
2232282
2232291
2232292
2232293
2233271
2233272
2233281
2233282
2233291
2233292
2500371
2500372
2500381
2500391
2500392
2500401
2500402
2505101
2505111
250581
250582
250592
2508151
2508152
2508161
2508162
2508171
2508172
2508181
2508182
2515111
2515112
2515121
2515122
2515131
2515132
2515141
2515142
2515143
2515151
2515152
251671
251672
251781
251782
2518131
2518132
2518141
2518142
2518151
2518152
2519131
2519132
2526161
2526171
2526172
2527161
2527162
2529201
2529219
2529220
2530231
2530232
2530233
2533201
2533211
2533212
2533221
253481
253591
2541191
2000323
2000324
2000325
2000326
2000327
2000328
2000333
2000334
2000336
2000338
2000339
2000344
2000345
2000361
2000362
2000394
2000395
201171
201172
2015131
2015132
2015135
2015136
2015137
2015138
2015141
2015142
202291
202292
202761
202762
204473
204474
204475
204476
204483
204484
2205113
2205114
220591
220592
220593
220594
2216161
2216162
2216163
2216164
2216172
2216173
2216174
2216175
2217191
2217192
2217193
2217194
221891
221892
221893
221894
2220351
2220352
2220353
2220354
2220361
2220362
2220363
2220364
2222131
2222132
2223291
2223292
2223301
2223302
2226101
2226102
2226111
2226112
2227101
2227102
2228131
2228132
2229221
2229222
2230211
2230212
2230221
2230222
2232271
2232272
2232281
2232282
2232291
2232292
2232293
2233271
2233272
2233281
2233282
2233291
2233292
2500371
2500372
2500381
2500391
2500392
2500401
2500402
2505101
2505111
250581
250582
250592
2508151
2508152
2508161
2508162
2508171
2508172
2508181
2508182
2515111
2515112
2515121
2515122
2515131
2515132
2515141
2515142
2515143
2515151
2515152
251671
251672
251781
251782
2518131
2518132
2518141
2518142
2518151
2518152
2519131
2519132
2526161
2526171
2526172
2527161
2527162
2529201
2529219
2529220
2530231
2530232
2530233
2533201
2533211
2533212
2533221
253481
253591
2541191
2000323
2000324
2000325
2000326
2000327
2000328
2000333
2000334
2000336
2000338
2000339
2000344
2000345
2000361
2000362
2000394
2000395
201171
201172
2015131
2015132
2015135
2015136
2015137
2015138
2015141
2015142
202291
202292
202761
202762
204473
204474
204475
204476
204483
204484
2205113
2205114
220591
220592
220593
220594
2216161
2216162
2216163
2216164
2216172
2216173
2216174
2216175
2217191
2217192
2217193
2217194
221891
221892
221893
221894
2220351
2220352
2220353
2220354
2220361
2220362
2220363
2220364
2222131
2222132
2223291
2223292
2223301
2223302
2226101
2226102
2226111
2226112
2227101
2227102
2228131
2228132
2229221
2229222
2230211
2230212
2230221
2230222
2232271
2232272
2232281
2232282
2232291
2232292
2232293
2233271
2233272
2233281
2233282
2233291
2233292
2500371
2500372
2500381
2500391
2500392
2500401
2500402
2505101
2505111
250581
250582
250592
2508151
2508152
2508161
2508162
2508171
2508172
2508181
2508182
2515111
2515112
2515121
2515122
2515131
2515132
2515141
2515142
2515143
2515151
2515152
251671
251672
251781
251782
2518131
2518132
2518141
2518142
2518151
2518152
2519131
2519132
2526161
2526171
2526172
2527161
2527162
2529201
2529219
2529220
2530231
2530232
2530233
2533201
2533211
2533212
2533221
253481
253591
2541191
2000323
2000324
2000325
2000326
2000327
2000328
2000333
2000334
2000336
2000338
2000339
2000344
2000345
2000361
2000362
2000394
2000395
201171
201172
2015131
2015132
2015135
2015136
2015137
2015138
2015141
2015142
202291
202292
202761
202762
204473
204474
204475
204476
204483
204484
2205113
2205114
220591
220592
220593
220594
2216161
2216162
2216163
2216164
2216172
2216173
2216174
2216175
2217191
2217192
2217193
2217194
221891
221892
221893
221894
2220351
2220352
2220353
2220354
2220361
2220362
2220363
2220364
2222131
2222132
2223291
2223292
2223301
2223302
2226101
2226102
2226111
2226112
2227101
2227102
2228131
2228132
2229221
2229222
2230211
2230212
2230221
2230222
2232271
2232272
2232281
2232282
2232291
2232292
2232293
2233271
2233272
2233281
2233282
2233291
2233292
2500371
2500372
2500381
2500391
2500392
2500401
2500402
2505101
2505111
250581
250582
250592
2508151
2508152
2508161
2508162
2508171
2508172
2508181
2508182
2515111
2515112
2515121
2515122
2515131
2515132
2515141
2515142
2515143
2515151
2515152
251671
251672
251781
251782
2518131
2518132
2518141
2518142
2518151
2518152
2519131
2519132
2526161
2526171
2526172
2527161
2527162
2529201
2529219
2529220
2530231
2530232
2530233
2533201
2533211
2533212
2533221
253481
253591
2541191
2000323
2000324
2000325
2000326
2000327
2000328
2000333
2000334
2000336
2000338
2000339
2000344
2000345
2000361
2000362
2000394
2000395
201171
201172
2015131
2015132
2015135
2015136
2015137
2015138
2015141
2015142
202291
202292
202761
202762
204473
204474
204475
204476
204483
204484
2205113
2205114
220591
220592
220593
220594
2216161
2216162
2216163
2216164
2216172
2216173
2216174
2216175
2217191
2217192
2217193
2217194
221891
221892
221893
221894
2220351
2220352
2220353
2220354
2220361
2220362
2220363
2220364
2222131
2222132
2223291
2223292
2223301
2223302
2226101
2226102
2226111
2226112
2227101
2227102
2228131
2228132
2229221
2229222
2230211
2230212
2230221
2230222
2232271
2232272
2232281
2232282
2232291
2232292
2232293
2233271
2233272
2233281
2233282
2233291
2233292
2500371
2500372
2500381
2500391
2500392
2500401
2500402
2505101
2505111
250581
250582
250592
2508151
2508152
2508161
2508162
2508171
2508172
2508181
2508182
2515111
2515112
2515121
2515122
2515131
2515132
2515141
2515142
2515143
2515151
2515152
251671
251672
251781
251782
2518131
2518132
2518141
2518142
2518151
2518152
2519131
2519132
2526161
2526171
2526172
2527161
2527162
2529201
2529219
2529220
2530231
2530232
2530233
2533201
2533211
2533212
2533221
253481
253591
2541191
2000323
2000324
2000325
2000326
2000327
2000328
2000333
2000334
2000336
2000338
2000339
2000344
2000345
2000361
2000362
2000394
2000395
201171
201172
2015131
2015132
2015135
2015136
2015137
2015138
2015141
2015142
202291
202292
202761
202762
204473
204474
204475
204476
204483
204484
2205113
2205114
220591
220592
220593
220594
2216161
2216162
2216163
2216164
2216172
2216173
2216174
2216175
2217191
2217192
2217193
2217194
221891
221892
221893
221894
2220351
2220352
2220353
2220354
2220361
2220362
2220363
2220364
2222131
2222132
2223291
2223292
2223301
2223302
2226101
2226102
2226111
2226112
2227101
2227102
2228131
2228132
2229221
2229222
2230211
2230212
2230221
2230222
2232271
2232272
2232281
2232282
2232291
2232292
2232293
2233271
2233272
2233281
2233282
2233291
2233292
2500371
2500372
2500381
2500391
2500392
2500401
2500402
2505101
2505111
250581
250582
250592
2508151
2508152
2508161
2508162
2508171
2508172
2508181
2508182
2515111
2515112
2515121
2515122
2515131
2515132
2515141
2515142
2515143
2515151
2515152
251671
251672
251781
251782
2518131
2518132
2518141
2518142
2518151
2518152
2519131
2519132
2526161
2526171
2526172
2527161
2527162
2529201
2529219
2529220
2530231
2530232
2530233
2533201
2533211
2533212
2533221
253481
253591
2541191
2000323
2000324
2000325
2000326
2000327
2000328
2000333
2000334
2000336
2000338
2000339
2000344
2000345
2000361
2000362
2000394
2000395
201171
201172
2015131
2015132
2015135
2015136
2015137
2015138
2015141
2015142
202291
202292
202761
202762
204473
204474
204475
204476
204483
204484
2205113
2205114
220591
220592
220593
220594
2216161
2216162
2216163
2216164
2216172
2216173
2216174
2216175
2217191
2217192
2217193
2217194
221891
221892
221893
221894
2220351
2220352
2220353
2220354
2220361
2220362
2220363
2220364
2222131
2222132
2223291
2223292
2223301
2223302
2226101
2226102
2226111
2226112
2227101
2227102
2228131
2228132
2229221
2229222
2230211
2230212
2230221
2230222
2232271
2232272
2232281
2232282
2232291
2232292
2232293
2233271
2233272
2233281
2233282
2233291
2233292
2500371
2500372
2500381
2500391
2500392
2500401
2500402
2505101
2505111
250581
250582
250592
2508151
2508152
2508161
2508162
2508171
2508172
2508181
2508182
2515111
2515112
2515121
2515122
2515131
2515132
2515141
2515142
2515143
2515151
2515152
251671
251672
251781
251782
2518131
2518132
2518141
2518142
2518151
2518152
2519131
2519132
2526161
2526171
2526172
2527161
2527162
2529201
2529219
2529220
2530231
2530232
2530233
2533201
2533211
2533212
2533221
253481
253591
2541191
2000323
2000324
2000325
2000326
2000327
2000328
2000333
2000334
2000336
2000338
2000339
2000344
2000345
2000361
2000362
2000394
2000395
201171
201172
2015131
2015132
2015135
2015136
2015137
2015138
2015141
2015142
202291
202292
202761
202762
204473
204474
204475
204476
204483
204484
2205113
2205114
220591
220592
220593
220594
2216161
2216162
2216163
2216164
2216172
2216173
2216174
2216175
2217191
2217192
2217193
2217194
221891
221892
221893
221894
2220351
2220352
2220353
2220354
2220361
2220362
2220363
2220364
2222131
2222132
2223291
2223292
2223301
2223302
2226101
2226102
2226111
2226112
2227101
2227102
2228131
2228132
2229221
2229222
2230211
2230212
2230221
2230222
2232271
2232272
2232281
2232282
2232291
2232292
2232293
2233271
2233272
2233281
2233282
2233291
2233292
2500371
2500372
2500381
2500391
2500392
2500401
2500402
2505101
2505111
250581
250582
250592
2508151
2508152
2508161
2508162
2508171
2508172
2508181
2508182
2515111
2515112
2515121
2515122
2515131
2515132
2515141
2515142
2515143
2515151
2515152
251671
251672
251781
251782
2518131
2518132
2518141
2518142
2518151
2518152
2519131
2519132
2526161
2526171
2526172
2527161
2527162
2529201
2529219
2529220
2530231
2530232
2530233
2533201
2533211
2533212
2533221
253481
253591
2541191
2000323
2000324
2000325
2000326
2000327
2000328
2000333
2000334
2000336
2000338
2000339
2000344
2000345
2000361
2000362
2000394
2000395
201171
201172
2015131
2015132
2015135
2015136
2015137
2015138
2015141
2015142
202291
202292
202761
202762
204473
204474
204475
204476
204483
204484
2205113
2205114
220591
220592
220593
220594
2216161
2216162
2216163
2216164
2216172
2216173
2216174
2216175
2217191
2217192
2217193
2217194
221891
221892
221893
221894
2220351
2220352
2220353
2220354
2220361
2220362
2220363
2220364
2222131
2222132
2223291
2223292
2223301
2223302
2226101
2226102
2226111
2226112
2227101
2227102
2228131
2228132
2229221
2229222
2230211
2230212
2230221
2230222
2232271
2232272
2232281
2232282
2232291
2232292
2232293
2233271
2233272
2233281
2233282
2233291
2233292
2500371
2500372
2500381
2500391
2500392
2500401
2500402
2505101
2505111
250581
250582
250592
2508151
2508152
2508161
2508162
2508171
2508172
2508181
2508182
2515111
2515112
2515121
2515122
2515131
2515132
2515141
2515142
2515143
2515151
2515152
251671
251672
251781
251782
2518131
2518132
2518141
2518142
2518151
2518152
2519131
2519132
2526161
2526171
2526172
2527161
2527162
2529201
2529219
2529220
2530231
2530232
2530233
2533201
2533211
2533212
2533221
253481
253591
2541191
2000323
2000324
2000325
2000326
2000327
2000328
2000333
2000334
2000336
2000338
2000339
2000344
2000345
2000361
2000362
2000394
2000395
201171
201172
2015131
2015132
2015135
2015136
2015137
2015138
2015141
2015142
202291
202292
202761
202762
204473
204474
204475
204476
204483
204484
2205113
2205114
220591
220592
220593
220594
2216161
2216162
2216163
2216164
2216172
2216173
2216174
2216175
2217191
2217192
2217193
2217194
221891
221892
221893
221894
2220351
2220352
2220353
2220354
2220361
2220362
2220363
2220364
2222131
2222132
2223291
2223292
2223301
2223302
2226101
2226102
2226111
2226112
2227101
2227102
2228131
2228132
2229221
2229222
2230211
2230212
2230221
2230222
2232271
2232272
2232281
2232282
2232291
2232292
2232293
2233271
2233272
2233281
2233282
2233291
2233292
2500371
2500372
2500381
2500391
2500392
2500401
2500402
2505101
2505111
250581
250582
250592
2508151
2508152
2508161
2508162
2508171
2508172
2508181
2508182
2515111
2515112
2515121
2515122
2515131
2515132
2515141
2515142
2515143
2515151
2515152
251671
251672
251781
251782
2518131
2518132
2518141
2518142
2518151
2518152
2519131
2519132
2526161
2526171
2526172
2527161
2527162
2529201
2529219
2529220
2530231
2530232
2530233
2533201
2533211
2533212
2533221
253481
253591
2541191
2000323
2000324
2000325
2000326
2000327
2000328
2000333
2000334
2000336
2000338
2000339
2000344
2000345
2000361
2000362
2000394
2000395
201171
201172
2015131
2015132
2015135
2015136
2015137
2015138
2015141
2015142
202291
202292
202761
202762
204473
204474
204475
204476
204483
204484
2205113
2205114
220591
220592
220593
220594
2216161
2216162
2216163
2216164
2216172
2216173
2216174
2216175
2217191
2217192
2217193
2217194
221891
221892
221893
221894
2220351
2220352
2220353
2220354
2220361
2220362
2220363
2220364
2222131
2222132
2223291
2223292
2223301
2223302
2226101
2226102
2226111
2226112
2227101
2227102
2228131
2228132
2229221
2229222
2230211
2230212
2230221
2230222
2232271
2232272
2232281
2232282
2232291
2232292
2232293
2233271
2233272
2233281
2233282
2233291
2233292
2500371
2500372
2500381
2500391
2500392
2500401
2500402
2505101
2505111
250581
250582
250592
2508151
2508152
2508161
2508162
2508171
2508172
2508181
2508182
2515111
2515112
2515121
2515122
2515131
2515132
2515141
2515142
2515143
2515151
2515152
251671
251672
251781
251782
2518131
2518132
2518141
2518142
2518151
2518152
2519131
2519132
2526161
2526171
2526172
2527161
2527162
2529201
2529219
2529220
2530231
2530232
2530233
2533201
2533211
2533212
2533221
253481
253591
2541191
2000323
2000324
2000325
2000326
2000327
2000328
2000333
2000334
2000336
2000338
2000339
2000344
2000345
2000361
2000362
2000394
2000395
201171
201172
2015131
2015132
2015135
2015136
2015137
2015138
2015141
2015142
202291
202292
202761
202762
204473
204474
204475
204476
204483
204484
2205113
2205114
220591
220592
220593
220594
2216161
2216162
2216163
2216164
2216172
2216173
2216174
2216175
2217191
2217192
2217193
2217194
221891
221892
221893
221894
2220351
2220352
2220353
2220354
2220361
2220362
2220363
2220364
2222131
2222132
2223291
2223292
2223301
2223302
2226101
2226102
2226111
2226112
2227101
2227102
2228131
2228132
2229221
2229222
2230211
2230212
2230221
2230222
2232271
2232272
2232281
2232282
2232291
2232292
2232293
2233271
2233272
2233281
2233282
2233291
2233292
2500371
2500372
2500381
2500391
2500392
2500401
2500402
2505101
2505111
250581
250582
250592
2508151
2508152
2508161
2508162
2508171
2508172
2508181
2508182
2515111
2515112
2515121
2515122
2515131
2515132
2515141
2515142
2515143
2515151
2515152
251671
251672
251781
251782
2518131
2518132
2518141
2518142
2518151
2518152
2519131
2519132
2526161
2526171
2526172
2527161
2527162
2529201
2529219
2529220
2530231
2530232
2530233
2533201
2533211
2533212
2533221
253481
253591
2541191
2000323
2000324
2000325
2000326
2000327
2000328
2000333
2000334
2000336
2000338
2000339
2000344
2000345
2000361
2000362
2000394
2000395
201171
201172
2015131
2015132
2015135
2015136
2015137
2015138
2015141
2015142
202291
202292
202761
202762
204473
204474
204475
204476
204483
204484
2205113
2205114
220591
220592
220593
220594
2216161
2216162
2216163
2216164
2216172
2216173
2216174
2216175
2217191
2217192
2217193
2217194
221891
221892
221893
221894
2220351
2220352
2220353
2220354
2220361
2220362
2220363
2220364
2222131
2222132
2223291
2223292
2223301
2223302
2226101
2226102
2226111
2226112
2227101
2227102
2228131
2228132
2229221
2229222
2230211
2230212
2230221
2230222
2232271
2232272
2232281
2232282
2232291
2232292
2232293
2233271
2233272
2233281
2233282
2233291
2233292
2500371
2500372
2500381
2500391
2500392
2500401
2500402
2505101
2505111
250581
250582
250592
2508151
2508152
2508161
2508162
2508171
2508172
2508181
2508182
2515111
2515112
2515121
2515122
2515131
2515132
2515141
2515142
2515143
2515151
2515152
251671
251672
251781
251782
2518131
2518132
2518141
2518142
2518151
2518152
2519131
2519132
2526161
2526171
2526172
2527161
2527162
2529201
2529219
2529220
2530231
2530232
2530233
2533201
2533211
2533212
2533221
253481
253591
2541191
2000323
2000324
2000325
2000326
2000327
2000328
2000333
2000334
2000336
2000338
2000339
2000344
2000345
2000361
2000362
2000394
2000395
201171
201172
2015131
2015132
2015135
2015136
2015137
2015138
2015141
2015142
202291
202292
202761
202762
204473
204474
204475
204476
204483
204484
2205113
2205114
220591
220592
220593
220594
2216161
2216162
2216163
2216164
2216172
2216173
2216174
2216175
2217191
2217192
2217193
2217194
221891
221892
221893
221894
2220351
2220352
2220353
2220354
2220361
2220362
2220363
2220364
2222131
2222132
2223291
2223292
2223301
2223302
2226101
2226102
2226111
2226112
2227101
2227102
2228131
2228132
2229221
2229222
2230211
2230212
2230221
2230222
2232271
2232272
2232281
2232282
2232291
2232292
2232293
2233271
2233272
2233281
2233282
2233291
2233292
2500371
2500372
2500381
2500391
2500392
2500401
2500402
2505101
2505111
250581
250582
250592
2508151
2508152
2508161
2508162
2508171
2508172
2508181
2508182
2515111
2515112
2515121
2515122
2515131
2515132
2515141
2515142
2515143
2515151
2515152
251671
251672
251781
251782
2518131
2518132
2518141
2518142
2518151
2518152
2519131
2519132
2526161
2526171
2526172
2527161
2527162
2529201
2529219
2529220
2530231
2530232
2530233
2533201
2533211
2533212
2533221
253481
253591
2541191
2000323
2000324
2000325
2000326
2000327
2000328
2000333
2000334
2000336
2000338
2000339
2000344
2000345
2000361
2000362
2000394
2000395
201171
201172
2015131
2015132
2015135
2015136
2015137
2015138
2015141
2015142
202291
202292
202761
202762
204473
204474
204475
204476
204483
204484
2205113
2205114
220591
220592
220593
220594
2216161
2216162
2216163
2216164
2216172
2216173
2216174
2216175
2217191
2217192
2217193
2217194
221891
221892
221893
221894
2220351
2220352
2220353
2220354
2220361
2220362
2220363
2220364
2222131
2222132
2223291
2223292
2223301
2223302
2226101
2226102
2226111
2226112
2227101
2227102
2228131
2228132
2229221
2229222
2230211
2230212
2230221
2230222
2232271
2232272
2232281
2232282
2232291
2232292
2232293
2233271
2233272
2233281
2233282
2233291
2233292
2500371
2500372
2500381
2500391
2500392
2500401
2500402
2505101
2505111
250581
250582
250592
2508151
2508152
2508161
2508162
2508171
2508172
2508181
2508182
2515111
2515112
2515121
2515122
2515131
2515132
2515141
2515142
2515143
2515151
2515152
251671
251672
251781
251782
2518131
2518132
2518141
2518142
2518151
2518152
2519131
2519132
2526161
2526171
2526172
2527161
2527162
2529201
2529219
2529220
2530231
2530232
2530233
2533201
2533211
2533212
2533221
253481
253591
2541191
2000323
2000324
2000325
2000326
2000327
2000328
2000333
2000334
2000336
2000338
2000339
2000344
2000345
2000361
2000362
2000394
2000395
201171
201172
2015131
2015132
2015135
2015136
2015137
2015138
2015141
2015142
202291
202292
202761
202762
204473
204474
204475
204476
204483
204484
2205113
2205114
220591
220592
220593
220594
2216161
2216162
2216163
2216164
2216172
2216173
2216174
2216175
2217191
2217192
2217193
2217194
221891
221892
221893
221894
2220351
2220352
2220353
2220354
2220361
2220362
2220363
2220364
2222131
2222132
2223291
2223292
2223301
2223302
2226101
2226102
2226111
2226112
2227101
2227102
2228131
2228132
2229221
2229222
2230211
2230212
2230221
2230222
2232271
2232272
2232281
2232282
2232291
2232292
2232293
2233271
2233272
2233281
2233282
2233291
2233292
2500371
2500372
2500381
2500391
2500392
2500401
2500402
2505101
2505111
250581
250582
250592
2508151
2508152
2508161
2508162
2508171
2508172
2508181
2508182
2515111
2515112
2515121
2515122
2515131
2515132
2515141
2515142
2515143
2515151
2515152
251671
251672
251781
251782
2518131
2518132
2518141
2518142
2518151
2518152
2519131
2519132
2526161
2526171
2526172
2527161
2527162
2529201
2529219
2529220
2530231
2530232
2530233
2533201
2533211
2533212
2533221
253481
253591
2541191
2000323
2000324
2000325
2000326
2000327
2000328
2000333
2000334
2000336
2000338
2000339
2000344
2000345
2000361
2000362
2000394
2000395
201171
201172
2015131
2015132
2015135
2015136
2015137
2015138
2015141
2015142
202291
202292
202761
202762
204473
204474
204475
204476
204483
204484
2205113
2205114
220591
220592
220593
220594
2216161
2216162
2216163
2216164
2216172
2216173
2216174
2216175
2217191
2217192
2217193
2217194
221891
221892
221893
221894
2220351
2220352
2220353
2220354
2220361
2220362
2220363
2220364
2222131
2222132
2223291
2223292
2223301
2223302
2226101
2226102
2226111
2226112
2227101
2227102
2228131
2228132
2229221
2229222
2230211
2230212
2230221
2230222
2232271
2232272
2232281
2232282
2232291
2232292
2232293
2233271
2233272
2233281
2233282
2233291
2233292
2500371
2500372
2500381
2500391
2500392
2500401
2500402
2505101
2505111
250581
250582
250592
2508151
2508152
2508161
2508162
2508171
2508172
2508181
2508182
2515111
2515112
2515121
2515122
2515131
2515132
2515141
2515142
2515143
2515151
2515152
251671
251672
251781
251782
2518131
2518132
2518141
2518142
2518151
2518152
2519131
2519132
2526161
2526171
2526172
2527161
2527162
2529201
2529219
2529220
2530231
2530232
2530233
2533201
2533211
2533212
2533221
253481
253591
2541191
2000323
2000324
2000325
2000326
2000327
2000328
2000333
2000334
2000336
2000338
2000339
2000344
2000345
2000361
2000362
2000394
2000395
201171
201172
2015131
2015132
2015135
2015136
2015137
2015138
2015141
2015142
202291
202292
202761
202762
204473
204474
204475
204476
204483
204484
2205113
2205114
220591
220592
220593
220594
2216161
2216162
2216163
2216164
2216172
2216173
2216174
2216175
2217191
2217192
2217193
2217194
221891
221892
221893
221894
2220351
2220352
2220353
2220354
2220361
2220362
2220363
2220364
2222131
2222132
2223291
2223292
2223301
2223302
2226101
2226102
2226111
2226112
2227101
2227102
2228131
2228132
2229221
2229222
2230211
2230212
2230221
2230222
2232271
2232272
2232281
2232282
2232291
2232292
2232293
2233271
2233272
2233281
2233282
2233291
2233292
2500371
2500372
2500381
2500391
2500392
2500401
2500402
2505101
2505111
250581
250582
250592
2508151
2508152
2508161
2508162
2508171
2508172
2508181
2508182
2515111
2515112
2515121
2515122
2515131
2515132
2515141
2515142
2515143
2515151
2515152
251671
251672
251781
251782
2518131
2518132
2518141
2518142
2518151
2518152
2519131
2519132
2526161
2526171
2526172
2527161
2527162
2529201
2529219
2529220
2530231
2530232
2530233
2533201
2533211
2533212
2533221
253481
253591
2541191
2000323
2000324
2000325
2000326
2000327
2000328
2000333
2000334
2000336
2000338
2000339
2000344
2000345
2000361
2000362
2000394
2000395
201171
201172
2015131
2015132
2015135
2015136
2015137
2015138
2015141
2015142
202291
202292
202761
202762
204473
204474
204475
204476
204483
204484
2205113
2205114
220591
220592
220593
220594
2216161
2216162
2216163
2216164
2216172
2216173
2216174
2216175
2217191
2217192
2217193
2217194
221891
221892
221893
221894
2220351
2220352
2220353
2220354
2220361
2220362
2220363
2220364
2222131
2222132
2223291
2223292
2223301
2223302
2226101
2226102
2226111
2226112
2227101
2227102
2228131
2228132
2229221
2229222
2230211
2230212
2230221
2230222
2232271
2232272
2232281
2232282
2232291
2232292
2232293
2233271
2233272
2233281
2233282
2233291
2233292
2500371
2500372
2500381
2500391
2500392
2500401
2500402
2505101
2505111
250581
250582
250592
2508151
2508152
2508161
2508162
2508171
2508172
2508181
2508182
2515111
2515112
2515121
2515122
2515131
2515132
2515141
2515142
2515143
2515151
2515152
251671
251672
251781
251782
2518131
2518132
2518141
2518142
2518151
2518152
2519131
2519132
2526161
2526171
2526172
2527161
2527162
2529201
2529219
2529220
2530231
2530232
2530233
2533201
2533211
2533212
2533221
253481
253591
2541191
